485
490
475
463
426
377
339
301
258
215
180
154
247
400
436
441
442
416
365
315
279
246
209
176
219
363
381
364
353
334
294
256
228
203
175
147
258
323
304
294
289
265
228
204
182
157
136
256
290
260
258
259
233
200
180
163
140
237
301
270
258
266
248
217
200
197
296
318
282
283
290
269
245
240
335
356
327
326
328
306
283
276
366
379
360
359
355
328
301
286
332
393
384
377
373
357
331
313
300
286
362
396
388
383
379
361
339
322
308
288
352
397
386
381
378
361
340
327
315
310
385
391
380
384
378
358
341
329
378
426
420
417
418
405
385
369
354
366
458
477
477
477
469
446
424
406
387
368
406
494
502
502
502
489
463
443
426
406
381
402
495
499
489
487
471
442
418
401
381
435
499
492
484
484
464
435
413
398
483
524
515
507
495
465
431
405
382
364
472
526
541
539
525
490
451
420
388
355
344
462
503
508
507
498
469
434
399
366
332
348
459
468
448
447
435
401
368
343
334
442
481
470
471
466
433
397
372
462
532
534
527
519
487
444
411
408
523
571
571
571
554
511
466
427
392
365
478
542
555
550
532
491
446
409
374
336
384
486
498
492
488
458
414
377
344
309
400
486
497
495
485
449
402
361
325
288
344
466
494
495
489
460
410
366
329
291
270
400
460
461
458
445
404
359
325
293
301
426
462
451
449
431
387
345
313
308
438
492
495
490
473
428
379
339
303
279
417
500
514
512
498
458
410
369
334
302
417
500
503
499
492
455
407
370
335
407
504
514
504
495
457
403
359
322
343
476
517
515
507
480
428
374
329
288
268
413
490
500
495
476
429
374
329
291
257
375
459
457
451
441
402
352
313
277
366
465
471
459
445
405
351
307
270
238
374
471
485
483
472
431
375
327
285
249
377
475
485
479
467
427
374
331
292
359
473
483
470
469
438
388
348
343
470
520
507
498
477
429
377
337
330
470
533
535
526
503
453
396
349
306
359
486
514
509
498
464
410
362
322
310
433
477
461
458
440
393
347
312
395
481
479
465
452
411
356
311
281
400
480
482
473
456
411
355
309
271
243
382
474
488
484
468
423
367
319
277
240
363
462
468
464
454
414
361
319
284
307
442
473
457
459
436
386
340
309
422
507
501
492
482
437
379
336
324
469
538
534
526
503
450
390
345
321
461
539
539
529
507
456
396
349
308
388
504
515
506
499
461
409
370
360
480
526
508
498
472
415
361
319
398
505
522
510
490
445
386
339
302
409
500
514
503
480
432
375
330
289
346
469
497
490
474
436
382
335
296
264
388
469
467
460
445
401
359
327
344
471
505
492
481
450
395
346
306
362
489
516
507
492
455
397
346
304
262
343
481
513
509
496
458
400
347
306
264
364
477
485
472
461
420
363
321
286
366
478
479
462
456
416
359
315
311
450
498
478
465
439
380
320
275
253
404
480
478
466
443
389
326
275
232
247
409
460
450
443
417
360
304
263
274
414
449
423
422
401
349
302
266
368
476
475
460
451
407
347
301
281
429
505
499
491
474
422
361
316
284
421
522
529
519
501
453
393
343
299
298
458
514
504
497
473
419
365
326
346
479
506
483
480
451
396
351
333
466
530
511
498
475
419
360
315
324
478
533
527
514
483
425
366
318
273
324
475
513
506
492
452
389
331
288
242
318
451
464
449
443
405
346
301
277
405
484
469
458
443
391
334
291
372
489
495
474
459
414
348
297
258
376
499
527
546
549
536
507
485
461
534
571
570
567
549
491
409
338
276
322
442
443
418
414
377
317
272
238
329
454
454
430
425
382
316
259
275
427
456
411
411
390
331
275
321
462
469
426
433
404
343
293
415
523
509
492
481
427
356
321
472
545
518
499
472
406
337
287
299
466
520
503
489
455
390
325
277
238
368
476
467
451
436
384
318
268
230
282
431
447
418
420
389
332
285
310
455
482
445
443
416
358
307
335
488
524
499
491
460
397
343
322
477
560
548
533
506
448
384
338
298
402
526
538
527
513
466
402
351
309
323
472
507
485
478
445
384
333
294
336
463
469
439
438
403
348
305
315
462
502
474
469
442
381
326
324
469
512
487
472
439
375
316
271
345
479
497
482
465
421
357
304
262
250
410
477
466
454
427
369
312
270
231
297
430
441
423
422
387
333
291
267
396
481
467
456
445
398
345
306
358
492
513
496
486
449
390
340
302
367
502
523
507
493
452
392
339
298
261
385
504
517
506
488
439
376
327
284
366
491
499
481
469
426
365
319
307
442
490
460
453
432
381
333
319
457
511
484
470
441
381
325
315
454
497
472
456
425
365
309
271
381
456
446
428
405
357
305
264
262
371
394
375
363
338
294
252
229
321
355
330
321
312
281
250
233
319
354
332
330
325
297
271
260
351
380
359
358
353
326
299
284
373
407
386
380
373
346
317
297
305
403
415
398
395
382
352
325
305
321
415
419
401
400
384
352
325
306
301
400
419
395
399
393
364
339
326
412
450
427
427
427
399
369
349
439
500
488
481
475
446
410
382
443
531
533
524
520
488
443
407
375
435
533
533
530
526
493
444
405
372
402
505
521
507
497
467
419
377
343
310
413
482
475
471
462
425
384
354
328
412
480
467
460
456
422
385
358
404
500
505
490
485
454
408
373
358
474
524
515
506
486
441
393
357
343
469
524
519
510
488
442
393
354
318
352
485
520
515
503
471
420
373
335
296
357
466
480
468
454
417
364
320
282
243
303
408
414
402
397
367
323
291
264
287
395
409
390
392
371
331
298
276
373
444
436
428
420
383
340
309
342
456
477
466
460
433
388
349
316
327
459
502
501
492
467
420
374
339
304
347
481
513
509
503
476
426
379
343
305
318
462
503
496
495
471
419
373
342
330
451
491
465
463
446
398
356
324
388
495
498
481
474
437
383
341
323
451
510
497
484
461
407
349
307
267
339
473
499
492
480
441
382
331
294
254
357
469
479
468
453
408
349
303
267
247
389
453
437
434
420
371
322
291
309
446
478
455
453
429
376
331
299
400
503
500
486
475
432
374
332
301
424
519
518
507
492
444
385
342
305
340
493
532
526
516
483
424
371
331
290
390
505
512
499
485
439
378
329
291
262
402
478
460
456
442
390
340
304
319
453
481
454
453
427
371
324
293
407
494
482
468
454
403
345
304
330
466
496
480
469
433
373
322
283
295
446
496
489
478
447
390
336
296
260
382
484
492
483
466
417
358
312
271
292
444
484
473
470
439
381
334
299
342
469
483
462
463
430
375
335
325
463
530
518
510
491
440
392
356
459
543
540
525
506
455
398
355
343
482
544
536
523
494
437
379
334
294
267
426
517
528
518
492
437
377
328
286
250
395
484
485
473
448
393
331
282
242
207
354
452
445
435
417
361
297
252
215
180
334
440
425
414
410
366
310
272
299
452
494
470
465
438
376
320
289
429
520
513
497
478
423
357
310
305
466
536
533
519
491
432
368
321
280
343
502
545
539
523
481
417
358
316
277
405
510
508
498
489
444
387
347
354
492
539
523
516
488
431
381
345
455
543
542
522
498
443
380
332
296
419
521
531
517
493
439
373
320
277
261
421
498
499
487
458
399
335
286
243
270
423
459
440
432
399
341
290
252
281
423
450
425
421
393
336
288
257
382
476
467
449
433
383
322
279
269
423
489
477
464
439
383
325
284
248
363
490
506
494
476
428
362
311
272
284
443
492
476
471
447
392
344
310
416
516
513
496
483
438
381
338
363
500
530
507
492
457
395
339
299
291
452
524
519
506
479
422
361
316
286
427
513
510
496
471
417
352
289
228
304
436
452
442
433
389
322
265
221
235
395
433
399
394
372
313
254
238
391
447
402
394
381
327
271
312
466
490
456
454
421
360
309
426
526
514
489
471
417
354
324
468
541
523
501
472
412
348
303
329
489
534
516
499
464
401
343
301
298
457
520
509
498
472
415
355
309
269
395
486
473
460
445
392
333
290
293
435
474
441
437
415
364
318
327
469
506
473
467
441
385
334
362
495
516
487
473
436
371
317
304
448
504
483
468
440
380
320
275
256
413
492
483
469
444
387
328
283
243
305
449
472
457
446
408
347
295
259
247
395
448
421
418
399
347
299
267
350
470
471
450
445
406
351
312
332
474
506
482
474
444
385
332
295
347
497
527
514
504
468
407
355
318
299
455
536
531
517
487
429
373
334
298
341
489
510
489
474
431
365
310
270
246
402
477
452
448
432
379
325
284
384
492
480
460
454
410
362
331
450
544
536
518
496
444
385
357
482
540
529
509
473
412
354
308
375
482
499
486
464
421
365
318
277
236
303
430
460
456
439
401
348
304
268
239
361
422
408
398
383
342
293
248
316
408
400
384
381
348
300
267
328
447
459
443
443
416
367
328
396
494
489
464
455
417
359
315
310
449
489
462
452
432
373
312
271
317
460
475
446
437
407
347
291
250
344
452
437
410
405
367
305
252
257
399
419
371
369
352
299
248
278
408
408
357
369
354
304
257
357
457
431
402
408
373
316
273
404
494
471
453
449
404
341
297
310
472
520
499
493
472
416
361
324
378
513
530
507
502
469
410
359
322
388
512
514
489
484
447
388
343
323
456
515
480
473
462
414
363
328
424
530
522
503
498
456
399
357
401
527
544
519
508
472
412
361
324
335
483
529
513
500
469
409
353
311
270
286
452
505
499
488
458
400
343
300
258
315
460
486
472
460
422
358
302
260
218
295
440
457
441
437
400
340
293
261
258
417
471
446
445
430
378
325
287
337
488
513
491
483
449
384
328
291
258
414
533
546
538
519
467
400
348
306
316
487
543
534
522
494
432
371
328
290
396
511
510
496
486
440
379
337
303
418
523
521
505
486
434
368
316
275
235
386
508
528
516
494
443
376
321
276
230
337
478
501
490
473
427
363
309
270
229
321
454
466
453
447
407
347
302
267
274
438
494
482
474
446
388
329
282
241
257
443
511
515
503
474
415
352
303
260
232
412
515
524
514
490
435
369
318
276
234
368
498
507
496
485
440
377
330
298
286
454
525
507
499
477
418
352
307
267
379
519
534
519
503
455
384
325
279
233
315
491
535
530
514
471
401
335
286
241
357
491
504
488
475
429
363
312
272
364
485
489
470
460
416
353
307
269
361
492
511
498
481
435
369
315
273
266
438
518
528
515
485
426
362
313
271
302
470
525
524
511
476
414
355
312
269
345
487
511
500
491
451
391
345
308
367
501
520
502
493
453
391
340
301
359
505
537
523
509
468
402
342
297
257
399
522
547
533
505
452
383
327
282
238
381
501
516
502
477
423
355
301
256
214
353
471
472
457
442
392
330
286
251
364
477
474
455
443
394
331
284
253
399
503
502
487
464
409
341
291
250
339
497
533
525
506
462
395
333
287
258
424
522
524
509
480
423
358
307
265
333
485
504
483
478
440
380
333
303
442
529
511
494
474
418
352
301
295
467
539
527
509
477
413
345
295
255
403
515
523
505
478
421
352
299
250
352
481
490
470
453
405
339
288
252
382
470
452
438
423
370
313
269
329
471
489
466
452
408
341
288
247
373
494
505
488
466
417
350
296
254
291
464
514
505
489
452
389
332
290
267
427
507
495
486
464
411
358
317
347
495
524
499
485
448
385
329
286
306
479
533
521
505
471
407
343
294
248
344
499
530
518
496
449
380
319
272
233
385
490
486
471
452
398
335
289
255
386
485
472
455
440
387
326
281
273
435
502
486
472
442
381
318
272
239
396
506
516
503
477
423
359
309
267
304
473
520
511
495
457
394
335
290
255
400
501
494
483
466
415
358
318
336
486
522
496
489
458
399
350
334
481
547
534
518
489
431
372
326
421
534
546
524
498
447
381
326
283
270
431
504
509
491
460
405
348
300
257
264
419
470
463
449
419
364
312
274
236
350
444
437
423
410
365
313
273
288
431
469
452
441
411
357
306
267
313
460
496
484
468
433
374
320
281
251
397
490
498
484
460
410
350
304
264
309
436
456
441
427
394
340
293
261
237
356
419
402
394
385
351
313
283
296
413
435
413
409
390
346
308
279
356
453
458
447
437
405
357
317
287
317
443
473
470
461
436
388
341
307
285
412
471
466
456
440
395
345
306
270
361
459
457
445
439
404
356
320
311
439
483
460
459
444
397
354
329
450
527
518
506
492
447
396
357
457
553
560
542
521
474
413
366
342
482
558
561
543
514
459
397
349
307
366
502
527
518
500
459
399
346
302
274
419
487
475
462
434
376
317
273
233
349
444
430
420
410
361
307
268
335
456
458
434
428
389
333
288
345
478
496
477
463
422
361
313
312
456
507
500
483
453
396
341
300
260
324
469
504
502
490
455
399
350
311
270
362
481
492
481
468
428
371
323
284
250
390
478
466
456
442
395
338
298
265
386
476
456
443
437
392
340
303
405
505
494
471
459
412
354
313
431
523
516
495
473
423
365
315
399
511
526
504
477
429
365
314
272
368
475
488
475
454
410
353
308
268
297
432
462
452
441
410
359
314
278
259
397
458
446
441
423
376
330
296
283
414
464
440
440
425
380
341
328
456
509
489
481
463
415
368
364
495
540
526
512
484
429
378
356
486
546
536
516
487
432
376
332
294
410
502
509
493
469
421
365
322
281
315
447
475
462
447
411
356
307
269
235
362
440
429
418
401
354
303
265
231
312
422
417
401
399
362
315
280
333
454
462
439
433
397
343
302
329
469
501
485
473
441
384
336
300
423
517
521
504
481
432
372
326
289
311
469
518
515
500
467
410
355
313
272
318
471
503
489
476
439
378
326
288
251
333
464
467
448
444
405
348
308
276
401
491
471
457
444
395
339
299
344
485
506
485
472
433
369
317
278
398
505
509
491
468
418
357
310
269
298
459
504
499
481
444
385
330
289
257
398
481
473
459
435
382
326
284
247
352
461
454
442
435
393
344
307
379
497
499
479
471
431
377
336
394
524
545
527
510
468
408
361
331
465
551
562
543
510
453
393
344
300
334
467
499
490
471
435
381
335
299
276
385
431
420
412
393
352
314
284
315
412
426
412
400
371
327
290
263
274
395
433
432
424
402
360
321
289
257
289
408
439
437
428
403
360
318
284
248
300
412
426
417
411
384
339
302
273
298
416
433
411
412
391
349
313
329
450
476
458
458
438
392
355
367
495
534
525
515
488
438
390
360
477
551
558
540
513
463
406
362
322
395
514
537
528
511
470
411
362
322
279
359
481
496
484
472
432
378
333
300
278
413
474
453
446
432
384
334
299
345
469
485
464
453
416
356
308
269
342
474
492
475
460
420
358
308
271
263
425
491
483
467
439
381
323
278
236
297
447
467
446
438
403
343
294
257
371
467
445
421
415
373
318
277
315
470
510
484
477
454
401
350
346
486
529
495
480
452
390
331
293
290
454
513
490
