0 771
25 625
211 652
253 543
297 435
402 477
478 529
459 462
429 394
533 550
514 515
460 436
501 493
540 550
501 495
457 425
544 567
522 527
469 442
535 559
528 555
471 470
468 465
544 573
507 511
457 437
546 583
523 557
464 472
509 537
531 548
492 469
479 448
550 564
511 516
459 451
549 595
522 559
464 483
498 531
535 570
492 493
448 423
545 570
525 532
469 450
551 565
541 541
482 462
518 532
545 576
497 514
450 444
548 590
514 537
464 454
545 562
538 546
483 471
538 563
538 560
479 474
503 514
547 574
506 503
474 447
563 576
519 518
465 447
551 582
526 546
474 470
551 580
527 535
471 455
552 577
515 533
465 461
560 600
531 554
478 474
551 573
545 554
484 465
444 410
542 561
507 511
456 438
526 545
506 513
466 447
553 568
535 533
484 464
548 600
538 578
488 486
475 452
541 550
491 478
436 397
522 536
515 523
463 443
533 543
517 531
465 444
544 561
531 537
474 454
534 549
533 543
474 456
514 520
533 542
491 477
534 542
541 551
490 482
519 534
544 568
495 496
485 480
543 564
514 511
499 486
545 560
510 508
521 530
551 569
503 502
484 481
551 573
509 513
461 445
544 571
527 544
479 472
532 547
537 548
491 478
458 423
548 558
516 518
465 447
511 523
528 549
484 486
453 433
546 562
519 516
467 437
536 543
543 551
489 474
441 408
543 565
519 532
471 457
546 565
534 546
487 472
518 522
551 568
505 501
462 439
552 572
519 518
468 446
549 569
533 547
483 474
548 572
538 558
490 483
506 504
543 555
499 489
452 428
545 569
518 530
467 457
549 573
534 543
481 460
530 533
549 560
500 493
453 428
542 565
508 514
464 447
546 564
530 535
474 452
541 555
541 554
483 471
478 470
533 547
492 484
445 412
543 556
516 517
466 444
553 569
523 531
471 457
564 591
551 567
488 471
541 555
538 549
488 476
494 490
540 557
506 504
539 553
551 567
500 493
494 487
558 579
514 518
463 447
551 574
518 524
472 455
555 572
529 531
477 465
529 542
544 562
494 496
454 432
547 568
518 513
463 437
536 549
534 545
480 466
516 524
533 548
492 481
458 431
550 562
514 514
464 445
557 578
534 547
474 462
527 539
525 530
489 474
560 579
539 550
491 482
565 589
536 552
483 474
557 577
530 532
479 459
547 559
516 519
470 456
544 561
528 540
476 466
497 494
535 542
490 481
453 432
537 556
518 526
469 452
516 527
518 519
470 449
473 451
518 517
473 456
423 383
514 521
480 477
473 466
518 522
491 478
554 572
541 552
491 480
570 596
538 554
478 470
557 578
530 533
476 453
555 567
526 528
476 461
555 573
519 526
474 463
560 579
532 534
480 458
530 539
537 548
487 479
452 432
540 556
511 512
467 446
554 568
530 535
474 459
472 458
543 559
500 500
453 430
538 552
533 537
476 455
437 401
543 561
516 520
458 439
555 579
545 559
487 471
500 492
546 559
500 500
456 435
555 579
522 536
474 463
567 590
539 542
484 465
563 581
543 555
485 474
515 524
543 563
503 504
500 497
555 567
512 504
470 449
560 579
529 534
477 467
531 543
545 556
501 491
501 495
546 559
505 505
462 448
547 570
523 534
471 457
507 504
539 544
490 491
461 442
545 559
524 527
472 460
539 557
523 527
459 434
482 471
527 532
487 477
529 539
528 536
477 466
539 554
541 550
489 475
510 512
540 553
496 492
465 449
534 550
504 503
463 440
549 560
517 516
467 449
555 575
536 548
481 471
509 513
542 557
497 492
456 430
548 563
523 529
472 459
538 553
539 553
492 485
462 439
547 558
508 505
459 440
547 568
535 548
478 468
533 545
541 552
495 483
456 428
553 568
520 526
468 453
533 546
535 549
493 486
518 519
544 552
503 492
507 508
552 570
510 512
478 469
546 562
510 509
467 446
551 562
529 532
480 468
548 567
535 547
483 476
488 486
543 557
501 492
455 428
541 552
530 538
481 470
529 540
537 548
489 479
457 437
547 561
509 509
458 440
544 562
533 543
478 470
521 532
540 549
492 479
469 448
548 561
510 510
460 441
547 565
519 526
471 457
547 563
534 540
480 463
520 527
544 557
497 490
455 437
546 563
513 513
469 447
552 567
531 538
478 464
558 578
539 550
481 470
524 531
542 552
488 472
446 418
541 555
512 513
465 447
542 557
508 508
461 438
555 568
522 522
468 449
550 567
527 535
471 458
539 554
537 546
486 471
536 543
541 551
492 485
491 488
542 556
494 493
451 433
548 563
521 523
468 448
547 565
530 543
475 465
490 489
540 554
499 495
454 425
550 560
528 531
475 459
523 531
532 542
482 474
495 492
547 562
507 499
461 434
557 574
526 531
468 452
542 558
536 548
487 476
491 479
544 550
505 498
470 453
560 582
527 535
465 453
548 568
524 530
477 458
552 564
521 521
468 451
555 569
518 527
470 458
550 568
534 536
471 452
509 522
519 535
480 474
513 512
530 535
484 470
504 496
537 537
488 474
456 437
533 553
504 497
454 434
528 540
497 492
490 483
529 534
487 476
464 446
538 549
501 496
449 425
542 557
518 517
468 444
549 562
523 528
470 455
556 578
535 549
478 470
542 558
542 551
488 472
498 492
547 564
508 516
497 498
546 562
511 509
469 446
555 565
518 513
466 444
544 558
526 534
471 459
532 545
529 537
485 472
514 513
534 541
485 481
459 447
543 561
508 510
471 458
546 561
508 499
459 431
540 548
517 518
444 421
518 529
507 512
457 438
508 508
520 519
473 451
502 499
538 547
491 479
465 450
544 568
514 521
462 445
557 576
534 538
485 470
561 577
533 541
474 458
553 568
534 541
481 460
502 499
545 555
506 504
480 474
541 562
503 508
465 448
557 573
526 525
476 459
555 573
532 543
471 459
518 530
520 530
476 462
546 560
522 525
469 453
552 569
522 525
462 444
542 556
521 519
462 431
541 551
523 527
466 451
549 572
518 526
455 436
552 572
528 532
463 434
548 562
527 534
470 453
554 577
526 538
466 454
559 580
536 541
475 451
556 573
533 541
469 453
528 543
531 545
480 471
540 555
542 550
485 472
517 528
547 566
498 495
483 479
545 561
511 508
482 466
549 559
509 507
469 450
551 571
514 519
464 450
549 566
536 545
484 466
469 448
542 555
506 505
461 442
551 572
527 539
480 465
492 478
542 547
497 487
453 426
548 566
517 525
464 447
555 575
532 537
475 452
553 568
539 550
486 475
505 506
532 544
485 475
449 419
547 556
513 506
463 439
551 569
515 519
462 444
551 572
521 526
470 448
556 568
526 527
474 457
555 577
533 546
476 468
555 581
536 550
481 470
541 553
539 547
483 485
497 498
539 550
497 493
480 471
546 557
501 489
455 428
545 559
508 506
458 439
548 569
520 524
474 456
547 555
508 501
460 437
552 571
515 518
458 440
542 560
520 525
477 457
553 562
515 512
459 435
549 563
524 530
457 440
524 534
528 534
478 459
515 517
538 549
487 475
498 492
538 549
490 481
467 453
534 543
498 484
502 497
531 540
492 485
532 543
540 553
487 478
529 541
532 537
476 460
512 517
534 548
488 482
543 566
532 548
478 467
541 558
536 544
482 469
524 534
533 545
485 478
503 507
532 543
489 478
487 473
541 546
495 487
450 428
544 560
506 509
452 433
543 562
524 527
470 447
552 568
523 528
467 450
555 573
527 535
470 453
548 564
528 533
475 455
545 563
524 537
477 465
551 573
509 512
517 521
538 543
493 477
482 468
533 543
493 484
447 419
502 500
486 475
453 420
444 400
480 455
462 431
440 402
485 474
472 458
449 423
490 480
483 460
462 424
491 473
488 471
472 448
473 453
492 486
482 467
472 443
511 504
504 492
487 468
518 521
509 525
498 500
497 487
524 529
514 507
488 475
523 528
515 518
495 485
522 531
514 517
494 482
506 500
521 521
506 497
486 468
529 543
520 530
494 491
526 556
529 550
508 498
526 525
535 548
521 529
504 501
541 565
521 546
501 504
544 564
534 538
499 489
544 565
526 547
500 501
540 559
530 548
502 498
543 559
529 531
491 475
533 547
520 528
489 483
538 561
524 537
494 478
525 525
522 522
494 483
515 520
522 533
492 488
482 474
530 543
511 509
482 460
523 530
516 519
489 476
525 536
516 522
493 481
536 544
534 539
494 476
514 517
523 545
501 507
523 537
515 534
493 493
516 528
547 555
498 490
509 509
544 557
521 514
549 562
536 546
499 485
540 550
526 541
487 484
529 544
524 530
487 477
530 550
528 531
487 468
535 544
517 517
476 457
525 538
521 529
477 466
481 472
527 534
500 484
469 436
538 546
513 512
468 446
532 550
515 525
478 462
542 558
531 536
479 472
548 581
541 559
496 492
552 575
535 545
491 471
549 558
529 532
495 484
558 579
533 548
491 482
551 577
536 551
489 477
546 558
529 532
489 479
548 569
525 535
478 475
538 561
535 543
495 464
533 533
525 533
486 472
519 531
520 530
476 468
533 546
529 534
485 463
537 543
526 530
480 464
536 553
530 545
487 478
548 567
524 525
480 460
546 566
526 537
479 469
538 560
511 520
518 525
539 549
495 481
539 551
528 535
487 476
543 560
505 507
459 438
545 560
517 516
514 515
540 555
499 494
505 507
538 553
491 487
475 459
529 534
491 476
486 471
530 541
492 484
495 494
524 538
482 470
497 490
522 523
474 452
497 491
521 541
480 476
532 551
528 541
485 467
550 570
527 532
470 452
560 577
532 537
508 507
535 551
498 497
557 582
532 538
480 462
542 556
515 517
545 562
529 540
485 479
541 557
515 513
495 482
518 517
485 473
500 498
514 519
483 476
536 553
523 529
500 492
537 541
500 492
497 494
525 532
486 480
499 498
509 507
476 456
498 491
502 497
466 448
505 505
503 501
465 449
500 496
483 465
452 413
494 474
473 448
481 468
501 501
476 463
504 506
517 520
492 474
523 525
521 520
488 473
542 561
529 540
483 473
553 579
535 546
486 467
547 559
511 508
475 457
536 554
509 514
551 579
537 554
485 470
560 582
530 538
465 444
539 557
507 507
519 532
530 546
494 487
562 585
526 533
479 464
542 561
510 512
519 531
