355
337
321
304
287
306
388
402
400
393
384
366
347
330
314
294
276
299
374
381
376
372
363
344
327
315
304
317
378
376
363
363
358
340
325
318
375
398
388
379
374
361
343
330
347
409
415
408
398
388
372
354
341
329
375
423
424
419
415
406
390
375
362
349
337
387
431
424
419
417
408
392
381
371
405
447
443
437
437
427
410
395
385
440
471
470
465
462
449
430
414
398
405
473
489
491
486
479
462
443
427
410
391
374
419
476
480
477
470
458
438
419
401
384
365
409
450
443
437
435
422
401
384
368
406
445
442
436
432
420
400
382
368
414
450
449
443
435
418
396
375
357
339
361
433
449
454
450
441
421
398
378
359
338
373
434
439
435
433
423
402
381
363
386
441
446
441
437
425
403
381
363
398
450
458
459
456
445
423
399
378
373
447
475
483
479
473
455
431
407
384
359
368
447
468
472
469
459
438
415
395
381
441
465
458
451
444
421
394
373
379
441
450
441
434
423
400
378
361
355
423
448
447
438
426
404
381
362
344
326
369
426
432
430
424
411
391
371
355
340
348
416
423
415
412
404
385
367
351
359
421
427
418
414
405
385
365
350
396
440
443
439
435
422
400
381
367
423
459
463
457
450
432
407
385
365
344
324
366
434
450
454
450
437
415
392
372
351
328
340
411
426
425
422
414
397
376
357
340
393
429
425
418
415
399
377
359
353
419
445
445
442
435
417
394
374
353
388
452
466
471
470
459
437
415
397
377
356
404
474
489
491
489
478
455
430
406
383
398
467
477
467
465
453
427
400
381
432
481
484
479
475
458
431
406
383
428
489
501
500
495
481
453
424
396
367
346
423
474
485
484
477
455
424
393
365
335
306
362
422
423
415
412
393
364
340
319
355
418
427
422
419
405
377
349
327
351
430
455
458
455
443
418
388
362
337
341
428
462
469
468
460
437
409
384
361
405
464
470
463
460
442
414
388
370
431
474
477
471
463
439
408
379
355
346
424
459
466
461
451
429
402
377
354
329
304
353
429
445
447
445
433
411
388
369
350
394
445
444
436
433
417
391
369
353
413
460
462
457
454
436
410
386
366
394
467
485
484
478
464
439
411
386
360
335
384
441
448
443
436
421
399
375
355
345
405
422
412
404
394
372
349
331
314
350
405
410
406
401
390
368
348
330
310
291
345
408
423
427
423
411
390
369
352
332
313
311
395
433
443
445
440
424
401
379
359
337
330
401
429
424
423
420
402
380
362
365
434
456
454
455
451
433
409
391
437
502
519
521
517
503
476
447
421
394
439
513
534
538
532
515
485
455
427
399
404
481
504
501
496
483
455
425
400
384
454
493
496
490
481
457
425
398
371
409
478
494
493
484
464
432
398
368
336
305
313
412
455
468
466
456
429
396
367
338
308
290
377
431
439
439
435
413
380
354
332
342
418
435
426
422
409
380
350
327
353
431
449
445
439
421
388
356
330
304
333
417
441
443
436
422
396
367
342
318
293
354
424
437
435
431
416
391
366
347
333
403
443
438
433
429
409
382
362
366
444
469
469
468
461
439
412
390
411
488
510
511
510
496
465
432
406
378
389
481
513
517
509
490
457
423
395
369
340
391
450
454
447
441
421
391
367
346
376
429
426
