367
348
332
409
439
443
439
431
408
384
363
342
317
353
415
419
417
412
395
372
356
341
324
305
376
410
409
408
404
382
361
348
335
315
364
420
418
415
412
394
370
355
341
325
341
423
433
430
428
417
395
378
367
351
379
441
440
434
433
418
393
376
362
344
411
444
441
437
434
414
394
380
365
367
442
454
451
451
442
420
404
393
376
405
465
467
464
464
449
427
412
398
378
429
477
479
476
472
455
433
416
398
378
390
465
478
478
475
462
439
419
402
381
357
420
467
471
469
466
446
424
407
389
366
393
460
467
465
464
448
425
407
389
368
349
429
468
475
474
467
445
421
401
381
359
371
452
468
469
466
453
428
407
389
368
374
447
461
459
457
444
418
396
377
357
334
404
455
464
463
457
437
413
393
371
348
326
404
452
460
459
454
434
411
392
372
347
368
444
459
460
458
442
416
394
375
352
328
357
440
459
462
460
446
420
398
378
355
331
327
421
452
455
454
444
418
394
375
353
328
352
438
457
459
457
442
414
390
369
346
319
362
443
460
462
460
443
416
395
376
352
355
439
460
460
459
445
417
393
375
353
352
440
471
476
474
463
437
413
392
369
343
409
467
480
479
473
453
428
408
390
368
433
467
470
466
458
434
409
391
370
375
453
477
481
476
462
436
413
392
369
342
398
461
479
480
474
454
428
409
392
369
378
450
469
469
465
446
416
392
373
350
333
420
461
469
464
453
428
400
378
356
329
348
433
451
450
448
432
398
372
350
326
305
401
449
459
455
445
413
378
352
326
297
285
397
445
452
450
441
410
380
357
334
309
405
451
449
444
436
403
368
346
323
318
426
463
464
461
448
413
380
358
334
337
442
473
473
471
457
424
395
376
350
405
473
481
477
472
448
414
390
369
340
403
477
492
490
484
462
428
402
378
351
328
428
480
494
493
485
460
433
412
389
361
399
477
488
484
481
461
428
404
382
356
369
464
487
486
480
463
429
401
378
352
322
358
457
480
480
477
460
428
402
380
354
344
443
476
474
471
459
426
396
374
350
320
366
466
488
490
486
466
432
405
383
358
338
438
482
483
478
468
436
404
383
360
355
452
482
482
477
464
430
401
379
354
324
349
453
481
485
482
467
435
408
386
362
334
416
471
475
470
463
434
400
378
354
327
328
440
478
484
478
464
430
398
374
347
318
326
439
470
472
469
455
420
390
369
344
337
440
471
468
464
450
412
381
359
335
304
393
469
484
480
472
444
407
380
355
327
300
406
467
474
470
463
432
398
374
352
320
401
464
465
458
452
420
382
357
335
305
357
458
478
476
470
447
408
378
354
327
305
421
476
483
478
468
435
401
378
354
329
431
477
480
473
461
427
392
368
342
312
340
452
483
487
480
461
424
393
369
343
312
403
468
476
470
462
432
396
372
350
319
404
467
474
468
460
430
396
372
348
321
328
442
480
487
480
464
430
399
374
348
318
348
449
473
473
468
449
414
386
364
337
325
428
462
459
454
440
403
370
349
325
295
389
464
478
473
464
434
395
368
342
311
279
348
455
478
479
471
447
406
374
348
318
286
290
423
461
456
455
441
398
360
338
313
305
432
471
464
459
444
400
359
334
308
278
405
478
484
478
469
432
389
362
337
314
430
480
474
468
458
418
379
356
349
452
486
480
472
457
417
381
358
334
319
438
488
497
489
476
443
410
385
360
342
438
477
479
471
458
427
398
376
366
444
469
466
456
441
409
379
357
333
306
339
435
462
465
457
441
410
384
362
338
310
362
436
450
446
441
423
392
370
351
323
387
437
437
428
422
396
363
342
322
295
333
428
448
448
443
426
392
364
342
317
288
345
436
452
449
445
426
392
367
348
321
360
439
443
431
430
407
367
341
323
298
395
459
466
459
453
426
388
359
333
303
396
459
463
456
449
420
