32 1
178 167
351 333
233 146
295 237
549 592
407 360
211 64
627 702
580 629
333 260
645 741
549 591
292 201
654 735
629 685
388 327
534 556
656 733
481 471
549 596
611 682
425 397
251 126
672 749
566 605
338 272
581 642
612 692
421 406
568 625
592 644
380 333
470 460
627 704
452 438
257 145
638 735
577 636
360 301
604 659
595 641
376 321
207 61
654 743
602 666
375 324
245 124
623 680
500 487
280 156
655 745
634 698
387 326
205 61
675 755
587 625
357 269
660 733
614 655
374 301
293 185
680 752
548 572
343 262
669 747
603 637
361 278
570 608
661 732
456 424
248 126
667 756
634 689
407 341
588 617
606 642
395 325
278 161
680 752
542 560
324 235
651 720
623 668
391 320
640 714
649 712
415 365
215 72
675 757
626 678
398 324
660 727
609 643
369 290
550 569
655 731
457 439
234 103
667 750
628 676
407 348
676 762
607 654
369 296
677 758
597 647
352 272
666 737
613 655
368 298
663 749
591 640
349 285
639 724
543 573
305 205
660 733
552 565
297 195
550 575
628 686
422 386
426 396
611 662
437 389
230 84
668 748
569 603
328 245
639 727
586 637
353 286
681 761
613 660
358 282
595 653
636 704
411 369
296 215
618 694
501 504
505 505
625 684
443 417
479 475
649 729
452 444
243 131
656 753
572 604
326 234
617 675
597 652
388 336
631 702
576 631
343 277
517 535
631 686
453 425
298 198
627 692
504 509
332 263
640 721
493 494
277 163
585 628
634 694
411 377
228 97
572 626
614 686
401 357
227 82
694 752
590 626
327 234
311 218
687 759
545 578
338 268
690 764
616 676
365 294
534 555
685 760
509 526
315 231
676 761
621 697
396 350
604 654
647 710
438 409
257 137
694 759
572 626
341 286
532 570
631 699
445 413
272 154
661 755
547 570
313 219
546 584
653 729
463 443
287 167
666 745
629 683
384 342
482 473
640 716
440 433
248 128
674 755
578 606
343 259
662 754
563 595
319 226
437 420
659 736
493 481
287 165
666 742
633 696
411 369
422 392
602 667
445 425
256 137
672 758
625 675
367 290
181 6
690 761
586 624
327 240
366 303
607 649
469 426
256 113
712 760
623 692
374 317
639 737
683 757
490 511
430 407
662 729
523 536
330 250
721 761
619 687
387 361
592 671
661 748
471 464
278 173
658 749
592 643
383 337
619 696
585 639
358 294
325 235
657 725
499 485
277 166
653 733
596 645
357 296
541 572
582 620
376 297
239 96
672 745
533 551
291 186
542 575
646 724
455 431
315 211
664 728
530 531
318 222
713 762
648 717
406 374
604 673
640 709
440 400
507 506
651 717
477 464
279 175
670 758
603 663
400 360
626 688
611 658
404 352
239 126
689 761
577 613
351 297
329 258
643 717
513 511
318 223
672 752
605 657
363 303
299 217
665 750
539 566
351 276
658 732
589 627
357 285
374 298
676 752
512 533
286 205
518 530
658 722
483 466
296 190
680 761
609 663
356 297
187 35
706 764
596 638
361 287
201 47
664 751
559 593
331 243
573 625
658 738
471 452
275 153
691 758
664 738
449 426
306 206
664 748
542 576
336 264
677 762
657 724
441 408
257 144
685 761
622 689
395 358
574 632
636 705
447 407
266 140
682 756
614 671
384 332
391 360
641 722
498 499
313 214
672 746
582 614
345 268
472 460
664 736
481 482
292 195
644 719
602 638
373 292
600 648
619 678
404 356
217 76
664 754
571 598
330 233
444 418
619 667
462 434
474 455
581 636
367 302
124 0
589 634
449 442
213 32
622 671
523 518
241 90
671 755
566 605
311 208
585 617
642 713
448 426
457 430
609 654
485 460
479 474
626 699
536 575
515 407
689 736
599 639
379 365
643 751
486 561
330 276
593 734
512 499
303 174
619 667
555 580
361 284
612 672
567 615
375 330
384 407
652 741
499 544
262 171
473 513
654 693
457 479
244 80
503 518
624 648
441 412
432 371
545 547
455 412
672 752
612 670
442 407
752 766
690 760
454 487
479 479
679 751
545 555
367 296
524 531
525 524
425 353
467 422
460 416
391 298
307 177
433 378
386 300
299 162
443 377
434 364
356 247
276 123
476 441
424 370
328 214
461 427
456 407
377 279
302 157
508 499
477 446
378 281
472 446
515 515
454 407
367 257
573 597
541 546
429 370
597 650
584 636
497 495
519 531
597 654
545 549
559 598
620 699
532 577
434 404
611 718
580 657
474 478
527 554
583 639
496 512