0 3
3 35
105 225
125 128
260 244
494 520
387 351
353 294
581 612
460 427
322 226
613 628
504 480
333 249
643 681
531 536
333 265
624 667
505 491
306 213
631 669
517 520
320 246
611 661
494 499
347 292
593 626
483 463
429 394
593 627
463 453
547 572
574 619
411 396
581 626
580 610
400 358
640 692
579 617
392 357
645 713
560 595
366 323
618 665
579 594
396 344
635 685
560 586
356 307
604 663
549 579
351 298
592 619
560 566
380 323
655 715
546 557
335 274
655 720
547 563
349 281
663 703
546 542
362 293
642 687
524 520
347 294
595 634
483 471
342 267
618 641
491 465
326 252
622 659
503 505
374 329
590 625
478 458
450 414
599 615
445 410
497 486
586 610
420 395
583 622
574 598
404 356
650 691
553 556
346 282
620 659
478 470
421 397
515 521
384 329
650 690
524 512
320 236
576 597
441 409
511 521
528 542
357 295
651 697
473 444
220 77
573 610
412 373
497 487
487 501
270 177
672 738
568 576
609 635
679 726
454 431
683 749
476 467
406 367
490 474
342 251
583 594
412 334
429 392
498 469
360 300
529 536
522 536
418 373
635 671
511 499
592 621
590 622
469 455
624 685
536 559
473 465
560 579
443 411
468 445
488 480
339 286
434 424
398 370
272 184
461 459
503 515
436 419
406 381
583 630
439 423
421 418
534 583
374 338
385 349
581 631
487 498
425 419
533 566
409 403
567 631
520 558
310 250
654 734
591 645
396 374
675 769
559 611
354 331
592 671
460 469
609 673
611 663
421 395
663 747
546 581
352 308
637 715
507 524
336 270
614 651
484 467
308 220
614 659
528 534
344 287
570 597
414 376
367 301
590 609
461 427
370 311
607 645
466 449
391 349
595 633
478 460
528 517
608 637
451 425
550 572
578 612
401 379
578 628
569 606
403 364
658 721
572 597
360 312
658 730
558 593
361 326
649 727
567 597
359 296
631 681
545 563
351 295
625 676
537 565
348 300
643 706
540 545
311 222
628 668
514 517
294 204
644 702
543 561
319 245
640 687
527 515
338 253
609 639
498 486
534 539
553 578
408 374
681 753
587 608
375 310
650 695
528 537
600 639
614 660
439 425
682 766
600 641
394 344
671 733
558 579
369 321
626 678
482 493
340 292
590 633
459 442
400 351
556 571
408 375
372 322
530 551
399 370
471 464
551 563
407 355
556 563
566 581
393 344
615 658
543 568
366 319
665 733
540 546
327 244
632 670
501 498
363 306
605 644
464 456
422 391
556 567
374 300
575 589
499 487
309 218
687 755
614 668
575 612
685 758
532 547
686 757
539 549
315 251
605 646
471 459
391 351
408 367
302 213
564 570
509 488
389 326
606 638
496 481
504 508
545 570
387 339
580 609
481 467
324 248
546 572
460 446
532 552
573 620
454 449
690 759
602 641
408 381
621 681
503 523
376 343
522 556
417 407
427 409
530 541
424 389
595 630
627 682
435 420
589 634
583 629
391 357
646 701
563 569
330 255
635 681
576 601
396 356
658 727
522 536
414 380
613 643
446 412
584 606
550 567
379 332
641 700
517 532
346 290
598 630
480 456
545 550
564 579
400 364
663 725
559 592
364 324
658 724
552 563
365 304
607 638
484 482
421 394
582 621
445 439
484 486
575 604
438 406
524 525
560 579
416 388
612 652
556 585
387 357
621 670
555 565
384 328
635 677
565 591
418 388
617 666
521 539
559 588
621 659
471 437
560 560
459 416
350 265
448 413
377 314
350 267
440 385
374 283
297 168
227 75
376 294
356 263
307 201
400 342
373 300
337 242
432 368
386 307
319 216
440 391
424 373
358 293
492 480
472 449
421 367
551 547
520 507
429 386
519 509
492 480
406 363
476 460
461 434
392 320
512 504
472 450
397 338
550 571
489 496
394 348
518 531
523 537
439 400
384 313
544 577
498 500
404 357
545 587
501 517
399 345
535 550
484 476
414 366
571 618
511 525
530 566
593 666
508 530
534 557
584 631
491 495
433 413
543 578
441 427
349 283
478 476
420 378
541 547
499 487
396 325
569 602
494 483
418 374
483 478
402 342
540 556
507 501
452 414
543 576
484 474
625 708
550 598
490 500
542 577
447 417
550 588
467 459
531 567
535 574
442 441
535 587
436 421
503 511
426 379
399 332
420 375
362 270
451 419
389 322
479 469
425 369
432 367
437 376
373 269
478 442
418 347
389 306
426 370
383 292
508 490
470 423
444 375
501 482
464 410
550 562
500 487
435 370
510 490
471 412
537 531
507 473
454 388
498 467
450 400
516 518
471 433
489 453
469 414
424 334
498 475
460 405
527 532
477 449
520 526
525 527
501 474
563 591
515 504
601 661
548 567
535 560
541 579
485 473
537 560
502 500
429 370
421 356
466 433
419 351
455 421
459 427
438 374
519 508
493 465
452 389
563 593
549 568
487 466
558 603
511 508
445 376
513 503
463 408
411 320
482 443
446 384
499 496
468 433
431 350
515 498
473 421
535 539
542 554
493 456
564 611
542 573
496 471
574 616
547 563
515 505
579 637
551 577
605 692
587 664
520 540
611 698
563 600
471 442
533 560
483 471
523 538
472 464
411 352
500 505
458 419
494 473
493 475
442 390
509 499
495 480
446 396
531 546
536 544
494 456
569 601
543 555
480 440
555 577
512 518
447 404
538 564
504 496
511 507
542 565
494 481
553 589
509 513
433 384
498 501
475 445
461 408
500 485
457 404
527 531
515 508
459 415
534 559
510 505
457 394
524 518
493 457
471 420
522 516
479 442
565 618
546 576
499 474
577 615
535 541
591 658
584 639
522 526
605 702
556 614
621 731
593 670
514 529
594 680
550 613
502 528
538 602
473 495
511 559
489 510
429 389
500 522
459 451
523 570
510 542
450 453
525 589
477 494
526 575
486 499
413 368
479 488
432 396
488 498
446 431
377 292
482 473
436 379
471 443
477 453
437 382
528 554
485 489
434 388
527 545
480 463
469 430
538 561
503 503
602 686
567 631
493 504
590 684
543 595
457 434
568 636
517 549
565 639
552 610
451 446
541 604
523 562
446 413
537 570
504 511
425 379
543 584
516 538
433 403
559 623
525 547
509 511
566 619
496 499
513 531
566 625
495 511
638 749
639 732
519 539
681 767
625 739
508 563
703 776
520 657
479 628
450 569
370 395
608 752
582 687
455 460
594 689
517 550
443 439
503 535
441 416
487 483
496 487
403 323
502 500
482 459
401 327
522 543
483 466
450 403
512 515
466 440
467 464
409 374
310 199
465 482
428 390
340 223
488 477
448 406
462 447
552 621
389 340
482 512
449 462
408 392
626 763
632 763
628 771
462 515
306 234
641 742
581 713
554 697
589 776
490 621
519 654
481 573
222 182
436 552
379 446
366 407
317 288
225 109
489 500
471 466
414 380
570 630
476 467
478 480
528 555
465 446
654 746
602 652
523 527
647 746
564 598
552 593
602 679
491 493
633 723
589 634
435 386
624 699
562 592
424 370
579 634
518 530
368 277
641 718
641 714
523 537
675 777
554 617
347 294
531 585
519 546
313 231
470 470
467 475
349 288
436 428
355 305
398 380
425 420
366 324
532 572
528 536
401 334
564 600
523 524
460 430
592 653
503 504
629 709
546 562
430 377
680 739
610 669
573 636
599 700
457 476
540 596
528 560
359 280
497 497
558 604
292 174
431 399
368 307
263 144
480 473
451 414
394 334
546 580
497 498
386 330
593 666
491 509
309 226
494 512
431 404
385 326
527 557
510 512
553 595
586 652
437 417
496 503
592 648
440 398
592 643
563 595
444 422
602 680
490 497
519 538
588 632
410 357
490 475
620 682
574 615
615 686
575 613
355 275
545 569
549 560
456 411
699 771
679 761
494 472
675 767
596 646
427 379
656 718
558 569
390 314
591 632
475 453
336 251
486 496
424 399
596 664
627 698
435 407
691 763
606 674
440 424
580 638
428 405
529 556
570 603
424 381
595 633
636 695
497 486
587 620
593 637
427 391
565 589
601 621
440 395
576 595
596 626
453 420
489 482
566 605
404 365
539 555
648 708
488 486
602 658
589 621
376 322
577 618
486 484
314 223
555 566
548 564
406 368
582 622
479 461
312 225
584 637
503 507
330 234
588 620
501 489
480 463
598 636
452 428
503 508
597 642
452 420
530 525
582 606
457 426
593 628
630 678
470 465
588 635
603 649
448 424
595 625
575 601
408 376
604 653
575 609
400 369
633 696
544 562
367 303
629 675
524 529
380 331
598 635
471 468
532 553
575 607
422 386
638 684
564 577
381 334
629 676
517 522
334 272
581 618
495 488
493 471
575 583
438 400
585 611
581 601
401 363
593 635
552 566
371 311
605 629
527 522
376 320
600 626
484 468
420 392
585 615
458 430
527 511
562 563
412 361
613 651
593 619
425 400
635 693
531 543
373 318
620 652
502 492
363 313
577 607
458 444
476 474
561 587
426 