222 194
8 50
405 369
328 316
47 132
491 449
345 358
213 288
513 474
337 384
634 594
541 507
299 364
705 647
531 531
614 601
690 626
467 484
755 687
653 592
343 403
738 671
624 572
325 380
679 617
509 493
153 254
565 529
497 475
254 325
651 592
652 578
373 383
541 518
611 560
406 437
704 619
592 543
297 367
708 643
708 629
588 542
753 685
662 620
352 392
668 608
563 539
407 451
665 618
464 487
618 590
574 548
341 382
561 517
511 483
274 312
344 396
519 492
365 384
169 284
556 555
527 525
308 370
272 361
637 622
523 530
293 372
520 542
607 602
431 452
231 338
670 627
571 547
336 419
624 609
659 610
426 442
224 329
620 558
484 462
234 292
619 556
601 538
351 381
468 474
722 689
669 600
538 490
758 694
684 600
443 455
760 665
682 620
480 488
520 533
731 651
550 522
338 386
682 624
654 613
384 438
413 461
527 517
370 414
266 325
571 524
443 428
178 264
564 518
446 456
172 270
597 575
581 563
324 378
677 624
583 583
316 401
696 646
629 606
358 433
516 551
690 631
467 476
389 450
719 666
531 534
222 337
643 593
516 516
204 313
584 538
504 471
206 289
639 576
593 543
300 354
653 631
631 587
333 371
645 612
658 613
441 478
738 661
685 630
387 434
648 617
607 588
361 409
640 600
585 582
412 455
721 656
587 543
265 353
641 576
497 443
346 357
644 558
500 486
632 566
529 529
273 363
634 596
497 505
419 470
592 574
382 426
654 622
554 562
361 418
616 598
439 485
557 552
463 490
255 365
507 543
306 384
483 512
404 456
314 407
564 521
375 410
565 540
389 421
307 387
408 463
261 380
594 583
426 467
595 583
464 495
308 377
582 555
371 448
620 600
516 518
290 391
540 539
334 395
632 612
390 466
345 425
529 519
373 426
686 638
475 450
537 477
519 472
328 361
667 569
528 496
608 591
548 522
395 440
692 630
473 484
720 639
607 575
533 543
660 611
546 527
745 720
742 659
757 736
740 695
752 649
757 667
674 508
697 587
535 448
696 555
625 503
501 431
484 425
346 347
595 518
496 488
692 629
562 536
357 409
393 414
83 207
379 427
248 353
186 328
450 480
237 344
629 623
370 437
473 521
336 419
210 350
538 533
266 367
627 600
384 418
660 586
406 411
590 539
598 521
512 495
617 569
497 507
697 620
436 444
687 622
448 467
672 608
617 571
635 613
561 546
376 429
645 616
411 453
677 626
511 522
242 346
620 592
319 384
436 490
399 438
193 281
566 512
340 361
660 584
480 454
351 395
531 518
272 347
622 589
446 473
247 339
616 571
389 421
760 696
641 596
530 535
734 677
508 510
700 640
688 602
295 366
629 631
575 559
292 360
647 603
435 471
621 578
601 512
277 309
614 559
529 494
259 303
646 580
465 474
338 410
707 636
524 499
571 556
655 626
429 463
663 621
593 559
321 408
695 647
490 494
236 337
557 544
375 423
650 620
470 502
309 391
665 593
449 455
591 558
474 463
201 280
478 474
348 388
144 260
547 538
485 477
273 338
658 617
587 564
352 409
734 650
580 578
377 441
689 627
510 501
540 557
652 599
480 505
750 710
654 601
379 419
703 657
557 530
294 323
574 518
434 437
488 485
536 478
300 339
644 587
539 523
299 348
684 616
508 508
248 338
632 620
575 575
360 428
743 691
597 572
362 425
676 629
460 489
526 559
580 556
319 399
640 629
493 507
305 383
558 524
293 348
561 542
483 471
224 320
545 517
329 381
588 585
524 513
228 333
687 631
513 526
444 501
655 609
391 445
462 519
652 608
409 445
674 632
576 562
252 357
719 663
563 536
195 310
661 579
462 443
486 474
529 458
273 317
654 578
536 490
213 279
662 600
517 500
185 292
594 521
358 386
311 407
344 388
174 281
717 653
557 543
90 224
673 620
658 621
269 363
471 506
579 587
355 442
192 329
535 548
424 466
269 351
478 490
382 437
207 330
429 467
367 463
269 393
452 483
373 421
153 331
381 471
314 399
148 328
413 499
344 431
131 310
421 496
342 418
192 361
510 547
410 466
375 444
477 503
410 473
434 440
522 485
418 448
343 402
523 493
460 482
359 463
589 569
548 527
411 485
582 565
585 560
432 481
458 517
546 531
528 515
398 452
619 550
552 512
414 455
552 573
639 575
571 529
561 531
647 561
554 495
627 534
644 541
565 485
660 557
660 581
581 526
723 619
709 613
570 516
655 579
723 612
601 551
564 542
710 628
601 560
478 506
658 589
546 504
354 426
631 613
632 578
425 449
652 577
566 534
401 417
667 558
560 478
400 388
632 533
511 463
287 341
569 521
587 548
473 483
331 397
698 624
663 617
485 509
473 504
634 603
504 528
308 415
614 578
591 570
407 454
688 630
632 590
413 460
634 585
609 568
399 425
522 499
532 493
368 407
498 480
560 508
395 410
449 469
665 574
496 477
591 560
694 615
519 517
652 613
737 658
526 530
679 625
633 589
402 441