376
333
354
482
526
524
517
500
457
400
346
398
490
494
469
448
416
367
323
292
382
446
438
434
438
417
384
358
448
528
538
531
522
492
448
405
360
354
474
507
490
475
454
411
363
325
368
459
468
455
455
435
395
361
358
474
524
520
512
497
454
393
335
278
217
331
425
422
402
394
365
317
278
305
414
437
422
427
418
379
340
311
408
514
536
530
519
481
415
351
302
318
447
471
446
434
412
366
326
325
442
487
474
472
466
432
390
358
406
515
529
510
491
457
401
343
300
290
409
436
404
386
372
338
302
300
409
448
434
430
422
388
347
317
336
451
471
452
435
415
374
329
295
267
365
421
402
385
380
357
330
314
395
445
431
422
417
390
355
328
311
417
467
453
441
432
403
362
329
300
371
453
450
443
447
427
390
361
374
483
507
491
487
471
426
371
326
283
306
434
452
423
414
396
356
316
292
397
461
448
439
437
405
356
316
286
398
493
489
468
457
423
361
304
264
307
437
459
432
433
420
384
356
401
513
531
513
512
492
441
391
360
478
555
535
504
485
445
385
337
333
456
497
473
462
448
412
376
395
506
533
511
501
475
425
373
335
425
493
475
449
427
382
322
271
230
305
379
373
360
360
346
320
298
382
441
429
416
404
369
328
295
265
334
422
420
403
395
370
328
291
273
379
429
413
411
419
403
374
362
469
516
499
491
480
442
391
343
345
465
490
459
446
426
379
329
294
389
452
434
416
408
375
332
317
429
468
445
435
420
377
328
286
380
453
437
416
405
368
313
268
310
423
433
408
415
414
385
352
441
525
521
506
498
462
410
364
408
515
520
490
474
442
383
327
279
366
453
444
428
432
415
380
358
468
529
513
496
477
432
377
328
287
412
482
465
441
422
380
322
271
317
425
433
410
414
396
347
300
350
469
485
465
460
434
376
308
250
346
459
459
431
419
385
327
275
292
430
470
455
458
446
402
353
341
474
534
518
508
489
431
355
290
339
462
470
436
428
400
346
294
351
469
481
444
428
396
342
292
345
468
488
468
457
421
357
295
249
365
461
454
434
426
393
345
312
412
516
520
504
496
458
403
357
350
472
510
482
464
441
391
332
289
295
430
471
452
453
452
430
396
420
534
564
540
524
494
443
385
329
384
487
487
456
436
400
344
289
253
362
438
430
424
432
407
365
331
421
512
511
487
472
431
368
310
258
317
442
452
423
413
384
329
278
308
438
471
454
450
435
388
337
311
448
526
506
479
458
405
331
269
295
443
473
436
422
402
353
302
374
493
503
479
474
444
386
332
410
519
517
474
448
403
334
271
285
418
451
425
413
392
348
305
378
473
481
467
460
430
389
363
459
508
494
474
447
400
354
317
322
420
437
418
411
393
356
320
327
407
411
387
377
358
326
298
281
369
406
390
376
357
312
261
225
195
266
326
303
284
283
262
234
219
280
351
338
326
329
311
282
262
255
358
394
370
355
346
321
288
263
242
306
386
372
350
350
337
311
299
328
415
412
391
390
379
349
321
299
309
414
422
393
386
374
340
300
267
238
312
405
397
377
381
370
344
319
340
444
459
439
441
432
397
356
321
362
471
480
458
457
442
404
367
351
465
522
511
511
519
497
464
456
559
570
565
565
546
500
453
410
466
530
510
481
465
434
393
357
355
448
468
444
437
424
393
369
371
460
482
471
469
454
416
376
345
422
480
469
458
449
419
381
351
363
467
493
476
470
454
418
381
364
459
499
487
476
456
413
366
320
268
313
379
360
332
318
290
251
222
207
295
355
349
347
359
351
331
