399
406
414
420
412
383
383
392
396
404
412
418
423
404
379
383
392
397
404
413
420
426
414
384
386
395
399
407
418
426
432
426
393
392
402
404
409
417
425
432
412
387
393
401
404
412
420
424
423
388
383
392
397
403
412
419
426
406
382
389
397
401
410
420
426
431
401
389
400
405
408
416
423
428
412
386
392
400
403
410
418
424
412
381
384
394
398
407
418
425
427
393
383
392
398
403
413
420
426
416
385
386
396
401
408
418
425
431
419
391
396
406
409
415
423
428
432
404
388
398
405
408
416
424
430
417
386
388
401
407
415
424
429
432
400
384
393
401
405
413
422
429
424
391
391
402
405
411
420
428
434
417
391
399
408
410
418
426
432
428
396
394
406
408
413
421
427
427
393
388
399
402
407
416
422
425
394
382
391
397
401
409
417
422
416
383
383
392
396
403
413
420
426
423
389
387
397
402
409
419
426
431
436
406
395
406
411
413
422
429
433
429
396
393
404
406
411
419
425
430
405
385
394
401
404
412
419
425
425
391
385
395
399
404
413
420
426
424
391
387
396
400
405
414
422
428
433
407
390
399
404
407
415
423
428
432
405
391
402
406
408
416
423
428
421
390
389
399
402
407
415
422
427
400
383
391
398
401
409
417
422
424
393
383
391
397
401
410
417
422
423
391
386
394
399
404
412
419
424
417
387
388
397
401
409
418
425
431
412
394
402
409
412
418
425
430
410
394
402
408
411
417
423
425
401
384
392
399
403
412
419
423
405
383
390
398
402
409
418
424
422
391
388
397
401
407
417
424
430
416
391
396
404
408
415
424
430
436
418
397
405
412
413
420
428
433
431
400
395
406
409
413
421
426
428
399
390
402
406
409
417
423
428
403
385
392
399
401
409
417
422
419
387
383
392
395
400
409
416
422
409
385
390
397
401
408
416
423
429
405
395
405
409
412
418
424
429
407
389
397
402
405
412
418
423
401
384
392
398
401
409
416
421
408
383
387
396
400
408
417
423
426
399
387
396
401
406
415
424
430
429
398
395
405
408
412
420
427
431
409
393
402
408
410
417
423
428
408
387
394
401
404
412
420
425
418
389
387
394
399
407
416
420
425
401
389
397
401
406
415
422
428
426
397
396
406
410
416
425
431
436
419
397
404
411
412
418
425
429
414
390
395
404
405
411
418
423
414
386
387
397
400
406
415
422
425
399
383
391
397
401
410
419
424
428
400
386
395
401
405
415
425
431
437
414
395
402
409
412
419
426
431
431
401
395
406
409
412
420
427
430
405
388
397
403
405
414
422
428
419
388
389
399
401
408
416
421
425
400
385
394
400
404
413
420
426
424
393
391
402
406
412
421
428
433
416
395
403
411
412
419
426
431
419
395
399
408
409
415
422
427
413
388
393
401
404
409
417
423
412
386
389
398
402
409
417
423
421
390
386
395
399
404
414
422
427
407
387
394
401
404
412
421
428
426
398
395
405
407
412
420
426
425
396
389
398
402
402
406
411
403
377
379
389
394
400
407
416
413
386
386
398
402
410
419
425
428
403
390
398
403
406
413
422
427
430
399
383
391
399
403
412
420
426
430
404
387
396
405
410
419
429
435
440
421
395
401
411
414
419
427
433
420
391
394
400
401
407
409
413
410
381
382
391
397
403
414
423
430
415
383
385
397
402
408
415
421
426
402
380
390
399
402
410
418
424
426
394
377
389
399
404
414
425
433
434
399
393
408
415
417
425
433
437
407
392
405
413
415
421
429
428
396
390
402
407
409
415
423
412
382
384
397
400
403
410
417
413
381
381
395
400
404
412
420
416
383
382
397
401
407
414
418
418
386
383
397
402
408
416
423
426
399
386
400
406
409
418
427
432
414
391
400
410
411
414
416
417
388
385
400
404
409
417
423
404
380
388
399
400
406
415
419
388
379
390
396
400
408
416
415
382
378
392
396
400
409
416
419
392
381
393
399
403
414
424
430
418
390
395
405
407
413
421
427
420
389
390
403
405
410
418
424
411
383
388
400
403
409
418
425
411
384
388
397
399
404
411
414
415
386
372
381
389
394
403
408
406
406
380
384
398
405
412
422
430
435
412
394
404
412
414
422
430
435
428
396
397
409
413
417
425
431
430
395
390
402
407
411
419
426
431
403
385
393
401
403
410
418
423
424
390
379
392
399
403
413
423
429
430
394
385
397
401
403
411
418
424
417
385
388
399
400
407
417
425
426
395
390
405
411
416
425
433
433
400
393
406
410
412
419
426
408
384
391
400
402
408
415
420
393
377
385
394
398
405
413
416
386
375
384
391
396
404
412
417
419
386
376
385
391
395
403
411
416
421
415
382
380
389
394
401
410
417
422
428
403
386
395
402
407
416
425
431
436
423
396
401
411
412
416
424
429
433
406
391
401
409
412
418
426
431
416
389
394
403
405
409
417
423
427
401
383
392
400
404
411
419
425
429
400
382
392
400
404
411
420
426
430
403
386
396
404
408
417
426
433
438
414
393
402
410
411
418
426
431
426
394
393
405
408
412
419
425
419
387
384
395
400
406
414
421
420
388
382
392
396
401
410
418
423
397
380
388
396
401
410
419
425
419
388
387
397
402
408
417
424
430
410
390
397
405
409
415
423
428
426
396
393
404
408
412
421
427
431
404
390
399
406
409
414
420
422
411
387
391
402
406
413
421
427
432
424
392
389
399
402
407
416
421
426
406
381
388
396
399
406
416
423
422
386
380
391
395
399
409
417
422
393
383
398
405
408
416
424
429
400
393
408
412
412
418
425
408
390
401
411
411
415
421
418
389
391
404
406
408
415
422
408
385
393
404
405
411
419
426
428
397
386
394
400
402
411
419
424
429
400
387
396
402
404
410
418
424
429
416
388
392
403
405
411
420
427
431
419
395
402
414
415
417
424
430
430
399
395
410
414
414
420
428
432
415
388
396
410
410
414
423
430
435
411
383
391
403
404
409
419
427
425
388
384
399
404
407
416
425
428
394
387
401
407
409
418
428
433
401
392
406
412
412
419
425
414
388
394
406
407
411
419
423
393
383
395
401
402
409
417
401
381
389
399
399
404
413
419
418
384
380
392
395
399
408
416
421
404
378
381
388
390
397
407
414
417
387
380
390
394
398
408
416
422
397
384
393
399
401
410
418
424
416
387
390
401
403
410
420
428
433
412
392
402
410
410
416
424
427
399
393
405
409
411
419
426
416
387
391
403
404
410
418
424
413
384
386
396
399
405
416
423
416
385
386
397
400
407
417
425
417
386
387
398
402
409
420
428
430
397
388
396
400
403
413
422
429
413
387
391
400
402
410
420
428
428
395
392
406
410
415
424
431
435
412
397
409
416
417
424
431
430
399
396
410
413
416
424
430
426
392
389
402
404
408
417
424
428
398
380
388
396
399
407
416
421
411
381
381
390
393
400
410
417
418
386
381
391
396
401
412
421
423
392
388
400
404
408
417
425
414
391
397
407
409
415
422
427
405
387
396
403
405
412
420
425
403
384
390
398
401
409
418
425
417
387
387
395
399
405
415
422
426
398
387
394
400
405
414
422
427
420
392
393
402
404
411
420
426
431
412
393
401
408
410
417
426
431
430
401
399
411
413
417
424
430
419
393
397
407
408
413
420
425
408
384
389
397
399
405
413
419
413
382
381
390
393
400
409
416
420
390
378
386
391
396
405
414
420
415
386
384
392
396
402
412
418
425
413
388
391
399
402
409
419
426
431
414
394
401
408
410
417
424
429
422
395
396
406
407
411
418
423
418
389
388
398
401
406
414
420
424
395
384
391
398
401
410
417
423
409
385
386
395
399
405
415
421
425
399
386
394
400
405
413
421
427
429
401
394
403
407
411
419
425
429
414
391
395
404
406
412
419
424
422
392
387
397
400
404
412
419
423
407
384
388
396
400
408
416
422
426
400
385
393
399
403
411
419
424
426
398
387
395
400
404
413
421
427
427
398
392
402
406
409
418
424
429
419
395
398
407
408
413
421
426
423
395
389
399
401
405
413
418
421
395
382
390
395
398
405
412
417
407
382
383
391
394
401
409
415
418
393
380
386
391
396
405
413
419
423
397
385
391
395
400
409
417
422
426
401
388
395
400
404
412
420
426
430
407
392
400
405
408
415
422
426
422
394
392
402
405
408
416
422
424
397
383
391
396
399
407
414
419
406
381
384
392
395
402
411
417
422
398
381
387
392
395
404
413
419
422
395
384
390
395
399
408
416
422
422
394
389
398
402
406
415
423
428
421
395
397
406
408
413
421
426
425
396
391
402
405
409
417
423
424
397
387
396
401
403
411
417
421
398
381
388
394
398
406
415
421
408
383
385
392
396
403
412
418
418
389
384
392
395
400
409
416
421
396
385
395
399
403
412
420
426
409
391
400
407
409
415
422
425
400
393
405
409
411
418
424
406
387
394
401
403
409
415
412
384
381
390
393
398
406
413
396
375
379
386
390
398
407
412
389
375
380
387
393
402
410
417
405
382
383
389
393
400
409
417
423
404
388
393
399
402
411
419
425
430
407
393
403
407
410
418
425
431
422
396
399
408
409
414
421
427
417
390
391
400
402
408
415
421
414
386
385
394
398
404
413
419
419
388
382
390
394
400
410
418
425
404
387
393
400
404
412
421
427
429
400
393
402
405
409
418
425
430
415
394
399
406
407
414
421
425
409
388
394
401
402
408
415
420
400
380
385
392
394
403
410
417
403
380
382
388
392
400
409
415
417
390
382
387
391
396
406
413
420
421
393
387
394
397
403
413
420
426
428
401
393
401
404
409
417
424
429
429
401
395
405
407
410
419
425
429
409
389
394
400
401
408
415
420
412
385
385
393
397
405
415
422
426
402
385
389
395
398
406
415
420
419
390
385
393
397
401
411
418
424
411
389
391
398
401
408
417
422
427
403
392
401
405
407
415
421
427
408
391
397
403
405
411
417
422
406
384
388
395
397
404
411
417
409
383
383
392
396
402
410
416
419
393
383
387
392
396
405
412
418
410
387
387
393
397
405
414
421
427
410
392
397
402
406
414
421
428
429
404
399
409
411
415
422
428
431
407
394
402
405
408
415
421
425
404
386
391
397
400
408
416
421
416
388
386
394
398
404
413
420
425
402
386
391
397
401
411
420
426
427
398
392
401
404
409
418
426
432
422
397
400
408
409
415
422
427
427
400
395
405
407
410
417
423
422
395
387
396
399
403
410
416
417
391
382
390
394
399
408
415
419
395
381
385
390
395
403
409
415
399
383
388
393
396
404
411
416
412
388
386
392
395
402
411
418
424
404
388
394
400
404
412
419
425
418
395
396
404
405
411
417
422
414
391
392
400
401
407
414
420
408
386
388
394
397
405
413
419
412
388
386
394
398
404
413
420
418
392
388
394
398
404
412
419
423
399
388
395
401
406
415
423
429
417
397
401
408
410
417
424
429
410
393
399
405
407
414
420
423
398
387
394
399
403
413
421
427
408
389
395
400
403
410
417
422
399
384
392
397
401
410
418
424
401
385
392
398
401
410
418
424
408
386
391
398
401
409
418
425
418
392
393
402
404
411
420
427
423
398
398
408
410
414
421
427
419
393
395
404
405
411
418
423
407
386
392
399
400
407
414
419
400
383
389
396
399
408
416
422
416
389
387
395
398
404
412
418
423
403
383
386
391
394
401
409
415
415
387
382
388
392
397
405
411
417
400
381
386
391
394
401
409
415
415
388
386
394
396
402
411
417
423
406
389
397
403
405
412
419
424
410
391
397
403
404
411
418
422
402
384
389
396
398
405
411
416
393
378
384
390
394
401
408
414
401
380
383
390
393
401
409
415
421
407
383
384
390
393
401
410
417
423
419
392
389
395
399
406
415
422
428
431
402
394
401
404
409
418
425
431
436
413
398
406
410
412
420
428
432
435
407
400
411
413
415
422
428
432
409
392
399
405
406
413
420
425
405
383
387
394
397
404
412
418
406
382
384
391
394
401
410
417
416
387
382
389
392
398
407
414
419
397
383
387
392
396
405
412
419
410
388
390
397
400
407
415
420
423
398
391
399
402
407
415
421
426
404
392
400
405
407
414
420
424
399
387
394
397
401
409
415
418
392
382
389
393
397
406
413
418
395
381
386
391
396
405
412
418
406
385
386
392
396
403
412
417
420
395
388
394
397
402
411
417
424
416
393
395
402
405
411
419
424
429
406
395
403
407
410
417
423
429
414
395
399
405
408
415
422
426
409
389
393
399
401
407
414
419
403
383
385
391
395
403
411
417
411
386
384
390
394
401
410
417
421
397
386
390
395
399
408
414
420
412
389
390
396
399
406
414
420
425
403
393
401
405
410
419
426
431
419
398
401
407
408
414
420
424
414
390
391
399
398
404
411
416
412
387
383
389
392
396
402
407
411
387
382
388
393
399
408
416
422
406
389
393
399
403
411
419
424
423
398
394
401
404
409
417
424
430
412
396
402
407
409
417
423
428
415
396
401
407
408
414
419
424
404
387
393
398
400
407
413
417
393
381
387
392
396
404
410
415
392
379
385
390
394
402
409
416
398
382
384
390
394
402
409
416
413
389
386
392
397
402
410
416
422
404
388
393
398
402
411
419
425
430
405
398
407
410
413
421
427
432
423
400
403
410
410
415
423
427
421
396
396
405
405
410
418
425
416
391
392
399
400
405
413
418
408
384
385
393
395
402
409
416
408
384
384
391
394
402
410
416
413
387
385
391
394
400
409
415
421
398
388
396
400
405
414
420
426
419
396
400
407
408
414
421
426
423
397
396
405
406
411
418
423
417
390
389
398
400
405
413
418
407
384
386
394
396
403
411
417
402
383
386
392
396
404
412
419
407
386
388
395
398
406
414
421
419
393
392
399
402
408
416
422
425
400
395
405
406
410
417
422
424
398
391
400
402
406
414
420
417
391
389
396
398
403
411
416
407
384
385
391
394
401
409
415
406
385
386
391
395
402
410
415
410
388
388
395
399
407
415
421
422
398
394
402
404
409
416
422
423
399
393
401
403
407
415
420
420
393
389
396
399
403
411
416
416
390
386
394
398
403
411
417
420
395
386
391
396
400
408
415
421
408
389
391
396
400
407
415
420
422
396
391
398
401
406
414
421
427
414
395
400
404
405
412
420
425
415
393
396
403
403
410
417
422
409
388
391
397
399
406
414
419
405
385
387
392
395
403
410
416
405
385
385
392
395
402
409
416
411
388
386
393
396
403
410
416
421
398
391
398
401
406
413
419
425
408
394
399
403
406
412
418
422
413
391
391
397
400
410
418
423
424
397
388
392
397
402
411
419
425
419
394
393
400
403
409
417
424
429
410
395
400
405
408
415
421
426
420
394
393
