458
438
442
415
345
269
220
328
458
454
443
446
418
363
315
283
404
430
399
398
400
374
337
308
359
450
430
405
406
385
345
324
313
377
465
451
428
424
396
347
315
307
404
478
472
466
462
425
369
329
303
419
493
489
487
483
453
409
369
345
472
516
502
493
485
454
412
379
356
471
531
514
500
485
443
391
364
342
332
475
518
496
486
467
410
346
320
305
418
502
494
478
462
414
341
284
246
266
446
502
492
491
476
420
342
281
291
459
500
484
486
476
427
366
321
309
466
508
482
471
457
414
362
324
292
433
516
492
474
463
411
341
302
283
375
516
525
500
488
447
367
291
237
242
450
530
519
518
503
432
335
269
260
459
533
519
521
508
449
366
293
281
470
527
501
498
493
450
392
345
371
516
535
500
492
469
408
351
322
386
534
554
521
509
473
391
309
262
388
530
545
531
522
470
383
311
270
437
533
525
520
515
469
400
334
334
498
534
508
499
479
428
378
337
342
495
529
503
487
458
392
324
285
288
459
533
517
497
473
406
315
247
210
401
527
527
510
496
433
333
255
208
392
505
506
500
492
443
357
271
245
438
495
460
449
441
388
317
261
297
463
487
451
444
416
340
274
248
336
499
521
483
464
421
331
240
187
375
520
533
516
503
441
334
244
245
446
502
478
483
465
397
321
254
381
490
475
444
434
393
338
302
293
445
493
458
437
417
357
281
235
336
472
487
472
464
423
346
276
242
395
458
442
442
437
399
350
306
310
438
456
428
417
398
357
321
296
280
413
473
454
438
423
375
312
283
305
450
499
488
479
458
403
330
275
263
439
513
506
500
488
436
356
290
262
428
493
477
480
478
436
381
335
341
478
496
458
448
437
400
358
319
349
488
502
468
455
430
361
298
281
394
530
539
509
493
451
365
284
246
426
530
530
523
515
465
380
307
280
456
521
493
481
478
443
392
352
352
501
541
508
490
468
409
343
319
341
501
565
544
519
489
419
331
275
258
437
551
557
537
510
450
362
285
228
224
433
516
519
519
503
439
347
276
217
317
476
491
484
494
466
400
326
258
251
439
490
455
455
459
416
348
287
225
332
476
464
425
429
408
358
308
266
330
486
490
445
437
404
327
268
251
296
473
504
459
448
421
339
243
193
223
447
539
516
492
465
390
286
208
180
403
513
511
510
495
422
319
241
197
397
490
457
446
453
416
349
286
246
427
496
455
436
421
358
298
286
300
473
536
500
477
447
366
272
215
233
457
543
536
533
505
431
340
266
297
483
525
498
500
485
431
367
307
393
521
520
491
478
438
372
