384
381
370
357
345
367
399
398
389
387
378
365
354
345
349
393
402
396
391
384
372
359
349
338
351
390
394
388
383
375
363
351
340
329
318
363
384
381
374
370
359
346
335
326
313
349
380
379
372
371
363
350
339
332
375
393
387
382
381
370
357
345
369
405
407
397
397
388
372
358
346
375
416
419
411
409
398
380
363
349
333
375
416
420
412
408
397
379
362
347
331
367
407
410
402
398
387
369
353
338
321
330
389
402
395
392
386
370
352
339
331
386
406
399
394
391
377
360
343
378
412
409
398
397
385
365
347
348
403
419
411
406
400
382
363
347
347
405
422
418
412
406
388
367
351
334
355
411
423
418
414
406
386
364
346
325
365
414
419
411
409
398
376
355
338
327
394
420
414
407
403
384
359
339
344
406
419
406
402
395
371
344
323
345
407
417
405
402
391
366
338
318
305
382
418
416
408
404
384
357
334
314
314
396
424
420
416
410
387
359
336
314
354
420
429
417
414
400
369
337
313
304
393
425
414
407
403
377
343
315
351
416
421
403
403
391
359
327
329
405
425
408
404
396
368
337
315
384
427
424
414
410
390
358
334
330
406
435
430
424
417
393
364
342
328
403
436
433
425
419
396
365
340
318
389
431
426
415
411
388
354
327
314
392
421
408
399
393
366
330
300
360
412
408
389
389
370
336
304
350
409
410
391
391
374
340
309
312
399
427
416
410
402
375
340
314
294
381
436
439
429
426
405
371
342
318
393
444
444
432
427
404
366
334
306
365
430
433
414
410
390
349
312
282
326
408
418
396
395
379
342
304
294
388
418
395
387
383
351
315
289
378
424
410
397
398
372
335
304
357
432
441
425
425
410
374
342
319
333
430
462
457
451
442
413
379
354
330
356
440
461
452
446
432
400
365
339
311
346
426
442
431
424
407
371
333
305
278
344
416
423
408
406
387
349
315
289
346
417
421
402
402
384
346
313
292
383
431
421
408
408
381
340
311
303
406
448
436
428
423
393
352
323
298
362
443
456
442
438
419
380
344
319
292
377
444
450
439
433
410
370
336
310
290
390
440
437
427
421
391
349
314
287
309
411
437
423
420
408
372
334
307
326
419
441
422
420
410
374
338
310
385
442
436
418
419
394
353
320
327
421
447
429
423
413
377
339
314
308
408
448
441
432
424
393
355
329
305
334
427
454
448
442
429
396
362
340
314
391
448
452
443
437
414
379
352
327
340
426
449
439
432
419
384
347
322
295
352
428
436
420
418
397
357
324
297
337
417
426
404
403
387
348
313
286
366
422
413
397
396
369
327
296
276
376
430
424
413
410
381
338
308
285
316
421
451
441
436
423
386
345
319
292
386
450
452
440
434
407
363
327
299
325
427
449
432
427
411
367
320
287
267
381
434
420
408
403
368
321
286
291
398
425
398
394
385
345
303
271
366
425
410
396
399
370
326
292
366
437
433
415
416
392
349
315
310
420
462
452
445
436
402
361
333
331
434
473
467
460
447
413
374
347
317
386
454
460
448
440
415
375
343
314
341
424
441
427
420
400
359
321
293
316
405
424
406
403
387
349
312
289
380
423
408
396
393
363
323
293
377
433
423
408
406
379
338
304
379
443
439
421
418
392
350
318
319
419
454
444
435
422
387
346
319
293
380
446
453
441
433
408
368
338
311
350
431
447
436
429
410
373
339
314
304
401
441
434
426
415
381
340
311
287
379
434
428
415
410
380
339
307
313
407
431
408
402
390
353
313
284
370
426
415
397
395
366
323
289
336
420
428
407
406
387
346
313
290
383
442
440
428
421
395
355
325
301
352
439
458
448
442
425
388
355
331
350
438
459
446
439
423
386
350
319
371
438
439
418
410
383
338
299
292
390
419
396
388
378
339
296
277
377
413
388
378
372
336
295
282
380
414
393
388
382
346
305
296
401
436
417
410
402
366
326
298
360
444
455
439
434
413
372
337
311
354
447
468
456
448
429
390
354
327
352
438
457
443
436
418
379
343
317
318
410
437
421
413
398
360
320
292
291
389
418
400
395
385
350
312
282
333
410
413
390
392
371
332
299
303
401
426
403
402
395
362
326
320
414
443
421
417
409
375
341
316
354
440
455
440
436
419
382
350
328
301
368
447
461
451
443
422
387
358
336
317
403
448
447
438
428
402
368
344
320
323
413
442
434
426
414
381
345
321
296
311
405
429
414
410
398
364
331
309
283
370
422
410
398
395
368
331
304
299
392
418
393
388
381
346
308
284
279
388
427
411
405
398
364
324
299
277
303
416
448
439
432
419
384
347
323
297
339
436
456
445
440
423
385
349
326
298
366
447
455
442
437
416
375
338
310
280
371
439
438
424
419
391
349
319
292
338
420
425
405
403
383
344
311
294
388
426
408
400
397
366
331
305
364
432
432
416
416
395
357
333
313
351
441
461
451
446
431
396
365
343
315
396
460
467
456
447
422
384
355
329
337
427
451
441
432
416
379
341
313
281
335
415
424
410
405
382
342
312
288
312
398
412
392
392
376
338
307
283
368
415
400
389
389
361
323
296
331
418
428
405
408
391
351
320
298
345
436
451
437
434
416
376
343
322
295
387
454
460
447
439
413
374
345
321
305
404
446
442
430
419
389
352
326
302
310
404
429
416
408
394
359
323
300
273
355
417
413
398
396
371
332
303
286
381
422
403
393
390
360
321
292
319
413
427
401
401
387
346
309
283
326
425
440
422
418
401
361
324
301
286
399
450
445
435
427
396
356
329
304
386
448
449
435
429
404
367
340
319
396
449
445
432
425
397
357
328
307
398
440
429
419
412
382
347
318
376
436
431
414
411
388
355
325
368
432
431
412
410
388
352
326
319
407
437
423
416
405
373
340
319
293
338
425
444
434
428
411
376
347
326
300
381
441
446
436
428
403
368
341
318
298
396
441
435
423
412
380
340
312
287
279
390
427
412
404
394
358
318
290
281
386
418
393
383
376
338
299
270
321
406
406
377
378
358
315
279
260
375
426
410
398
394
360
317
289
265
333
436
455
441
435
415
373
336
311
294
409
461
457
445
436
405
361
332
305
379
452
453
433
426
400
354
317
288
370
437
430
410
407
378
335
296
323
415
423
396
397
381
341
305
317
415
433
404
402
389
351
318
303
403
445
432
425
418
387
351
331
310
397
461
467
457
449
426
392
366
342
410
467
469
457
449
423
387
361
334
403
454
451
437
428
400
362
329
333
415
431
410
403
385
346
311
281
337
403
396
374
374
350
310
279
290
381
392
356
358
347
307
272
245
342
410
397
378
381
353
309
278
256
233
274
420
459
446
440
426
384
338
308
282
263
405
471
468
454
445
411
364
329
304
279
400
464
460
447
439
407
359
320
288
279
404
444
426
415
405
367
323
293
270
378
433
416
399
396
366
325
291
337
421
424
397
400
385
347
314
326
422
440
418
418
409
373
339
321
301
394
465
470
458
454
430
391
361
341
315
391
477
493
483
475
455
419
386
362
336
422
473
474
461
450
422
382
352
325
299
392
442
436
420
408
376
331
298
273
261
377
422
412
400
391
357
318
289
317
407
420
395
392
378
341
308
304
403
433
411
406
398
365
328
303
399
449
438
426
420
389
350
325
314
420
461
454
442
432
400
361
336
312
318
425
459
453
443
429
397
363
338
313
297
402
446
444
434
423
394
360
336
313
284
367
430
433
422
416
393
358
332
311
284
367
424
420
406
401
376
338
309
288
261
359
423
416
402
400
374
333
303
278
353
424
417
394
395
372
332
299
300
405
427
397
391
384
347
308
280
373
433
421
402
402
375
332
302
278
373
446
446
430
425
401
360
328
307
295
414
462
459
448
439
408
368
340
314
352
445
461
448
441
424
386
352
329
309
409
453
443
431
422
391
352
326
301
332
425
439
420
417
400
363
332
307
333
416
422
398
397
381
348
318
301
386
414
391
385
380
349
316
296
293
395
425
409
403
397
367
336
319
298
326
426
447
436
431
418
384
353
334
308
372
448
455
443
437
415
383
354
333
304
368
447
452
438
433
412
373
340
315
283
346
429
431
412
409
388
346
311
289
262
346
415
404
382
383
359
319
290
269
357
413
393
372
377
352
311
283
261
354
428
421
400
404
383
342
311
292
280
408
464
458
447
443
414
371
342
320
293
387
469
474
461
455
433
392
356
333
304
398
463
458
443
437
411
366
329
302
273
379
441
430
413
410
381
336
303
279
287
404
428
400
397
390
354
315
286
321
420
426
395
398
386
346
310
286
388
447
430
413
415
387
344
316
294
354
456
467
448
445
427
385
347
325
301
340
450
468
454
445
430
396
362
340
317
352
433
440
425
418
404
376
350
333
311
373
422
416
401
396
379
351
330
314
302
384
408
393
385
382
361
336
319
302
373
406
390
379
381
363
337
318
332
404
409
388
388
383
357
333
318
303
391
432
421
410
410
390
360
339
324
303
394
449
447
435
431
414
383
359
341
319
405
453
449
436
431
411
379
354
333
321
415
445
432
421
415
388
353
328
307
316
413
431
411
405
397
365
330
307
284
362
422
410
389
393
374
336
307
299
401
428
402
395
395
367
333
309
370
444
441
420
423
408
372
344
324
387
463
467
454
451
433
397
368
346
377
457
467
454
448
432
398
368
345
359
438
450
437
430
415
383
353
331
308
391
427
416
405
399
371
339
318
295
369
413
403
390
389
366
334
308
327
404
411
391
392
381
350
323
313
399
425
405
399
396
366
334
315
320
417
442
430
424
414
382
348
328
304
376
445
451
439
433
411
374
346
322
345
430
444
430
423
407
372
341
319
302
395
428
415
404
395
363
326
301
276
359
413
402
389
388
361
324
296
315
402
411
385
388
377
341
311
295
391
428
410
404
402
373
339
317
362
442
449
435
434
417
382
356
336
397
460
463
451
445
423
389
366
342
410
456
451
439
431
403
369
345
319
388
433
425
412
404
376
341
317
292
368
413
402
390
386
358
324
297
333
403
403
381
384
366
330
302
302
395
415
392
390
382
346
314
292
342
426
433
417
415
396
356
324
304
306
420
453
444
437
424
388
350
326
302
401
449
441
429
420
387
345
315
284
356
430
426
410
407
379
336
306
279
356
422
412
395
395
368
328
297
311
406
418
391
393
379
339
304
282
382
430
413
402
401
368
328
304
314
424
451
439
434
421
384
348
326
322
431
464
455
448
435
399
363
338
328
429
460
448
438
423
385
345
319
294
393
440
427
415
407
372
331
301
306
406
425
398
396
382
341
304
275
351
421
412
392
393
364
320
290
267
370
437
431
418
414
382
339
310
286
344
441
454
441
436
414
372
340
313
360
448
456
441
437
414
373
342
328
423
454
438
427
413
374
334
305
383
439
430
415
410
378
338
310
392
434
417
407
400
365
328
321
410
432
412
406
391
355
323
306
397
435
427
418
407
375
342
319
331
417
436
425
419
402
370
342
317
354
424
430
415
409
389
356
330
308
379
422
410
397
392
366
334
308
348
411
407
387
387
368
336
311
324
404
415
393
391
378
344
315
295
336
417
425
409
405
388
353
324
302
341
421
429
413
409
391
355
325
299
353
425
424
406
405
384
347
319
301
392
433
415
408
405
376
344
319
385
441
430
416
416
392
358
333
360
441
450
433
430
413
378
351
332
369
448
458
447
441
422
387
361
336
367
442
451
437
429
408
372
345
321
335
418
435
420
415
399
365
339
315
366
426
421
407
405
381
350
329
316
402
433
417
411
402
369
339
321
304
402
444
437
428
417
385
350
328
301
353
435
446
434
426
403
365
336
309
341
421
430
413
406
384
345
315
290
304
397
414
396
393
378
343
317
295
372
417
404
395
391
363
331
311
318
411
432
418
415
401
367
339
321
310
414
452
446
437
426
395
363
342
330
421
453
444
435
422
391
361
338
323
409
439
428
418
405
373
342
321
300
387
421
408
400
391
360
331
306
351
412
407
389
388
365
330
307
301
394
420
402
397
387
355
325
307
303
407
437
425
419
409
375
342
322
297
392
451
449
437
429
400
360
334
306
373
445
445
430
422
393
351
319
289
330
422
428
407
403
381
337
301
273
342
416
407
384
384
355
312
281
268
384
418
390
385
378
339
299
270
342
427
424
402
404
377
332
302
276
378
453
450
435
430
400
356
328
302
397
465
461
447
440
408
364
333
304
400
457
447
432
424
390
348
321
304
409
442
420
413
403
364
329
302
362
432
422
403
404
376
336
312
292
394
441
428
419
411
377
340
318
299
402
452
447
437
428
396
360
336
327
426
458
447
438
424
387
352
327
324
423
448
432
424
408
368
334
308
317
416
434
414
411
393
355
324
301
392
431
410
401
393
358
323
297
334
418
424
404
402
380
342
316
294
342
424
434
419
414
394
359
335
313
358
432
441
429
422
402
369
345
323
349
429
441
428
421
402
368
341
318
328
417
433
416
411
397
363
335
309
366
424
416
398
396
370
335
311
296
389
421
400
393
386
352
318
295
308
409
430
411
406
391
354
320
298
278
389
439
433
422
413
382
344
318
292
386
444
439
425
417
388
348
321
295
383
443
435
421
416
385
345
318
301
405
443
423
416
408
373
338
310
378
442
431
413
413
385
347
319
349
438
448
430
426
405
366
338
313
381
451
454
440
432
406
369
343
320
405
450
445
433
422
391
357
332
323
413
441
428
418
404
368
336
314
297
394
430
417
410
400
367
336
309
361
425
420
401
399
373
340
314
320
414
432
411
408
392
355
326
300
368
439
440
425
419
390
354
334
308
383
441
442
429
420
394
364
341
315
357
416
416
399
389
369
340
318
301
302
376
391
377
369
359
336
315
301
284
344
