362
338
348
414
419
395
389
369
338
317
316
389
427
413
402
390
361
335
317
344
415
421
407
399
378
350
322
308
375
419
404
392
384
365
344
334
393
424
405
398
387
362
339
331
399
434
417
409
396
369
343
323
336
414
433
417
409
395
369
345
330
369
436
435
420
409
380
351
331
324
388
430
418
408
401
375
351
336
391
431
412
400
392
370
350
336
360
433
439
421
416
399
371
353
343
408
466
462
446
431
402
370
344
327
393
432
418
404
392
368
342
323
320
394
425
409
400
387
362
337
322
379
414
391
380
372
345
319
302
358
411
400
385
377
354
328
309
321
406
427
411
402
386
357
329
309
329
414
429
412
399
379
349
323
307
348
414
411
393
385
363
335
312
342
403
394
375
372
355
329
307
344
405
394
376
369
352
325
301
296
373
411
400
389
377
351
326
309
337
412
422
407
399
382
357
336
325
383
417
398
388
381
358
335
327
387
417
392
376
363
341
320
306
354
425
425
410
403
383
356
334
325
388
438
434
425
413
386
358
338
325
381
431
419
403
393
367
343
327
328
392
414
389
380
370
349
327
326
392
415
395
388
379
358
334
312
340
417
429
415
406
387
361
340
322
359
425
431
416
405
383
353
329
312
345
412
415
400
393
373
349
330
322
373
410
393
379
368
344
322
306
333
402
414
399
390
371
342
320
303
326
397
415
404
398
382
354
329
311
315
386
418
408
402
390
362
337
319
309
357
403
393
382
376
356
330
311
314
371
393
377
373
363
342
321
305
344
402
407
393
385
370
353
339
327
368
425
428
415
406
385
359
338
322
344
411
428
416
408
390
363
342
326
322
371
399
387
379
371
352
334
321
354
408
412
400
396
375
349
331
320
362
423
429
418
409
390
364
343
328
359
427
442
431
421
402
379
359
341
343
402
430
419
412
398
375
354
336
358
407
409
396
391
374
351
332
318
358
413
417
408
405
389
364
344
328
360
425
440
432
423
404
378
357
338
353
413
431
421
414
399
375
355
340
370
413
411
399
393
375
351
333
349
408
426
414
406
388
360
337
321
335
403
433
428
422
410
384
360
340
349
410
438
431
423
406
383
358
339
332
384
427
424
416
403
380
358
341
343
397
421
409
402
389
362
340
331
383
425
420
411
400
375
351
333
322
374
428
428
417
405
381
358
342
335
385
432
431
421
410
384
355
334
334
388
415
403
395
383
363
344
340
391
422
410
401
386
364
343
329
353
418
436
427
418
401
376
360
351
391
455
464
453
443
419
388
370
351
383
438
449
442
434
411
388
367
357
406
432
422
413
398
364
343
333
368
429
436
425
420
406
382
361
345
384
442
446
434
424
402
374
352
337
373
432
438
426
415
392
366
346
330
358
413
417
404
398
381
357
337
342
397
412
395
384
366
340
319
304
327
396
417
410
404
388
362
340
322
351
411
423
413
405
388
365
344
334
387
426
420
409
397
374
352
340
381
418
410
400
392
372
352
345
393
423
407
397
384
363
343
348
406
428
415
408
395
371
350
341
394
443
441
430
417
396
373
354
384
440
442
422
408
386
363
345
340
396
433
423
413
402
381
360
346
379
424
417
405
398
380
359
345
386
428
419
410
406
387
365
346
359
423
443
433
425
406
380
359
345
386
432
425
412
403
384
362
346
385
423
415
402
392
369
346
328
346
408
425
414
406
389
365
345
330
365
429
441
433
424
405
381
361
350
400
448
447
436
425
399
372
351
338
384
430
422
408
396
373
355
341
356
408
416
402
396
380
353
332
343
402
420
406
398
381
355
335
320
351
418
432
424
418
401
376
354
338
385
435
433
422
410
384
358
339
342
397
421
409
405
395
373
352
358
408
423
409
402
388
364
346
349
409
437
429
422
408
382
358
342
379
440
450
440
424
399
375
358
351
405
453
452
440
426
406
382
364
352
398
439
428
419
410
391
370
349
361
414
422
405
397
379
357
337
323
360
423
433
423
413
393
367
345
324
349
414
428
418
408
385
357
333
313
326
388
407
395
386
371
346
324
306
313
374
400
391
384
371
349
330
320
358
396
389
381
377
359
337
329
374
410
402
394
387
367
344
327
354
419
437
428
417
400
375
355
354
416
451
442
432
420
398
373
355
384
445
450
434
423
403
377
356
354
408
431
416
407
393
370
349
358
414
423
405
396
379
357
339
338
404
441
433
422
409
384
361
344
366
434
447
433
422
403
377
356
342
389
439
437
423
412
388
362
340
329
384
427
415
399
387
366
344
329
363
407
397
385
378
358
338
321
357
407
402
392
385
365
341
321
317
383
427
419
408
395
369
345
328
344
418
440
427
415
396
370
348
333
379
434
427
410
398
375
349
329
354
418
420
400
390
373
349
331
371
420
406
391
383
366
345
335
390
428
410
396
386
364
342
324
340
417
434
421
414
400
376
354
339
390
440
434
419
407
384
359
337
335
404
433
418
405
391
365
341
322
318
382
417
402
392
383
362
342
325
342
405
408
390
385
371
348
330
325
391
424
407
397
386
363
338
317
328
407
433
419
410
395
370
348
330
352
419
426
411
399
380
358
337
320
362
417
415
402
393
372
345
320
346
390
377
361
356
340
320
305
343
400
397
385
380
361
338
316
320
391
420
412
406
394
370
348
329
362
427
435
423
405
383
358
339
324
372
418
411
395
383
362
345
328
338
394
404
388
385
372
351
333
327
384
423
413
402
388
361
338
319
325
400
430
422
413
397
370
347
328
329
397
426
415
405
393
370
346
327
326
387
410
394
387
374
351
328
311
332
391
398
383
377
361
339
324
320
382
424
418
411
401
380
357
341
330
387
441
442
431
418
395
367
346
326
333
406
435
427
417
402
378
356
337
326
378
429
424
411
399
372
345
326
315
345
408
413
400
396
382
361
343
354
425
449
436
429
415
387
362
342
362
434
450
437
429
410
381
355
334
371
430
436
430
424
398
371
349
336
388
431
425
417
409
387
362
347
368
423
424
407
401
384
361
341
367
423
425
412
405
388
365
346
346
417
453
445
435
421
395
366
347
390
441
443
431
418
392
362
343
343
407
440
432
422
406
380
355
338
347
401
413
402
398
386
368
350
364
422
428
412
406
391
367
351
347
409
450
442
442
435
408
383
363
390
454
462
448
436
415
387
363
349
402
441
431
419
406
382
356
332
331
396
427
415
408
396
368
343
336
387
410
388
381
372
352
331
325
382
420
409
400
389
365
339
319
330
403
433
427
423
409
383
359
342
380
438
440
426
414
397
369
336
318
369
417
417
409
399
375
351
334
333
392
426
417
414
406
384
361
353
403
428
410
406
399
379
359
345
387
439
439
427
418
395
372
355
352
417
454
448
439
426
403
379
359
362
429
455
444
433
416
388
361
340
343
407
431
421
414
395
368
347
334
346
409
419
401
394
378
357
336
339
401
426
416
416
410
386
367
350
390
445
449
435
427
404
378
360
350
405
440
430
419
408
387
365
346
345
407
434
424
418
401
370
346
326
334
395
409
397
394
379
358
340
335
390
410
393
388
377
355
336
326
384
422
415
407
398
375
352
335
367
426
437
429
429
413
388
367
364
426
453
446
435
419
392
368
347
371
429
440
433
423
405
379
358
341
381
421
416
407
399
379
358
340
366
415
415
402
397
376
352
333
334
396
421
413
408
398
375
354
336
369
427
436
430
424
402
375
349
348
409
433
425
414
398
372
349
350
409
425
411
405
391
364
338
340
400
416
402
395
380
354
332
320
373
419
415
408
398
372
345
324
326
399
427
419
411
393
366
342
323
343
412
430
419
413
395
365
340
320
359
416
414
400
392
369
342
317
302
362
404
394
389
382
360
338
326
380
411
393
387
383
365
344
336
399
437
423
419
408
380
357
341
380
445
454
445
439
419
390
365
363
429
456
446
435
422
397
370
347
381
434
433
419
411
391
364
343
336
393
425
414
406
390
364
340
337
397
418
400
392
373
345
322
323
389
413
399
393
384
361
341
321
355
417
425
415
406
382
341
317
315
390
431
425
421
414
388
360
337
357
419
427
413
405
383
357
336
326
382
417
406
400
393
371
346
343
399
415
397
390
378
355
335
336
397
420
407
401
386
357
333
298
345
400
406
406
405
388
368
349
364
429
447
438
426
403
375
351
335
382
425
423
412
403
379
355
337
328
386
417
405
401
395
374
353
336
367
414
406
395
391
370
344
326
362
409
404
393
390
370
345
328
337
403
426
418
414
407
379
351
334
375
426
431
423
417
397
372
351
346
405
431
423
419
411
385
361
340
360
417
422
410
403
387
365
344
336
388
405
388
385
377
357
337
347
400
407
394
393
386
369
350
363
419
431
422
416
401
376
352
346
404
435
431
422
411
389
366
346
386
432
436
427
416
400
380
359
360
415
438
433
426
414
392
371
355
390
417
402
390
383
365
345
331
374
404
393
385
376
352
328
319
373
396
381
373
365
344
325
306
332
390
395
383
380
371
351
332
315
359
408
406
393
383
365
340
320
315
373
395
382
373
364
346
326
309
328
377
371
356
354
340
321
306
322
365
353
335
335
327
312
299
314
361
357
347
345
336
321
313
312
364
387
375
371
368
352
338
327
338
396
413
409
403
398
381
364
352
364
421
435
428
423
415
399
384
370
369
423
442
431
423
415
399
386
372
381
426
426
414
411
400
378
360
343
378
419
409
399
396
380
358
344
333
357
420
429
421
417
408
391
372
355
354
416
435
427
419
410
388
371
358
344
390
431
423
413
406
395
375
361
345
379
418
406
393
391
380
364
349
367
412
406
393
391
381
361
345
338
396
428
418
411
405
385
360
340
332
400
429
420
411
400
378
354
340
348
413
435
428
419
405
382
361
343
355
413
425
414
409
401
379
359
345
393
423
407
395
388
368
345
327
369
408
399
390
386
368
347
330
321
388
415
405
397
389
363
342
322
322
391
415
405
397
387
364
342
322
330
396
412
403
396
384
357
337
322
341
404
412
397
393
380
361
346
352
406
416
399
396
385
362
346
336
393
429
418
411
405
381
359
342
353
421
439
427
421
412
384
355
333
368
429
433
422
417
399
369
349
332
389
426
414
405
398
375
349
329
328
392
409
392
388
380
358
339
337
397
414
398
394
386
360
340
332
392
420
404
397
392
369
347
332
365
423
426
415
410
393
371
353
338
394
433
423
408
397
374
345
322
319
384
408
399
396
384
356
331
310
324
384
395
388
387
376
353
333
344
398
401
384
383
371
349
332
337
399
411
391
386
376
351
331
313
346
408
412
404
400
385
358
338
329
393
426
414
408
399
374
350
331
356
419
425
412
407
388
358
333
318
373
411
396
388
384
364
337
332
390
407
387
385
378
362
342
346
406
415
401
398
388
367
351
347
411
442
433
427
419
399
378
361
404
451
451
445
438
416
389
366
361
421
447
431
421
408
383
360
340
351
406
408
392
388
370
341
323
310
357
391
376
368
365
346
325
313
366
393
376
370
364
340
322
312
371
408
394
387
383
360
336
317
334
406
425
415
414
401
375
351
332
383
430
422
410
406
383
357
339
337
402
424
406
399
391
363
334
311
344
401
396
384
383
365
336
312
322
385
394
378
378
368
344
324
365
407
393
386
392
382
361
354
413
442
433
430
422
399
378
374
433
462
457
450
439
415
391
375
418
461
466
458
447
425
399
377
355
394
439
443
436
431
415
392
371
351
356
415
431
423
416
402
377
356
341
326
365
404
396
387
381
357
334
317
315
370
392
381
380
371
346
325
308
346
399
397
385
379
358
331
312
300
350
402
399
390
386
364
335
315
302
360
398
395
386
378
352
325
307
304
363
390
380
374
362
337
316
300
331
380
378
368
366
356
335
316
348
391
385
378
377
361
341
328
361
412
416
409
406
389
364
348
347
409
439
434
430
426
408
384
365
378
441
460
453
444
428
404
383
371
387
439
455
446
436
419
393
369
350
349
407
434
426
418
407
381
358
338
349
398
404
392
388
371
344
323
331
381
389
375
372
357
334
320
325
385
409
398
391
378
352
328
314
356
410
417
411
405
387
361
343
349
407
426
418
409
397
373
354
338
367
416
423
413
401
378
355
338
324
366
404
402
397
391
370
348
333
339
391
404
391
387
376
356
343
346
395
408
393
388
376
355
339
330
376
415
414
411
410
395
374
354
363
420
441
434
425
411
390
371
353
362
422
442
436
429
421
401
379
362
359
414
436
426
416
402
380
357
338
338
396
416
404
396
383
359
338
321
344
391
387
372
370
359
342
327
347
399
397
386
384
372
354
337
340
403
432
426
419
408
383
360
347
393
437
432
421
412
391
364
342
355
414
428
417
407
392
367
346
341
393
416
404
396
384
359
338
328
375
399
385
378
367
346
322
330
378
383
368
364
352
336
321
347
391
393
386
385
373
357
343
360
407
417
411
406
393
372
352
347
404
434
428
418
404
379
355
336
360
412
418
406
400
384
361
339
327
379
415
409
402
394
370
347
328
366
408
405
398
396
377
355
342
390
418
405
400
396
379
362
351
397
439
434
427
420
401
376
360
376
441
462
456
448
434
408
382
363
406
444
439
427
419
400
374
354
372
426
434
421
411
387
359
340
332
380
406
394
386
377
356
334
324
371
389
369
360
353
335
317
318
370
384
365
359
353
336
321
334
388
398
386
383
374
352
332
325
379
415
410
400
391
370
351
337
359
415
428
420
415
400
374
353
340
390
424
418
411
404
383
357
331
345
399
412
404
397
384
363
346
347
396
409
396
391
380
358
336
351
398
402
395
395
384
366
347
376
422
423
412
407
393
368
346
363
420
433
422
415
402
378
356
342
391
432
432
423
412
386
355
334
332
394
428
424
416
408
389
367
347
348
404
422
409
400
388
370
352
337
351
398
404
394
386
373
353
335
326
369
380
363
360
353
334
320
330
381
390
377
375
369
357
342
366
417
424
418
419
411
392
374
384
439
458
457
449
434
411
389
375
421
459
459
449
437
420
397
376
366
416
447
443
434
424
403
381
362
359
409
428
416
409
400
379
362
346
383
417
417
411
405
384
360
343
345
402
430
426
417
407
387
368
351
356
415
440
434
424
408
383
358
337
324
375
413
413
404
394
376
353
332
319
366
410
408
396
387
367
342
323
309
352
388
373
360
354
339
320
303
328
372
371
359
354
341
324
307
339
389
397
391
385
371
353
338
345
407
433
426
421
410
385
363
345
382
425
427
418
410
391
369
348
351
409
432
423
410
395
369
346
326
341
394
411
406
399
386
364
343
326
360
406
408
400
393
373
350
331
327
375
396
387
386
380
363
343
356
404
411
399
393
380
358
340
367
414
420
411
405
390
367
347
352
409
430
421
408
394
368
346
331
378
418
417
407
397
383
365
346
363
413
419
407
398
384
360
339
326
374
406
396
385
376
354
331
313
331
379
382
370
364
352
330
315
351
388
378
368
362
347
330
330
385
407
395
390
385
368
