369
377
405
400
394
394
390
384
382
380
378
379
410
410
402
400
396
390
385
383
381
380
393
417
409
402
400
394
386
382
379
376
375
403
405
395
390
387
379
374
370
369
366
370
401
398
390
389
386
379
376
375
373
373
381
411
406
399
399
396
389
386
385
384
383
404
418
408
401
400
394
386
383
381
379
379
408
407
397
394
389
382
375
373
370
368
381
404
395
388
386
381
374
370
369
367
367
393
404
396
392
392
386
381
379
379
377
396
416
408
402
402
397
390
387
386
384
402
420
412
405
404
397
389
385
382
379
401
414
406
399
397
389
381
377
374
372
401
407
398
394
390
383
378
375
373
371
379
411
408
401
399
395
388
385
382
381
379
392
419
413
405
404
399
392
387
385
383
392
420
416
407
404
398
390
384
381
379
376
401
414
405
400
396
388
381
377
374
371
369
396
403
395
391
390
383
376
374
372
372
401
407
400
397
395
388
383
381
379
378
402
416
407
402
400
395
390
391
393
394
422
427
418
413
409
400
392
389
390
416
416
407
403
399
392
384
381
378
388
412
404
396
394
388
381
377
375
375
404
405
398
396
393
386
382
380
396
414
407
401
400
395
390
387
385
384
414
421
412
408
403
396
389
385
382
379
407
415
405
399
394
386
379
375
371
372
401
400
391
387
381
373
369
366
365
361
380
403
396
390
388
382
376
372
370
369
369
403
407
399
396
393
387
382
379
377
377
408
415
404
400
397
389
382
378
375
371
386
410
401
393
389
383
375
369
366
364
376
401
392
383
383
378
369
364
362
372
400
394
386
385
381
373
369
367
366
390
407
398
393
392
387
381
378
376
392
415
407
398
398
393
385
380
378
402
415
404
397
395
388
379
375
372
380
409
403
392
389
384
374
368
366
365
393
401
390
385
383
374
368
366
372
402
398
389
388
385
378
374
373
373
403
414
405
400
398
391
386
383
380
384
416
413
403
401
397
388
382
379
378
408
407
395
391
387
378
372
368
377
404
397
387
384
378
370
365
362
364
397
398
388
385
382
374
368
366
365
396
405
395
391
390
383
377
375
377
410
413
403
399
395
387
381
379
376
375
409
415
403
398
394
385
378
373
370
370
404
406
393
388
383
374
367
364
361
373
403
397
385
383
378
370
367
364
362
379
407
398
389
387
382
374
372
371
370
401
412
399
396
394
387
381
378
376
402
418
406
399
396
389
381
377
374
371
399
413
400
392
388
381
372
368
364
364
397
401
388
384
380
373
366
363
361
384
405
394
383
385
380
372
370
368
367
394
414
403
396
396
390
382
379
378
376
398
421
411
402
401
394
386
381
378
377
409
416
404
396
393
384
376
372
369
366
395
407
395
388
385
377
370
366
364
364
396
401
390
386
385
378
372
370
369
383
414
408
400
399
395
387
382
380
378
407
421
411
405
403
395
388
384
381
385
417
415
403
400
395
385
380
376
372
392
414
403
394
390
383
374
370
366
361
379
404
397
387
386
379
372
367
365
363
383
407
399
392
391
384
377
375
374
373
409
418
408
403
399
391
384
380
377
374
408
416
404
398
394
385
377
373
370
371
406
405
393
389
384
375
367
364
361
381
405
394
384
382
374
366
362
360
357
381
405
395
387
386
380
372
369
368
386
413
403
395
393
388
380
377
375
373
409
419
406
400
395
387
379
375
372
383
415
406
395
392
385
376
371
367
385
408
397
387
385
376
368
365
363
363
401
405
394
389
