393
388
379
361
349
343
338
356
416
420
408
407
397
379
368
363
360
420
444
438
429
422
402
384
373
366
368
431
442
432
422
408
385
365
353
342
350
406
409
395
389
376
353
337
328
319
368
400
396
386
381
362
344
333
326
319
328
396
411
407
403
396
379
365
358
352
347
376
434
436
426
424
413
392
378
371
364
383
439
439
427
420
407
383
367
356
346
344
408
419
408
397
387
365
345
334
327
318
368
401
394
384
381
364
346
337
332
338
398
407
400
398
391
373
361
356
376
430
436
429
425
414
394
382
375
426
447
442
432
424
405
385
374
364
377
431
434
423
415
399
376
359
347
334
377
404
396
385
378
358
339
327
320
310
354
391
392
383
378
363
345
335
328
322
329
395
409
404
403
398
380
367
361
355
381
432
431
420
418
405
384
371
364
355
394
437
433
421
414
396
372
356
347
335
375
410
403
390
386
367
346
335
327
335
391
395
384
380
370
350
336
329
323
355
407
409
403
401
390
373
362
358
352
382
435
437
429
429
416
397
385
378
372
428
448
443
434
427
406
387
374
363
350
388
428
425
414
406
388
366
350
339
327
331
390
400
389
385
375
355
340
332
324
327
390
403
399
394
387
369
355
348
342
336
383
427
429
422
420
406
387
376
369
361
391
439
436
424
421
406
384
370
362
352
399
434
427
415
406
385
361
346
334
324
371
406
399
387
381
363
344
333
325
357
399
396
384
382
366
347
338
332
367
415
418
411
409
396
377
366
361
354
402
442
443
434
429
413
394
382
375
367
421
444
436
428
421
399
378
367
355
385
427
425
412
404
385
362
346
335
323
348
400
404
394
388
373
351
336
326
317
313
378
399
393
387
383
366
350
343
338
332
371
421
420
412
412
399
379
368
362
355
356
425
443
435
428
420
399
380
368
360
351
364
427
432
418
411
399
375
356
345
335
325
382
408
396
385
381
361
340
329
322
314
329
395
403
395
390
380
361
347
339
333
327
374
420
420
414
414
401
384
374
368
361
391
440
440
430
428
416
395
382
374
365
399
444
444
434
429
414
392
376
364
353
342
397
424
420
410
402
384
365
353
342
330
326
386
402
397
392
385
369
354
344
336
327
378
406
404
398
396
382
367
360
354
348
378
428
435
430
427
416
399
386
377
367
357
373
433
443
439
433
424
405
390
379
367
354
392
427
423
412
405
388
367
352
340
328
317
367
402
401
392
386
371
352
340
330
319
310
331
391
398
393
390
383
366
354
347
339
342
402
418
413
410
405
388
374
366
359
351
404
439
439
432
427
411
393
380
370
359
358
422
438
433
426
417
396
376
364
352
347
402
413
406
398
388
368
349
338
327
315
351
395
399
392
386
373
356
344
335
324
323
385
403
401
398
393
378
366
359
352
347
407
429
430
425
420
403
387
377
367
356
365
428
440
436
430
419
399
383
371
359
346
390
422
416
405
398
379
358
344
333
324
381
399
393
385
377
357
339
328
319
309
360
396
397
389
384
368
350
339
333
323
330
397
413
410
408
402
385
371
364
355
369
428
436
429
425
415
394
377
368
358
365
429
440
434
426
415
392
372
360
347
351
410
416
404
398
386
363
346
334
342
393
399
387
382
370
349
333
325
315
355
398
401
394
388
374
355
342
336
328
339
405
420
417
415
408
391
377
371
361
397
437
439
430
426
412
391
379
370
358
407
441
442
432
425
406
385
369
357
342
364
414
415
405
399
384
362
346
335
322
362
396
394
384
379
361
342
330
321
311
358
397
399
390
386
371
354
342
335
327
333
402
419
416
413
406
389
374
366
358
354
417
436
428
423
417
396
378
368
360
351
409
440
437
425
417
397
373
357
344
329
343
400
401
385
381
369
346
331
321
346
390
