428
411
396
382
366
349
383
428
439
439
439
428
408
392
377
363
345
371
428
450
456
455
446
426
406
389
371
352
334
356
418
443
450
450
441
422
402
385
368
350
332
336
399
432
441
443
440
423
403
387
371
353
336
326
382
425
435
438
440
428
409
395
381
364
352
405
445
454
455
454
439
418
402
387
369
351
357
426
464
478
481
477
460
439
420
401
381
360
361
427
465
478
479
472
452
428
408
388
367
344
359
420
445
449
450
443
422
402
387
368
372
424
447
447
445
435
413
392
375
357
343
397
444
465
466
460
443
420
400
382
362
343
338
399
440
457
458
452
435
414
397
379
360
343
326
347
407
433
441
444
440
424
409
396
381
363
389
438
454
455
454
443
423
405
389
371
353
335
370
434
459
468
468
459
438
418
402
382
361
342
323
346
416
445
454
455
449
429
408
391
373
354
332
361
419
437
436
436
427
403
383
367
350
329
324
396
440
454
455
451
433
409
389
371
350
330
320
393
444
459
461
458
440
415
395
377
357
335
326
396
441
450
452
452
435
413
397
382
360
374
437
461
461
461
451
427
404
387
369
350
406
466
490
492
485
467
440
417
396
373
351
336
397
452
473
473
466
447
421
399
379
359
338
337
402
437
444
442
435
415
393
378
359
346
400
440
448
443
436
415
391
372
353
333
314
305
381
444
472
477
472
454
429
408
387
365
345
325
361
438
472
481
476
462
436
411
390
368
346
325
310
380
441
462
463
458
440
413
392
374
354
333
336
407
441
441
439
431
405
379
360
341
320
296
353
429
457
461
457
441
413
387
365
342
316
297
373
432
448
447
443
425
397
377
360
337
325
393
434
439
436
431
409
383
364
348
325
354
429
461
467
462
448
422
397
377
355
358
421
451
454
446
434
410
386
369
352
336
384
418
423
420
417
402
383
372
359
346
394
423
424
422
420
404
387
375
362
347
332
319
308
368
419
435
438
436
427
411
397
384
368
352
336
322
310
373
419
429
428
427
417
400
388
377
363
349
335
383
420
423
419
419
408
390
377
366
352
339
325
380
430
445
448
449
441
423
407
393
376
359
341
356
426
456
465
465
461
443
423
406
389
368
348
329
381
444
462
465
465
454
431
411
394
376
354
333
343
418
448
449
450
448
429
407
393
377
355
357
429
462
463
461
456
433
407
387
368
345
321
365
443
472
479
477
466
440
415
394
371
347
323
341
425
462
472
471
462
437
410
389
367
342
319
297
360
430
452
454
452
437
409
386
367
345
322
298
324
405
436
437
438
431
406
380
363
344
321
298
369
435
453
452
451
434
406
382
364
342
317
309
400
458
475
475
470
449
420
396
375
351
324
333
422
465
475
473
464
439
410
388
367
343
315
353
432
458
458
458
447
419
394
377
356
335
400
453
461
456
453
432
401
379
360
336
327
411
465
481
480
472
449
420
396
374
348
324
390
454
475
474
468
448
419
393
371
346
320
305
386
444
462
461
454
432
402
378
356
331
304
304
390
437
447
447
442
418
391
371
352
325
354
426
451
450
447
433
403
376
355
333
308
280
337
428
464
473
471
458
431
403
382
358
332
309
386
455
478
478
473
453
422
396
374
350
320
359
438
467
468
467
453
423
397
379
354
366
439
472
472
467
454
424
394
371
348
320
331
422
468
480
477
465
438
409
385
362
332
346
427
465
470
465
452
424
395
375
353
328
387
442
453
448
443
422
396
376
355
336
397
448
461
456
447
423
395
372
351
328
307
379
445
470
470
462
442
413
389
367
344
319
321
407
457
470
469
461
437
410
389
368
343
338
418
468
480
475
464
439
410
386
363
338
311
345
432
469
474
469
455
425
395
371
346
318
292
369
442
462
460
456
437
405
381
362
336
350
429
463
462
457
443
413
385
364
341
314
343
429
466
471
465
449
420
392
369
347
318
353
428
456
455
451
436
408
386
368
343
368
439
467
464
457
440
410
384
363
340
315
342
430
472
480
474
459
430
402
379
355
331
306
334
420
458
464
461
448
422
397
378
357
332
335
417
462
470
464
452
426
398
376
353
328
301
323
415
459
467
464
452
425
399
378
357
330
328
412
457
460
455
444
416
385
362
339
313
286
356
440
468
469
462
440
405
375
350
324
293
319
413
450
453
448
435
404
375
355
333
306
374
441
456
450
444
421
388
364
342
317
302
393
458
478
474
465
440
408
381
355
328
298
368
446
472
471
465
445
415
390
371
343
367
443
472
468
463
446
415
389
368
344
325
405
471
492
487
476
451
420
394
370
343
323
401
464
483
477
465
439
407
380
354
326
296
315
409
453
461
457
443
414
386
363
339
309
343
423
452
448
442
423
390
362
339
313
292
379
444
461
454
444
417
383
357
333
304
276
358
434
458
455
448
425
391
366
344
316
324
412
452
451
447
434
403
373
353
328
333
424
470
476
469
455
424
392
367
341
312
303
405
470
491
487
475
448
415
388
361
332
302
305
403
457
471
467
456
429
400
377
354
328
300
337
421
452
453
449
435
405
379
358
336
311
286
358
437
464
465
459
440
408
380
357
331
303
276
320
421
464
473
470
457
427
396
372
346
319
289
348
438
471
473
470
454
423
397
376
353
326
389
458
475
470
465
444
412
386
364
340
312
379
463
494
496
488
467
435
406
382
356
327
326
424
481
496
491
479
452
420
394
368
339
310
323
421
467
474
470
459
430
401
380
360
330
361
438
464
459
455
438
406
379
358
335
314
396
465
486
480
470
445
412
385
360
333
303
329
425
468
474
466
449
418
387
364
340
313
312
396
437
442
437
429
405
381
364
345
344
414
450
454
449
439
415
392
374
356
334
341
424
471
486
481
472
449
424
404
383
360
338
332
412
463
479
476
468
447
422
401
381
359
337
329
404
447
455
452
447
425
401
385
366
342
386
442
455
447
442
422
393
371
352
331
307
372
448
479
480
470
450
420
393
368
342
317
292
322
405
440
447
440
427
401
375
355
335
314
294
360
410
422
418
416
400
376
360
345
325
331
402
435
439
435
428
405
382
364
345
324
306
382
451
477
478
473
455
428
404
382
358
332
315
401
463
482
478
471
449
418
394
373
348
323
394
454
465
458
453
432
400
378
359
331
358
439
468
465
460
444
413
385
363
341
312
366
451
482
482
473
452
420
390
366
339
311
295
384
448
467
463
452
426
393
367
344
318
291
268
344
423
446
445
439
419
387
362
340
316
290
265
345
424
444
442
440
423
391
369
353
328
331
418
457
455
451
442
413
383
363
343
319
397
473
495
492
483
460
427
400
377
351
321
356
453
494
498
490
473
440
409
384
358
330
300
353
447
480
481
475
458
424
395
373
349
319
330
424
465
465
459
446
414
382
358
334
305
296
398
462
478
472
461
432
398
370
344
315
285
275
384
455
474
469
459
431
395
367
343
315
283
320
422
460
461
458
444
409
378
357
332
303
379
456
477
472
465
440
405
377
354
326
308
404
474
494
488
477
450
415
387
363
335
310
395
467
487
482
474
449
414
388
363
335
307
387
465
491
488
477
450
413
382
355
324
293
263
318
427
472
479
473
455
420
387
363
336
307
286
380
448
461
456
448
419
381
353
327
298
265
323
433
479
486
478
459
421
383
353
322
288
256
346
440
471
471
465
443
407
378
355
322
344
432
464
458
452
435
398
365
341
316
288
373
461
493
493
483
460
423
393
368
341
310
336
441
490
499
494
480
449
418
392
366
334
363
458
501
506
495
477
443
410
382
352
320
289
301
415
473
487
481
468
436
403
380
355
322
371
450
473
465
456
433
396
366
341
313
291
385
461
484
478
466
439
402
372
344
314
282
360
445
473
469
461
438
403
376
355
327
331
418
460
459
452
437
405
374
351
328
303
385
460
484
479
468
444
410
381
357
327
311
406
467
481
473
462
433
400
377
352
330
404
458
463
453
443
414
378
353
330
302
373
454
480
474
462
436
398
368
340
310
280
254
353
446
479
476
465
438
399
366
338
308
277
266
379
451
467
461
451
422
385
356
331
302
298
404
465
479
473
460
430
395
368
343
313
303
407
469
481
475
464
436
402
377
356
327
383
459
479
470
463
439
403
375
352
323
388
467
491
484
475
451
414
383
358
327
374
452
476
468
456
433
400
372
349
323
326
398
432
433
425
413
388
365
346
327
306
311
379
405
407
405
398
380
364
353
337
347
398
412
405
403
395
377
363
352
340
327
384
428
437
432
429
417
400
386
373
358
343
333
399
440
447
441
437
423
405
391
378
363
346
356
422
442
438
435
429
411
394
381
367
348
375
437
453
451
448
438
417
397
380
362
340
321
303
315
408
448
458
456
450
430
406
387
368
347
325
313
395
444
450
446
443
424
398
379
361
340
315
358
440
465
465
462
448
420
394
373
350
324
299
315
423
473
485
482
473
446
414
388
364
336
309
297
402
465
478
475
469
445
412
387
365
338
313
403
472
487
480
472
447
410
381
356
329
297
364
455
482
480
473
452
416
384
358
330
297
294
405
460
467
462
452
423
388
365
342
323
405
456
457
449
441
411
376
351
329
301
367
455
484
482
475
454
419
390
366
339
317
407
472
488
482
475
450
419
397
373
352
425
477
483
473
462
432
399
373
349
321
310
412
477
495
488
475
445
410
382
355
325
297
276
378
459
484
480
469
441
403
372
344
315
283
291
402
454
459
455
444
410
377
354
326
325
416
460
458
449
434
399
363
337
312
280
338
441
483
486
475
453
416
384
357
330
298
360
446
476
474
463
442
409
381
359
335
310
378
441
458
453
447
428
401
381
364
339
372
438
460
455
450
434
407
386
369
349
327
387
454
479
478
470
451
424
402
380
355
331
308
363
442
474
478
470
453
426
400
377
351
324
300
279
295
397
446
459
457
449
425
397
376
355
331
308
380
444
458
451
444
421
389
364
342
317
291
279
382
452
472
468
461
436
402
375
351
324
293
320
425
467
471
464
450
418
384
362
341
311
373
450
466
456
453
434
400
374
353
337
424
483
492
482
470
439
403
375
350
320
331
438
490
499
487
470
436
400
371
342
310
279
278
398
462
475
468
456
425
388
363
340
312
295
390
448
451
442
433
402
366
340
316
288
259
290
414
470
482
477
461
425
388
360
333
303
271
319
434
478
481
473
455
417
379
353
328
299
282
396
465
475
470
465
436
398
374
352
331
421
483
491
480
470
439
400
372
347
318
307
422
493
513
505
490
459
422
392
364
334
305
289
390
456
474
467
456
431
400
375
353
330
304
308
397
438
443
438
431
407
382
364
345
324
301
366
435
459
458
453
437
412
390
371
349
327
306
326
419
461
472
468
459
434
408
386
365
342
318
338
427
464
467
465
455
430
404
386
365
349
423
474
482
474
465
440
409
385
362
338
312
363
457
495
499
490
472
440
409
382
354
325
296
318
424
472
481
473
460
430
398
375
351
321
340
429
464
461
451
434
400
367
342
316
288
262
356
444
472
468
457
432
394
361
335
307
278
262
377
451
467
461
453
426
388
361
337
306
354
451
483
478
468
447
407
371
344
318
286
343
453
492
492
482
461
422
385
356
328
294
317
434
482
486
478
463
426
392
368
339
343
438
477
470
459
442
403
365
338
311
292
397
471
490
480
467
436
397
366
339
307
335
438
482
483
471
451
414
379
352
325
292
349
443
474
469
462
441
405
376
355
323
370
454
477
467
457
433
394
363
337
310
284
385
472
499
492
478
449
410
378
348
315
280
312
430
479
483
471
452
414
376
348
321
289
287
401
458
462
455
442
408
369
342
316
285
291
407
467
477
467
453
417
378
348
320
289
257
285
411
467
474
467
451
415
378
351
324
295
262
334
441
474
468
464
442
401
366
340
314
282
357
466
503
502
493
470
429
393
364
335
302
308
436
501
512
503
486
449
407
376
349
314
334
445
490
488
478
461
423
386
362
332
336
435
476
469
460
443
404
367
339
313
280
345
451
492
491
480
456
417
381
352
321
288
314
431
485
494
482
463
425
387
356
326
295
265
359
456
487
482
472
445
404
369
339
310
279
279
407
474
484
479
467
433
393
364
337
303
367
466
498
493
480
453
410
373
343
313
282
254
352
463
502
501
490
463
419
381
350
319
286
274
399
474
489
482
469
434
391
358
329
295
368
461
489
481
467
440
396
360
330
298
264
347
448
481
476
465
438
396
361
331
302
270
288
412
468
474
468
454
419
383
360
332
342
438
478
472
465
449
414
381
359
331
379
471
506
503
493
471
436
404
379
351
380
470
512
514
499
478
447
416
390
365
336
346
435
482
491
479
462
433
403
379
355
330
304
362
434
460
455
447
428
399
375
355
331
316
391
443
454
444
433
408
379
356
334
310
289
268
324
415
455
462
455
441
415
390
367
343
318
297
276
343
430
465
469
463
448
419
393
370
345
319
294
295
401
459
474
469
462
436
404
380
357
332
304
311
416
463
467
461
452
421
386
360
335
307
277
354
457
492
491
481
460
420
383
353
322
289
257
297
428
480
487
476
458
418
374
342
313
282
249
294
424
471
470
464
449
410
369
341
314
282
369
468
496
488
476
450
405
365
336
306
273
305
438
492
497
485
467
427
384
353
327
296
315
433
480
481
472
458
424
388
362
338
316
410
478
493
483
472
444
407
376
350
322
295
388
472
495
489
478
453
415
382
355
326
305
406
475
489
478
466
436
396
365
339
309
302
412
468
472
464
454
424
389
365
339
357
448
483
475
464
445
408
373
347
320
290
374
469
502
497
483
457
418
384
355
325
294
304
423
482
493
482
465
430
391
361
334
305
280
383
462
480
473
465
438
401
372
345
316
284
360
461
495
491
479
455
415
379
350
320
288
257
307
435
485
489
480
460
421
382
351
320
286
255
231
350
446
469
463
456
432
394
363
340
312
279
342
440
467
459
451
431
393
359
333
308
280
257
368
463
490
488
481
457
419
388
362
335
304
322
442
494
501
495
483
449
416
394
371
356
444
497
498
486
474
441
405
377
353
323
348
455
504
511
500
482
449
415
388
361
332
342
431
468
471
461
446
419
390
367
346
321
317
398
437
442
434
425
404
379
358
338
317
293
343
413
432
429
425
413
389
370
355
335
331
402
434
433
429
422
401
377
359
342
320
364
442
471
473
468
455
429
403
381
358
334
309
355
447
484
490
483
469
440
410
386
360
334
307
310
415
468
479
471
461
433
400
375
352
325
295
363
443
461
451
448
427
392
364
343
315
336
434
474
474
464
446
411
376
349
323
294
284
392
457
473
465
452
424
387
358
332
303
275
252
355
440
464
460
