284
268
251
232
213
195
242
292
300
300
300
291
274
259
247
233
219
227
297
320
323
328
330
319
305
294
281
268
253
304
377
401
412
419
416
399
380
362
340
315
290
296
372
402
404
404
402
384
361
342
322
303
340
376
372
364
369
358
337
321
307
300
360
392
389
385
385
370
350
333
317
298
281
265
330
409
436
446
443
438
415
389
366
343
320
296
287
352
379
375
365
355
335
311
293
277
259
242
257
298
298
285
285
285
274
262
256
250
271
308
309
300
303
303
292
282
275
267
259
312
352
357
357
359
353
341
329
319
308
297
285
283
350
385
388
388
386
377
360
344
329
312
293
274
280
328
337
333
328
327
318
305
296
290
296
333
339
329
329
332
324
314
308
303
313
364
380
381
381
383
375
363
353
345
335
325
322
386
427
438
444
446
442
428
413
397
378
355
336
353
396
405
402
401
398
386
374
365
357
371
402
404
395
398
394
380
368
360
363
415
440
443
442
443
435
421
407
395
381
366
353
342
402
458
474
481
484
480
464
445
425
406
385
362
348
399
431
433
428
427
418
404
391
378
369
402
424
417
412
417
410
397
385
374
380
443
475
481
481
482
469
449
431
413
396
379
366
437
506
528
534
535
525
500
468
437
405
374
351
395
429
429
419
413
403
384
364
348
349
389
398
385
378
376
362
345
331
318
353
396
403
400
396
391
377
362
348
337
326
316
366
422
435
437
439
435
419
399
381
362
342
334
385
410
411
407
408
402
390
375
362
391
422
422
412
418
414
400
385
377
423
468
476
468
467
458
439
416
397
378
378
463
518
532
532
529
514
487
459
433
407
441
503
511
498
483
469
443
411
383
359
388
426
430
417
415
408
390
369
356
390
407
394
381
380
371
355
338
322
365
407
410
400
396
388
370
353
337
322
348
409
427
426
422
418
401
376
355
335
356
393
394
382
375
367
351
332
318
349
368
357
345
347
342
330
318
339
381
388
378
376
372
358
341
324
311
298
306
381
420
432
435
440
433
417
399
383
375
439
481
485
479
474
462
439
414
390
389
439
454
447
437
433
417
398
379
397
431
430
414
413
409
395
380
374
427
454
448
440
438
425
407
389
370
355
347
419
477
495
499
500
493
473
451
430
409
445
504
516
510
501
487
460
429
399
369
382
409
404
385
371
354
331
308
297
321
327
311
301
299
288
276
266
291
327
331
325
324
321
310
299
288
279
273
329
377
389
392
396
393
381
368
357
347
389
433
440
437
432
422
403
383
366
357
396
418
415
407
406
396
381
366
384
424
427
417
419
416
401
384
369
392
468
505
516
524
527
515
493
471
448
430
489
558
559
559
559
558
540
512
483
451
454
512
531
524
513
500
475
444
416
401
442
456
445
430
422
402
379
359
369
414
419
406
399
391
371
350
330
312
296
295
367
411
422
423
424
414
395
376
359
341
360
424
444
441
437
431
410
383
358
335
320
361
380
375
363
362
362
356
346
336
350
339
313
304
307
302
291
283
312
348
349
339
339
335
322
308
295
285
288
359
402
416
420
422
414
399
382
366
361
414
448
458
458
452
430
399
373
363
400
410
394
382
376
360
342
329
356
379
372
359
352
342
325
310
297
326
369
379
378
375
367
351
335
323
311
299
300
374
422
439
443
445
435
418
399
382
366
370
424
444
440
430
420
401
381
361
347
382
407
417
412
415
405
390
372
386
423
429
421
418
413
398
379
363
359
421
465
478
478
475
462
441
419
397
383
440
480
486
478
467
447
419
386
357
337
366
383
376
364
356
344
327
309
316
342
340
329
329
326
316
306
306
348
365
362
356
353
343
330
318
307
296
286
326
371
383
385
385
381
369
356
345
334
359
397
401
392
381
372
358
346
335
340
376
387
383
380
379
369
357
349
382
409
408
400
404
399
387
373
363
408
458
476
479
478
470
454
433
413
393
381
443
506
527
526
520
504
472
438
405
375
396
427
430
418
410
397
379
359
356
391
401
389
384
382
369
352
342
382
415
419
411
407
394
374
354
337
323
342
406
433
438
435
433
420
401
382
366
399
453
466
462
456
448
430
409
388
377
417
434
426
415
408
394
376
359
378
408
405
394
398
395
383
370
399
449
465
459
457
451
433
412
394
386
458
524
548
551
551
539
513
485
459
498
557
558
551
539
518
483
445
408
405
438
440
424
410
398
377
354
347
382
388
374
366
360
347
330
332
383
406
401
393
386
371
352
332
316
353
416
436
436
433
425
408
386
367
375
435
454
448
437
428
408
382
357
344
389
407
393
380
403
409
400
383
374
402
400
382
369
361
348
335
332
368
381
374
367
363
352
337
321
308
324
380
404
410
411
412
400
386
371
362
410
451
460
458
456
446
426
404
383
369
412
435
429
417
412
416
402
376
350
331
358
390
402
408
412
396
364
337
332
357
356
345
342
340
331
320
321
364
384
381
379
383
380
368
356
395
445
464
467
471
465
450
433
415
398
381
386
460
499
509
507
500
482
457
430
404
377
389
411
406
391
375
376
376
361
341
337
340
323
302
292
281
268
257
252
276
281
273
265
262
253
243
235
227
220
214
209
242
272
276
276
273
271
264
258
253
249
245
247
291
315
321
324
327
327
321
316
312
306
300
320
357
367
368
368
367
362
354
350
344
353
389
400
397
397
400
396
388
382
401
433
439
431
430
426
415
404
393
383
384
442
476
487
488
489
480
466
450
436
424
470
508
513
509
504
492
471
450
429
409
401
439
449
439
427
415
400
381
362
346
331
351
369
367
359
357
351
340
330
325
354
373
372
369
371
368
361
353
347
381
414
422
420
421
414
400
386
374
361
350
354
420
460
475
480
480
470
452
433
416
398
385
437
482
490
486
480
468
447
425
406
388
370
401
448
454
447
442
433
414
392
373
357
341
355
406
422
417
416
414
403
388
375
364
400
444
450
445
446
443
429
413
398
438
488
498
491
490
480
459
436
415
396
386
461
529
552
555
555
542
515
487
461
437
426
508
558
558
558
558
544
514
483
454
424
411
478
516
514
505
499
481
453
426
403
445
505
515
504
500
487
464
438
426
491
534
528
518
518
500
472
444
438
523
558
558
558
557
538
502
466
434
400
368
338
342
467
556
558
558
558
550
516
479
442
405
370
385
485
528
535
527
512
483
447
412
380
349
318
356
425
436
428
420
408
380
353
332
312
313
381
413
411
407
407
393
373
363
373
443
475
471
466
465
446
418
393
370
352
426
534
558
558
558
558
546
513
478
443
407
426
539
558
558
559
548
513
467
423
383
346
332
411
447
442
428
411
383
348
316
288
261
245
313
353
352
345
338
319
293
268
250
235
267
334
358
359
364
365
352
335
321
358
428
452
450
458
457
439
416
394
422
522
558
558
558
558
533
494
455
417
379
348
431
526
555
553
539
511
468
422
381
340
303
295
375
416
421
412
397
369
336
304
273
244
218
217
287
320
325
322
320
306
285
268
255
249
311
352
357
359
365
354
334
316
299
322
408
448
454
455
450
426
397
371
347
324
307
402
511
554
559
558
543
507
466
428
390
353
379
489
531
530
515
491
453
404
359
324
293
297
396
449
458
456
455
437
409
383
367
438
513
528
509
502
488
457
415
381
420
532
558
558
558
543
505
461
422
387
352
325
440
559
559
559
559
559
546
506
457
409
361
336
437
498
499
478
456
424
382
346
317
290
345
409
419
409
406
394
369
342
323
390
456
470
464
463
446
415
387
364
435
531
558
558
551
526
482
437
394
353
314
277
284
411
478
492
480
458
422
379
341
304
266
230
221
300
330
326
310
290
261
228
199
175
154
144
196
221
228
234
237
227
210
195
182
212
233
226
217
217
211
198
185
175
175
232
258
261
258
255
248
234
221
210
199
188
177
209
277
299
310
316
317
309
298
286
274
261
262
322
345
346
340
335
322
305
288
273
259
271
310
317
312
309
307
298
288
277
290
327
333
329
334
337
330
321
314
346
391
402
403
406
403
390
373
360
349
336
372
460
501
520
526
525
509
484
459
432
425
488
516
514
502
488
464
435
407
381
360
396
422
415
401
390
372
349
326
307
289
311
346
346
337
333
328
316
304
295
305
347
355
347
346
347
338
329
322
357
390
390
384
389
386
376
365
372
431
457
458
457
457
444
424
405
388
374
435
504
529
535
531
516
490
460
432
420
472
490
481
464
447
421
392
366
343
359
393
392
380
373
365
349
333
330
367
377
371
368
366
356
346
337
377
420
430
428
430
423
408
394
380
366
351
341
408
476
502
515
517
512
496
476
455
434
444
509
531
532
524
512
491
465
440
418
402
450
477
475
466
458
441
418
398
379
401
433
435
427
424
417
401
385
375
419
448
447
442
441
429
410
391
374
358
348
422
491
518
526
525
512
485
457
428
401
376
425
478
487
481
469
451
421
392
366
344
326
368
390
385
374
366
353
335
319
304
320
346
343
333
329
324
313
304
296
322
348
348
343
345
339
327
317
307
296
319
385
411
421
423
421
412
398
384
371
400
462
483
487
484
474
453
428
404
381
395
426
423
410
400
385
364
342
324
337
349
340
325
318
307
293
281
277
304
311
303
299
300
291
281
273
267
274
325
347
354
355
357
351
342
334
327
324
376
412
422
425
424
416
402
387
373
359
388
422
424
417
410
399
383
365
349
335
326
358
368
360
352
347
339
329
321
312
338
355
354
353
355
350
341
335
333
379
414
424
438
465
468
463
457
449
438
443
509
540
531
515
504
486
465
446
427
407
435
490
504
503
497
486
464
441
420
399
383
429
458
456
448
440
424
403
382
364
346
364
407
417
414
415
412
400
388
376
399
438
445
440
442
436
420
402
387
396
468
508
523
529
529
510
485
461
436
413
462
549
558
558
558
558
549
521
489
454
435
498
534
535
523
506
479
447
420
394
396
449
470
466
463
460
443
423
402
422
477
493
487
482
468
443
416
390
365
339
315
295
369
470
519
542
549
543
518
486
454
420
385
360
428
482
491
482
468
443
411
379
352
327
303
328
375
381
374
366
356
339
320
304
294
333
351
344
340
343
335
323
312
305
348
389
396
393
395
388
374
358
344
330
316
370
455
493
512
516
510
490
464
438
413
387
431
474
475
464
450
430
401
372
344
317
310
343
344
329
314
301
284
266
251
236
251
270
269
263
263
260
252
244
238
267
287
287
285
286
279
270
261
252
243
246
303
336
349
357
361
358
349
340
330
320
348
403
428
439
444
444
434
420
405
390
383
431
464
473
473
474
464
447
431
415
448
489
498
493
493
483
461
439
418
402
459
516
532
532
528
509
480
450
423
397
391
468
513
523
516
503
476
441
410
379
349
351
402
416
410
399
387
367
344
324
306
315
347
352
346
343
338
325
314
303
319
349
352
345
343
335
322
308
297
286
277
331
373
385
388
389
383
370
358
345
332
356
406
419
418
414
404
386
367
350
333
337
369
372
364
358
352
340
328
317
321
344
344
335
336
334
326
319
316
351
370
370
368
370
363
352
340
329
318
307
355
417
444
458
462
459
445
428
412
393
388
436
454
455
447
435
416
394
373
352
332
340
370
370
363
355
345
331
317
305
