530
510
475
731
760
760
760
759
691
643
591
471
287
112
124
760
761
761
760
719
656
560
390
233
224
224
761
761
761
761
761
757
570
271
122
48
5
51
411
643
476
53
2
2
1
1
1
0
0
0
0
0
0
0
0
0
0
0
0
0
0
139
663
709
706
687
664
646
617
563
430
387
346
761
761
761
760
761
761
761
761
761
681
607
491
417
488
756
755
743
733
706
678
645
613
570
547
500
516
700
760
761
761
752
730
703
664
653
609
577
541
621
760
761
760
760
761
761
760
760
752
735
761
761
761
761
761
761
762
761
761
761
750
761
761
761
761
761
762
751
724
687
591
506
667
756
761
736
692
648
585
528
466
394
233
74
4
653
758
709
623
563
504
463
320
200
30
42
639
760
761
760
743
698
638
551
446
226
149
143
543
762
761
761
761
695
530
337
200
176
156
138
281
760
758
729
688
643
555
376
185
12
3
2
4
605
698
638
581
514
468
365
250
79
0
0
0
474
759
757
675
641
601
585
519
402
243
466
761
761
761
761
746
678
571
493
307
315
761
762
761
760
760
754
730
635
446
230
91
111
712
761
734
675
635
589
526
419
272
66
1
0
0
0
11
675
736
662
589
555
513
440
379
248
90
80
665
760
761
761
759
697
639
478
333
208
171
159
235
761
761
761
761
762
746
597
165
35
8
5
3
153
694
679
586
469
391
324
233
148
136
580
708
650
656
631
542
546
519
589
760
760
727
561
363
94
13
3
1
1
1
1
1
1
2
2
2
2
2
2
3
3
2
3
2
3
3
3
3
3
3
3
2
2
2
2
2
2
2
2
1
1
1
1
0
0
0
0
0
0
0
0
0
0
0
6
49
87
113
130
162
329
490
510
453
295
191
217
247
282
395
527
653
760
762
762
761
761
762
761
761
761
761
761
761
761
761
761
761
761
761
761
761
761
762
760
761
760
760
760
760
760
760
759
760
761
760
760
761
761
761
761
760
761
761
761
761
761
761
761
761
762
761
761
761
761
761
761
761
761
762
761
761
762
761
761
761
761
761
761
761
761
760
760
761
761
761
761
761
761
760
761
760
760
760
760
760
761
760
760
760
761
762
761
761
760
762
761
762
760
761
762
762
762
761
761
761
761
761
761
758
737
718
686
670
660
647
619
596
574
538
496
441
328
288
159
81
136
272
319
288
258
212
155
156
185
233
374
522
638
675
700
737
759
760
761
760
761
761
761
762
762
761
762
761
761
761
747
743
741
721
661
509
489
430
402
362
292
415
497
472
437
480
494
477
432
431
469
489
446
348
351
303
235
75
46
73
119
144
274
445
455
666
761
761
761
760
761
761
762
761
761
761
762
762
760
761
761
757
735
725
683
630
417
153
24
7
173
412
346
117
2
0
0
0
0
0
0
0
0
0
0
0
0
0
10
36
171
540
672
680
726
750
754
741
760
760
761
705
761
761
761
761
761
761
738
711
580
7
41
151
11
6
4
2
1
1
1
1
3
459
481
448
423
452
466
431
427
393
459
744
761
760
759
761
760
761
760
760
761
761
761
761
762
761
761
761
761
762
761
761
730
603
477
349
280
670
673
631
581
533
491
399
242
8
2
1
0
0
0
1
161
163
47
4
10
18
34
48
59
75
93
125
251
439
462
389
373
373
364
376
391
380
384
527
761
761
762
762
754
738
711
685
648
616
566
529
584
669
680
683
657
669
650
635
618
601
570
563
734
760
759
759
759
760
760
761
760
761
760
760
761
761
761
761
762
762
761
761
761
761
761
761
761
761
762
753
724
674
599
465
296
203
233
254
220
487
646
622
548
484
442
405
329
154
0
0
34
624
672
649
601
617
594
550
497
463
346
351
417
761
761
761
761
761
761
762
761
762
729
587
406
219
156
139
622
693
664
615
589
570
528
482
426
310
206
528
586
546
483
454
427
382
263
103
24
75
731
761
759
759
759
759
714
625
504
381
289
275
270
254
571
761
761
762
761
761
757
731
695
601
471
285
126
70
10
7
320
651
657
590
566
534
480
422
352
220
31
0
0
0
0
11
472
760
759
724
735
732
686
623
494
355
274
256
244
245
235
603
762
762
761
762
753
730
655
442
236
147
88
27
9
5
424
642
615
550
510
470
434
342
130
0
0
0
0
0
22
557
605
553
539
521
488
324
217
203
225
668
761
761
761
762
742
667
564
360
312
268
292
760
761
762
743
724
694
647
587
525
408
228
36
6
3
2
1
222
692
750
700
665
672
638
587
511
472
458
395
314
209
171
171
277
761
761
761
761
761
761
761
761
761
696
571
437
338
297
303
753
762
761
741
718
685
636
580
526
450
307
90
2
1
0
122
669
720
656
612
612
586
537
479
447
388
309
228
214
761
761
761
760
761
760
760
726
630
462
328
334
398
761
761
761
761
747
702
657
509
219
60
8
5
3
209
624
621
528
475
442
354
165
0
0
430
682
597
555
541
346
52
34
22
0
0
143
560
761
760
760
762
761
761
761
761
761
761
761
762
761
761
761
761
761
761
748
718
726
679
674
489
170
0
0
0
0
0
0
0
0
0
0
0
0
0
0
0
0
0
0
0
0
1
1
1
2
2
2
2
2
3
3
3
4
4
4
3
3
3
4
3
3
3
2
2
2
1
1
0
1
0
0
0
0
0
0
0
0
0
0
9
39
74
109
124
166
232
419
610
706
729
755
760
760
740
760
761
761
761
761
761
761
755
740
723
726
749
739
714
699
691
694
696
696
724
761
752
760
760
760
760
761
760
759
760
760
759
688
650
681
634
598
571
685
760
760
762
761
761
761
761
761
761
761
760
760
761
761
748
733
724
730
738
731
730
757
760
747
759
752
749
722
713
692
689
722
760
760
760
760
760
761
760
760
761
761
761
761
761
761
761
761
761
762
761
761
762
761
761
761
761
761
755
740
723
700
671
667
672
645
609
581
536
519
473
429
410
389
479
518
539
507
531
474
427
415
393
233
104
132
205
535
638
651
642
641
678
583
501
434
417
393
379
537
761
752
713
636
539
515
532
481
381
355
400
392
560
572
539
490
483
460
431
400
392
329
364
472
508
477
473
480
489
516
507
450
597
760
760
759
760
762
761
760
761
752
761
762
761
761
761
754
729
706
663
626
722
741
737
709
692
655
628
608
557
507
455
421
705
760
759
758
742
753
693
672
636
578
715
760
761
761
761
761
761
761
761
761
759
742
761
761
762
761
761
737
695
620
440
316
208
315
615
603
544
492
438
382
304
189
4
226
609
625
543
468
442
448
341
199
77
315
669
628
513
328
224
202
161
135
197
381
417
347
315
282
238
187
122
79
115
352
478
330
173
143
74
8
2
2
1
0
1
124
191
23
0
0
0
0
0
2
14
106
563
638
633
658
674
705
689
663
609
609
761
760
762
761
761
761
761
760
744
717
730
746
724
691
672
644
612
576
519
481
574
651
628
594
566
540
520
490
451
490
715
759
759
758
760
759
759
759
759
760
761
761
760
762
761
761
761
761
761
762
761
761
757
728
636
614
699
660
586
466
351
68
2
1
3
2
0
0
0
0
0
0
0
0
0
0
0
0
0
0
0
0
0
0
1
1
2
7
8
30
45
55
73
90
92
118
165
202
229
262
399
595
635
640
634
639
654
661
653
664
677
691
702
717
747
759
759
760
760
760
761
760
760
760
760
761
760
761
762
761
761
760
761
761
762
761
761
762
761
760
761
762
761
760
752
743
735
713
684
654
604
571
535
502
477
466
455
466
474
443
422
428
421
378
329
333
352
395
456
537
571
615
518
486
534
649
635
571
602
666
760
761
759
749
736
721
700
684
671
645
610
601
638
663
624
604
607
598
602
586
575
563
553
551
564
678
734
705
685
691
713
700
678
667
663
658
630
614
702
761
761
761
752
712
616
494
397
320
275
237
194
196
442
553
401
275
178
77
6
3
2
1
0
59
241
162
76
25
3
12
15
27
49
68
95
114
360
738
759
760
760
760
761
748
750
761
741
706
699
699
657
619
761
761
761
754
750
733
720
700
677
657
621
582
548
514
483
598
682
660
614
593
559
550
502
492
459
423
351
335
684
761
760
760
760
760
760
760
732
678
603
502
324
461
761
761
758
614
455
207
149
95
33
5
3
89
606
631
582
544
537
515
483
431
362
272
138
0
0
21
705
760
760
759
760
760
759
759
691
641
623
714
761
761
761
761
761
761
762
761
733
612
354
181
344
753
747
698
651
611
552
333
66
7
4
2
179
619
583
522
493
474
435
380
259
63
3
482
760
760
760
759
760
740
676
609
517
329
245
761
761
761
761
761
761
761
761
598
389
283
303
750
755
714
667
622
565
417
145
7
3
2
1
4
562
598
532
471
433
386
239
32
0
0
1
10
276
705
692
655
637
589
463
254
217
200
198
436
761
760
762
761
761
680
532
388
250
152
66
241
691
684
621
579
503
242
7
2
1
1
1
2
388
413
288
139
0
0
0
0
5
48
541
681
616
542
493
445
318
252
245
242
230
400
762
761
761
761
761
761
748
646
551
435
288
225
210
676
694
657
614
583
537
482
425
377
282
165
21
197
676
738
673
621
607
585
574
532
488
459
386
232
234
762
761
761
761
761
761
761
762
761
761
756
646
656
761
761
746
721
684
634
587
549
455
264
70
547
701
678
609
568
508
455
401
317
201
98
9
354
760
760
760
760
760
759
719
654
578
516
445
336
711
761
761
761
761
762
761
680
475
288
209
135
137
682
739
708
648
595
541
469
344
140
5
1
0
0
0
548
719
660
581
560
512
454
399
263
120
109
110
106
128
492
762
760
761
761
761
761
710
610
498
325
270
216
272
758
761
744
711
686
644
590
527
408
210
8
205
645
646
576
491
441
408
328
191
0
0
0
133
759
760
759
750
711
687
622
537
351
244
230
216
211
252
761
760
761
761
760
760
749
705
551
417
231
213
700
714
649
581
536
483
382
238
4
0
0
0
32
655
713
619
564
554
496
459
383
238
110
120
128
181
761
761
762
760
761
760
714
578
429
304
277
248
247
761
761
760
727
681
644
587
442
219
49
7
3
385
659
604
530
493
447
375
244
47
0
389
752
728
641
598
566
510
431
290
171
187
761
761
762
761
761
762
761
761
761
716
610
404
317
744
761
762
754
732
708
668
604
534
415
192
29
565
709
682
594
536
479
425
350
153
0
0
0
26
720
760
761
760
760
759
730
696
611
495
330
760
761
761
761
761
760
687
494
323
247
229
732
761
749
709
678
632
554
453
277
36
3
23
648
700
627
556
532
478
391
314
185
10
117
701
743
655
614
575
535
407
194
189
188
216
760
761
761
761
761
761
761
734
626
431
332
277
692
761
758
725
682
652
603
540
401
170
7
310
638
609
536
473
424
326
179
0
0
0
0
380
743
711
640
587
571
507
412
239
168
181
191
237
761
761
761
761
761
761
683
520
358
304
304
751
760
732
682
624
530
338
139
44
5
4
94
636
663
585
528
498
451
390
325
216
0
0
0
254
759
760
748
740
733
710
681
659
603
521
404
688
760
761
761
761
761
760
660
463
316
280
232
345
761
761
744
708
677
636
578
502
313
61
5
3
54
608
626
563
498
442
391
271
148
0
0
0
1
517
760
760
759
759
755
727
686
617
577
523
467
760
761
761
761
761
761
761
761
761
760
760
762
761
759
738
703
660
604
508
352
129
221
729
760
733
735
691
701
650
547
447
277
33
0
377
759
759
727
651
602
643
732
760
640
628
761
761
761
760
761
680
558
267
146
243
762
761
761
516
255
203
171
173
105
502
701
644
489
347
158
23
4
2
381
618
535
411
277
87
0
0
0
0
18
502
442
265
49
34
35
34
30
23
32
112
313
440
276
240
265
301
291
277
286
251
208
173
100
132
299
334
245
166
101
69
66
50
44
36
7
6
149
439
413
369
344
306
286
261
202
176
341
597
585
546
484
406
343
397
481
444
482
724
699
646
617
635
666
616
751
716
742
761
760
760
761
754
738
722
693
638
683
692
674
660
636
615
583
559
541
614
661
654
633
603
577
579
527
489
479
587
722
750
720
689
674
676
695
659
584
565
553
606
760
760
760
761
761
760
761
761
761
761
759
757
760
761
756
730
705
676
637
576
510
410
238
455
591
559
517
464
411
379
341
238
110
0
81
514
527
487
461
464
412
246
143
150
156
252
728
760
760
760
703
659
567
450
381
359
586
761
7