448
544
565
516
458
416
524
549
516
437
429
530
539
528
449
411
510
545
542
501
408
514
544
535
518
407
519
541
538
531
400
507
524
538
480
437
519
537
534
404
470
542
528
526
431
454
546
522
508
477
457
531
546
528
525
392
524
551
521
503
435
515
550
520
444
457
528
543
534
417
473
539
546
535
379
497
536
529
475
452
516
553
524
382
503
548
531
429
450
543
534
536
406
518
547
527
456
455
532
546
483
436
539
551
533
383
484
556
542
535
379
508
540
533
524
419
525
544
532
419
466
529
545
528
383
490
541
529
542
400
518
544
523
423
469
537
547
528
377
507
552
539
539
413
513
547
528
386
536
543
554
456
442
547
550
535
393
474
544
548
517
416
519
549
537
406
484
530
531
541
400
517
546
527
415
497
532
543
503
408
538
540
541
420
457
550
554
523
403
467
546
537
535
408
507
549
549
532
390
516
553
529
534
411
512
545
547
437
464
540
529
531
391
494
553
541
536
391
500
541
545
490
430
534
561
524
396
473
542
541
532
384
493
554
545
507
424
520
550
533
428
442
528
544
547
386
501
540
531
545
404
512
549
523
468
447
531
550
527
432
460
532
557
524
415
469
545
540
520
398
524
559
530
462
433
525
558
530
413
472
532
539
516
415
522
547
531
442
444
535
538
517
414
482
526
536
522
423
523
540
539
514
405
532
540
552
519
408
539
556
517
419
459
550
549
532
384
489
534
545
539
385
502
540
539
454
456
527
545
544
384
499
546
533
524
417
509
544
526
406
504
529
541
522
393
533
546
537
470
423
525
553
535
412
481
531
559
515
414
515
540
538
525
397
524
553
530
530
423
517
565
512
452
448
523
540
522
422
528
557
536
394
467
541
548
531
402
518
547
538
459
440
516
553
516
436
518
544
538
402
464
553
525
526
416
480
554
526
529
401
502
543
537
523
395
523
548
528
520
404
527
553
536
476
438
536
552
531
388
502
542
536
470
430
526
546
532
426
465
529
534
538
423
518
543
529
463
449
530
536
526
412
482
530
537
519
424
529
542
524
472
439
536
544
539
418
460
537
541
532
418
510
532
531
496
434
510
541
544
451
464
531
534
521
424
514
541
529
406
494
529
541
516
418
525
539
537
416
504
546
538
446
451
531
548
