449
363
294
478
486
435
348
276
518
536
471
382
299
494
547
500
409
331
508
551
498
396
311
389
576
546
434
339
254
513
514
437
350
264
507
515
444
357
271
323
509
492
402
327
255
482
483
414
335
258
398
530
509
411
324
237
499
527
469
387
365
568
549
450
364
376
574
547
441
350
268
512
509
432
354
275
488
516
459
372
290
267
503
510
431
357
279
475
558
506
405
320
245
515
543
476
383
291
230
546
560
477
389
295
504
574
508
390
296
348
559
529
410
319
277
525
506
395
312
390
560
512
387
289
196
499
541
466
348
275
561
581
524
431
367
587
588
502
393
565
536
429
308
219
299
442
417
330
257
366
421
395
318
251
262
408
401
335
272
209
384
386
361
303
246
345
429
423
350
298
266
450
448
394
349
365
504
502
430
367
320
530
532
471
412
358
553
546
472
405
374
586
585
506
428
362
577
576
500
422
484
559
524
434
357
306
529
544
474
395
319
421
511
487
412
343
374
522
513
436
361
289
463
506
469
396
322
442
464
420
350
283
250
429
441
393
338
283
412
448
420
361
302
294
458
462
402
342
279
367
451
441
380
323
318
470
472
409
348
286
454
501
466
391
326
375
497
489
408
343
320
533
537
453
371
292
516
543
489
402
321
552
548
462
372
289
472
563
517
412
329
290
528
523
427
347
266
528
545
471
372
277
255
509
515
429
356
295
533
527
424
335
251
529
554
473
372
277
369
527
508
406
324
389
488
452
364
292
236
448
464
406
341
271
381
464
446
384
325
411
459
438
375
316
306
480
491
427
366
298
320
475
480
421
364
314
481
484
423
364
299
488
538
501
430
356
333
539
553
478
408
350
557
555
471
391
308
469
559
519
425
346
295
521
516
428
350
271
452
552
505
401
312
236
514
526
452
373
290
538
537
456
371
290
509
569
507
400
309
324
530
520
416
339
337
553
536
426
339
247
524
545
461
367
273
449
517
471
365
275
396
546
508
391
297
202
507
528
446
351
258
469
507
451
340
246
355
538
512
388
295
227
530
523
418
334
246
516
516
442
344
252
526
550
474
371
275
474
543
487
392
313
423
513
476
383
309
366
537
517
423
344
279
517
528
455
382
306
502
529
471
383
299
283
520
522
432
351
273
437
511
477
383
302
264
525
529
437
348
263
463
525
481
381
296
441
530
490
390
305
288
518
520
442
370
333
538
529
439
363
281
527
554
481
393
307
469
540
496
397
313
433
557
509
396
304
220
476
512
453
362
276
424
514
464
358
274
202
485
496
422
346
257
495
538
478
374
279
369
533
511
407
329
404
538
497
382
297
261
511
504
406
325
249
489
507
446
352
268
489
543
489
382
285
251
528
528
433
351
265
541
532
442
354
264
516
575
513
403
306
311
550
538
429
344
348
543
519
408
323
249
547
552
453
359
263
504
531
474
386
307
557
547
455
365
306
567
553
443
344
297
538
508
396
309
484
499
414
299
200
439
423
334
253
375
408
362
275
203
366
383
343
276
211
374
369
334
282
255
412
408
349
301
295
430
423
359
316
411
430
409
345
297
467
473
426
372
310
493
501
449
393
349
512
512
440
379
381
558
558
467
389
304
554
568
500
422
367
576
556
458
381
306
569
562
469
389
312
565
555
465
385
453
587
545
428
338
307
567
557
449
366
283
543
534
439
353
264
528
555
476
370
268
299
533
518
408
322
289
523
503
386
301
210
514
544
463
358
255
251
532
531
419
327
230
538
541
444
346
245
457
558
507
391
296
275
538
528
412
323
234
543
550
450
352
249
439
555
503
394
306
295
531
516
402
314
222
525
559
476
367
265
292
546
534
426
337
269
546
533
422
327
227
461
563
499
376
276
198
532
537
436
339
235
520
562
487
372
267
363
564
531
409
322
270
554
535
419
332
238
566
571
469
361
256
508
558
493
383
283
541
534
443
345
255
506
546
472
372
286
440
527
486
390
312
513
557
497
401
316
493
568
517
412
323
366
518
495
402
324
419
518
482
389
312
381
515
481
387
306
257
439
436
372
313
312
424
410
341
286
274
425
423
366
310
249
415
432
400
342
281
318
429
430
371
327
396
464
452
379
326
419
516
500
423
358
392
533
516
433
363
455
520
487
402
335
507
494
422
351
339
487
479
403
406
526
498
401
329
509
530
467
381
312
503
496
416
341
271
442
442
382
314
245
391
396
354
294
338
363
335
260
343
322
309
261
408
385
340
298
418
436
406
341
269
204
359
365
328
278
222
207
336
340
293
254
207
261
339
341
292
257
216
337
346
334
292
252
223
355
360
325
302
326
372
381
337
343
420
426
385
358
489
502
478
438
390
498
555
530
470
409
354
496
525
491
436
372
315
444
474
449
398
343
395
450
444
391
342
490
510
475
421
366
513
586
565
491
415
348
534
579
526
444
363
297
488
512
460
392
324
432
478
452
384
321
498
514
462
394
333
481
586
559
469
388
315
547
567
486
391
306
335
509
494
402
333
406
522
496
404
336
526
570
511
417
332
426
552
514
416
326
248
465
474
409
334
260
429
448
412
348
367
492
474
395
334
475
565
523
434
357
466
570
526
429
342
288
493
489
410
336
262
443
444
394
333
406
475
447
364
304
447
560
524
428
349
421
570
536
434
345
311
521
506
408
325
296
487
471
381
313
502
480
401
338
517
574
521
424
343
570
583
513
419
331
547
530
434
336
254
485
473
387
314
473
485
433
346
307
540
527
428
342
324
555
535
432
343
268
526
509
408
318
235
478
494
431
330
241
442
510
465
351
265
402
526
494
377
295
392
535
507
393
316
450
540
498
383
299
473
513
465
365
281
493
505
446
356
266
501
502
437
367
400
534
509
416
347
455
561
528
430
347
437
555
524
429
350
474
550
506
404
323
388
557
530
423
341
275
551
554
462
368
273
519
546
486
391
305
556
552
471
372
281
485
561
512
401
306
366
556
537
434
352
506
554
497
384
295
517
556
485
371
273
407
541
506
405
322
537
550
470
370
281
515
545
457
346
254
382
508
468
370
292
454
529
480
380
299
392
547
512
403
311
300
513
491
393
318
336
496
471
375
308
469
541
492
398
318
541
532
444
355
291
488
473
390
320
339
474
451
373
307
283
462
455
382
318
273
461
464
398
334
271
487
506
447
376
297
490
503
447
379
324
502
499
428
364
387
547
528
437
359
420
553
522
434
359
487
555
504
411
333
386
566
532
428
341
262
517
531
451
366
283
527
521
433
346
257
508
536
462
365
272
507
529
455
356
362
524
484
367
273
492
472
381
294
396
464
419
319
447
472
418
326
307
527
506
406
325
443
518
462
367
277
435
451
390
303
230
431
423
354
289
463
446
376
310
490
508
451
368
347
532
507
408
326
330
496
467
373
302
356
479
450
353
285
401
495
468
373
297
467
509
472
391
317
510
500
413
304
219
428
399
301
255
393
363
288
384
404
369
250
411
456
413
315
339
467
426
335
260
367
405
382
326
277
372
391
366
295
233
324
315
284
216
213
289
276
225
259
308
293
222
276
317
310
260
350
360
352
307
427
416
393
353
465
445
404
415
468
439
374
454
408
397
396
485
459
388
515
484
440
391
523
478
398
411
510
473
382
351
502
466
385
307
492
442
375
307
487
447
390
405
530
505
416
460
575
545
449
448
586
557
448
377
582
545
458
365
540
487
414
341
531
504
429
361
541
528
463
374
334
560
535
438
351
280
527
516
429
344
266
505
505
451
374
351
538
503
410
339
310
552
529
427
335
250
512
502
425
342
280
498
471
383
322
477
543
490
390
316
536
544
463
365
274
503
503
431
355
289
518
510
426
352
301
531
509
418
339
261
491
489
422
357
374
513
475
386
322
474
557
496
397
321
436
563
498
386
303
243
516
512
412
323
250
437
494
445
347
274
396
526
490
383
307
325
542
521
409
324
250
516
508
419
338
319
534
514
417
334
336
521
495
381
294
364
530
517
413
330
556
566
489
396
316
563
536
417
308
218
473
476
409
344
378
531
498
418
329
254
508
525
447
363
279
302
527
516
425
349
267
483
535
471
366
288
351
525
502
398
323
346
559
534
426
344
315
554
536
431
351
285
546
540
456
381
349
573
549
452
376
365
577
546
447
371
347
565
516
393
314
305
527
496
384
305
407
551
494
379
295
361
551
499
373
276
246
459
437
340
268
365
422
388
308
278
468
458
384
322
279
501
501
426
353
278
447
483
430
336
261
309
480
468
381
315
501
528
479
386
314
562
552
464
376
300
548
525
423
333
315
526
501
396
312
544
515
429
349
338
586
565
459
370
360
586
539
421
332
238
496
538
471
364
268
330
543
513
391
301
258
533
505
387
302
258
503
476
372
290
282
477
449
351
293
459
489
445
354
348
545
536
449
370
516
578
531
428
341
513
536
477
384