450
491
495
487
398
473
496
486
485
393
465
495
493
483
394
471
493
498
493
396
460
487
488
494
419
455
482
490
485
441
441
487
491
485
487
422
481
494
480
487
404
479
500
491
489
401
477
500
487
441
450
484
494
460
438
485
492
478
395
469
496
490
485
387
477
496
495
485
409
476
501
486
415
441
485
499
386
465
493
491
493
388
469
492
480
491
393
475
496
483
483
389
462
500
482
480
405
460
492
491
481
399
469
494
484
491
397
468
491
485
490
398
468
483
480
486
409
473
476
472
480
419
484
492
481
478
399
478
493
482
470
419
477
498
490
472
412
475
492
493
488
397
451
487
486
490
415
461
481
490
488
413
440
487
489
486
468
426
487
490
478
431
458
491
495
472
385
467
495
488
487
396
465
486
486
489
414
470
492
486
471
414
472
483
490
489
409
479
487
483
478
426
490
495
482
457
418
494
502
482
471
412
487
499
493
477
397
477
497
482
450
424
481
491
496
462
427
484
492
485
490
420
477
491
480
422
456
490
488
480
384
458
463
481
477
377
454
495
488
483
388
459
484
483
467
394
444
486
495
483
442
479
471
437
385
467
491
444
465
388
472
503
490
483
379
466
521
512
478
385
452
488
487
485
376
452
489
496
489
372
456
525
499
463
381
476
489
482
458
445
533
505
443
367
497
500
480
496
384
471
499
473
462
404
499
485
491
417
430
498
487
497
479
418
472
487
464
485
453
455
474
471
489
376
499
489
491
515
374
448
530
461
484
393
487
495
465
464
381
498
488
503
474
401
502
503
479
478
415
468
492
502
395
461
474
487
481
387
453
475
489
490
459
411
485
477
488
459
429
475
487
489
494
391
440
475
479
496
494
421
475
486
487
489
417
466
486
477
484
420
481
479
479
487
394
480
494
472
464
418
483
502
482
412
440
485
502
492
446
406
483
498
493
488
379
451
493
484
487
389
454
487
496
498
428
443
472
489
488
471
416
472
492
487
493
398
481
489
481
489
433
427
480
485
486
484
404
479
487
477
491
381
476
492
475
496
382
460
493
490
490
387
473
493
484
476
370
462
490
493
494
456
419
480
498
491
478
394
475
501
492
476
392
475
495
483
472
395
482
483
503
510
372
498
536
493
487
397
472
498
487
443
446
467
490
488
425
480
494
478
369
461
498
492
480
393
472
497
490
496
396
474
482
477
479
416
471
488
479
405
488
493
475
408
448
488
489
481
388
452
493
496
485
404
444
486
493
482
371
467
497
499
492
367
457
483
496
494
406
465
