380
352
452
520
458
376
355
444
493
447
327
339
431
501
450
360
362
447
487
429
329
310
437
506
456
352
327
447
527
474
367
341
441
506
446
344
317
417
528
485
358
309
404
535
493
376
316
380
522
498
374
302
382
528
507
383
326
371
494
501
398
330
364
469
498
400
338
398
476
486
360
297
377
487
524
404
323
373
465
472
413
340
401
486
498
426
334
368
490
499
393
319
375
487
505
398
335
368
483
509
407
329
381
470
498
418
337
388
453
495
425
335
380
459
510
419
342
390
468
493
397
311
342
487
520
440
338
344
459
496
428
339
347
476
521
432
318
336
455
541
443
329
334
449
514
443
330
330
452
515
442
334
347
438
490
462
365
350
420
496
502
366
313
421
514
479
356
330
431
510
477
342
341
434
479
512
356
333
427
488
493
365
330
429
478
460
398
326
414
512
446
389
347
395
485
463
396
338
390
501
473
386
314
422
512
449
375
342
421
477
453
373
342
403
508
463
338
351
439
492
435
360
377
409
510
467
344
319
460
510
423
345
346
447
492
440
346
352
432
507
440
355
355
440
514
445
358
351
431
507
458
355
332
437
510
460
315
338
457
509
416
331
362
474
498
405
345
368
467
483
393
353
381
468
472
390
349
400
453
498
413
298
393
492
484
371
329
420
463
480
404
336
410
500
503
377
311
381
513
458
376
338
397
492
491
381
308
408
523
470
369
345
414
478
490
370
318
415
513
486
352
325
441
496
414
362
357
431
494
449
370
354
431
487
434
369
362
452
505
422
327
358
479
504
398
300
396
495
473
386
338
383
500
497
380
321
393
506
482
378
329
416
513
478
353
312
439
532
466
340
330
432
523
447
332
331
455
535
431
332
365
449
498
413
339
389
486
476
380
336
383
475
496
398
338
392
507
474
393
334
417
511
458
351
358
431
506
451
351
382
445
498
433
331
386
468
502
418
333
390
473
495
399
338
384
482
477
389
340
392
504
482
381
337
425
491
436
351
345
451
511
419
331
350
451
514
420
325
360
467
508
407
307
350
473
509
424
336
377
456
475
408
342
399
484
456
363
334
398
496
487
379
359
410
486
444
361
358
441
494
455
364
351
427
488
427
344
352
477
505
409
315
353
487
517
425
331
362
473
504
422
344
382
473
482
400
344
399
474
477
386
345
421
478
463
377
343
419
491
448
367
351
427
492
446
358
352
443
501
446
326
343
455
507
436
336
344
461
511
424
334
357
475
508
426
320
366
473
505
419
329
367
479
505
408
339
388
481
483
384
336
392
495
492
374
318
419
506
478
374
321
421
524
434
362
348
414
519
449
322
346
456
498
453
342
336
468
492
428
349
347
467
501
410
321
395
468
479
399
344
392
492
453
380
363
389
509
444
372
364
424
511
433
368
348
428
523
449
325
353
475
502
410
339
359
471
488
442
345
353
466
500
430
339
359
454
517
422
329
361
488
518
390
316
394
487
462
399
349
387
480
508
397
322
390
505
486
363
337
428
508
451
370
348
413
490
470
368
318
421
518
470
343
322
445
513
456
342
337
464
500
435
358
360
433
486
445
348
340
459
509
441
322
353
478
493
398
326
391
473
470
423
346
378
472
491
402
323
390
494
465
355
347
422
486
460
381
349
431
496
439
370
360
422
504
474
369
336
450
519
446
333
346
457
503
454
332
345
488
486
444
334
336
489
512
398
341
370
487
508
398
300
388
504
492
407
319
392
490
479
393
328
395
507
464
376
348
409
508
439
377
358
414
512
443
369
340
445
495
430
366
342
465
469
423
360
361
484
470
402
331
380
487
501
373
325
401
478
480
395
333
388
477
506
385
311
418
514
455
360
353
438
489
455
385
349
414
507
446
363
339
462
489
412
375
365
446
507
416
315
383
459
481
424
322
381
494
489
387
341
370
487
506
396
309
382
513
483
379
339
399
495
488
389
307
393
530
465
351
337
408
482
490
367
312
423
508
465
358
354
416
500
463
337
332
448
494
433
363
364
420
501
454
359
331
456
510
415
354
371
467
470
416
342
373
487
465
417
342
374
484
511
384
330
388
481
496
397
316
387
516
482
395
307
403
464
518
374
329
400
473
528
372
334
406
485
475
385
345
392
510
451
394
346
397
512
429
421
331
426
474
455
395
356
402
505
431
377
350
437
498
441
361
367
444
496
452
337
391
430
503
443
355
349
449
507
439
340
341
456
514
426
366
334
411
527
437
365
320
430
517
463
347
346
399
536
461
364
332
409
530
466
384
305
408
480
494
362
337
376
498
468
392
324
394
488
496
391
326
398
465
515
373
342
361
484
485
425
336
356
483
505
395
346
352
483
484
430
318
365
442
510
422
323
357
430
527
437
334
365
425
508
458
345
360
419
509
445
351
354
425
504
459
346
346
433
485
471
363
336
426
510
442
383
326
433
494
479
385
318
393
517
492
381
323
387
524
486
391
326
392
451
511
422
314
363
479
502
426
326
349
469
473
454
336
346
467
470
455
360
325
456
526
444
355
323
453
504
466
344
346
421
510
464
344
347
406
511
480
372
335
418
511
466
380
322
428
483
513
353
349
398
509
487
384
331
420
473
489
357
352
399
499
445
398
334
423
487
467
396
343
414
486
473
338
369
396
507
438
381
335
411
500
444
379
330
425
493
466
381
319
432
477
487
349
339
418
494
470
369
342
399
496
484
357
330
400
477
498
382
315
403
477
484
397
305
407
493
465
397
327
393
503
476
389
334
364
503
477
392
343
373
468
506
408
309
391
480
475
402
338
397
458
506
404
330
379
469
501
381
341
388
459
519
404
311
384
491
513
381
308
378
497
504
392
319
389
511
482
368
334
415
494
463
380
351
404
477
489
385
338
405
509
478
349
331
438
505
440
364
355
411
504
475
346
344
449
475
459
367
341
453
501
424
361
370
444
483
436
360
357
453
508
437
330
380
464
476
447
339
363
487
475
398
356
371
484
475
367
372
399
481
483
348
335
442
492
474
365
315
462
513
430
362
353
419
521
455
326
362
441
526
455
348
346
464
475
442
347
351
479
466
439
333
372
483
469
446
324
398
465
480
416
331
408
467
487
383
344
425
484
477
369
359
416
501
461
385
355
410
511
429
381
338
443
486
433
359
364
453
493
426
342
385
440
501
394
333
395
458
498
383
351
408
467
493
364
333
423
484
478
338
336
444
495
476
359
313
423
537
447
350
353
443
532
427
335
349
449
509
416
351
351
441
528
421
322
377
451
512
415
315
381
480
488
412
326
382
488
486
403
327
394
504
454
390
310
411
513
453
365
351
420
504
468
352
352
426
501
467
342
344
459
490
443
357
356
440
507
438
322
379
468
469
415
350
364
485
495
402
323
403
481
455
401
353
405
481
474
391
333
412
515
451
359
357
426
493
450
358
347
463
496
396
348
376
445
493
436
337
369
486
489
390
342
397
466
499
392
326
412
473
461
388
345
412
507
435
378
367
420
512
424
366
367
435
505
412
343
389
460
505
395
343
398
474
484
398
333
380
512
463
394
324
397
514
483
369
329
395
540
465
374
323
424
495
495
344
345
416
497
449
383
342
455
468
434
361
369
453
494
399
349
387
484
470
404
354
408
459
495
368
367
399
482
467
359
382
413
512
439
368
313
469
500
447
343
338
476
493
452
320
363
465
509
401
331
360
506
518
389
330
356
487
510
400
307
410
478
506
369
344
410
499
465
372
341
435
492
469
362
346
454
486
469
326
366
445
494
424
356
385
452
491
352
382
392
493
466
363
382
411
511
453
334
395
425
513
425
329
408
450
501
394
336
402
470
499
395
311
410
485
496
346
342
447
486
464
354
349
465
496
451
324
355
474
499
430
311
358
502
499
391
339
376
521
496
360
331
429
500
461
353
327
463
497
452
338
342
452
519
431
312
365
475
504
422
320
383
501
479
385
352
388
489
485
360
355
406
501
477
334
364
440
489
444
336
365
438
491
428
321
375
488
495
369
337
405
476
489
340
348
403
504
456
363
332
454
478
435
352
359
464
472
412
341
381
485
474
402
325
410
493
465
384
324
435
507
453
372
328
440
514
431
356
334
465
505
431
320
376
491
509
401
317
403
490
496
354
326
415
512
472
356
315
469
493
441
349
358
466
489
394
371
374
480
469
415
337
375
498
484
347
351
402
495
484
350
327
457
498
413
347
3