495 529
381 544
355 530
340 517
343 495
360 467
382 442
403 421
409 449
422 495
424 500
432 488
441 480
461 464
479 443
491 426
507 410
504 440
507 479
507 480
534 472
529 466
511 453
489 436
487 421
465 421
488 470
508 485
520 480
509 473
488 464
479 448
488 432
504 418
490 406
486 437
495 488
515 502
528 499
527 496
554 485
573 467
578 451
579 437
545 424
540 420
554 486
579 524
605 532
613 528
599 525
584 509
561 490
538 475
529 459
541 489
569 547
581 560
587 554
584 549
574 533
563 509
563 487
544 467
539 483
553 556
569 583
562 582
567 578
564 567
563 541
534 514
519 489
515 466
527 502
572 579
618 598
632 586
636 569
606 538
553 499
509 472
473 456
477 438
489 482
496 554
515 564
527 550
532 538
534 516
517 485
497 459
485 437
484 447
480 525
489 549
491 527
480 512
443 496
426 469
418 445
406 427
405 473
414 547
430 561
423 549
433 540
435 519
433 489
433 465
435 446
437 510
448 560
452 561
459 544
464 528
460 500
454 471
456 446
468 462
482 509
512 512
545 498
549 486
560 468
551 446
534 426
533 432
541 475
547 478
563 466
562 459
551 449
525 435
521 421
524 436
536 474
546 474
565 464
560 459
551 450
545 436
545 425
544 420
564 468
571 487
579 485
590 478
586 472
571 459
561 447
547 438
529 429
515 440
520 489
531 500
542 495
557 489
580 480
586 466
580 455
575 445
549 436
552 477
557 505
565 506
577 500
571 497
562 485
538 473
523 463
511 457
506 503
506 526
521 524
517 520
521 516
509 502
480 489
464 477
461 498
483 547
482 559
481 553
488 549
466 538
469 520
465 503
462 487
463 519
492 564
524 572
529 562
528 553
511 535
492 513
474 492
455 473
456 494
479 541
507 549
515 540
530 530
528 513
519 491
496 472
490 456
497 451
496 506
506 527
521 523
524 515
517 506
499 489
503 471
511 456
514 467
524 516
537 523
547 514
556 510
549 499
544 482
515 467
508 467
509 522
530 539
562 532
575 524
578 514
571 496
555 478
543 463
545 499
572 551
592 559
596 551
584 545
570 529
556 507
547 488
537 471
548 517
573 563
587 567
610 556
616 546
612 526
605 502
577 481
553 463
555 509
569 556
563 557
544 546
542 538
528 519
507 494
485 473
485 488
512 549
521 559
515 546
512 537
502 520
492 493
472 470
453 466
453 537
466 568
468 562
466 551
459 537
446 511
436 484
422 462
433 476
459 555
474 579
490 570
499 558
512 540
500 510
491 483
471 460
474 495
500 563
516 571
528 556
534 544
531 521
538 490
525 464
518 442
512 492
515 553
517 555
504 541
489 532
489 509
475 480
474 457
488 480
510 552
540 561
567 543
577 533
558 513
522 483
503 458
507 463
516 549
542 579
542 568
536 554
519 536
508 506
507 476
516 451
536 497
564 572
576 584
578 567
578 554
571 529
568 494
559 465
554 447
564 521
588 575
610 568
618 550
613 536
601 507
556 475
522 448
537 460
556 548
564 567
565 547
575 537
561 519
533 489
500 460
487 468
501 554
516 575
513 553
502 541
489 524
486 491
478 460
488 461
503 555
520 590
541 575
537 560
507 542
489 508
479 476
470 455
487 527
504 581
521 577
512 559
489 542
470 513
446 481
435 455
440 441
460 512
496 552
503 549
508 535
509 521
492 495
486 467
489 445
489 427
490 484
501 530
511 528
515 517
504 509
496 489
479 466
483 448
479 435
482 491
488 528
483 522
483 514
472 507
475 488
477 467
490 450
497 468
509 530
527 543
531 533
526 526
520 511
518 487
500 466
505 447
509 459
526 523
560 543
578 535
599 524
592 508
581 483
555 458
543 437
535 417
557 446
565 495
587 500
595 490
591 482
585 466
576 445
579 427
573 412
564 408
565 462
559 482
554 477
565 471
577 463
589 447
581 432
542 421
539 448
527 491
514 493
502 484
484 481
468 469
452 451
450 436
444 432
449 492
455 520
455 519
452 511
461 504
464 487
464 468
471 452
495 473
509 524
528 531
521 522
521 514
524 499
511 478
487 461
501 445
510 481
500 519
514 518
521 509
534 502
530 487
511 470
508 454
492 464
490 513
496 522
511 512
506 506
499 496
486 479
476 462
486 464
494 520
513 538
527 532
522 525
495 516
484 498
476 479
471 464
484 481
505 544
527 562
543 556
548 549
550 536
529 515
519 495
513 477
504 470
516 536
547 570
568 569
574 558
574 548
565 525
555 502
542 481
538 464
544 518
590 565
617 565
618 554
614 545
579 525
556 500
540 478
528 470
550 539
575 571
567 561
556 549
528 537
501 512
483 486
478 463
495 490
499 566
504 583
486 570
487 558
477 537
468 506
469 477
468 454
476 505
500 576
515 585
519 571
498 556
475 532
470 498
468 469
464 448
468 508
486 553
503 548
514 531
508 516
489 489
475 460
483 437
500 417
515 465
514 506
502 502
509 492
520 485
531 467
537 446
521 430
514 434
508 489
492 500
486 489
488 485
478 477
464 461
450 446
459 445
475 500
471 516
472 508
477 502
483 495
486 478
491 463
494 449
495 479
511 531
533 539
544 532
560 525
546 514
535 496
541 481
536 468
536 491
546 545
563 556
574 549
575 543
585 531
581 511
575 494
565 478
534 471
542 529
558 558
569 555
586 547
588 539
578 522
560 502
530 485
520 488
538 543
540 558
526 550
512 545
509 533
505 512
511 490
519 473
542 522
564 557
569 551
558 543
547 534
524 513
495 489
475 467
478 506
495 540
498 530
503 515
510 505
495 485
502 462
521 443
532 483
520 518
515 511
519 502
538 497
547 481
518 461
502 465
476 521
471 532
462 521
468 515
481 502
476 482
472 466
474 517
512 555
533 554
529 543
519 532
497 512
489 488
474 484
498 544
536 569
546 563
556 549
543 531
516 505
517 479
521 457
539 460
541 515
561 530
570 523
566 513
555 498
552 475
543 454
559 437
546 423
533 422
538 478
523 496
512 493
522 490
511 482
508 466
513 452
517 439
513 452
516 498
522 508
519 502
528 497
543 486
540 470
530 455
517 443
513 433
521 482
531 522
558 529
569 523
571 518
568 503
551 487
544 472
544 458
551 452
558 511
567 543
574 547
570 541
561 534
563 516
550 496
536 479
515 464
516 455
527 516
547 549
560 548
559 543
542 537
532 518
518 496
505 480
499 465
508 509
522 550
513 548
503 538
499 532
478 513
462 490
449 470
436 452
441 492
463 553
473 565
475 558
477 550
486 532
490 505
490 482
477 462
476 473
489 549
520 574
522 569
528 558
538 542
524 516
497 489
480 468
485 452
502 520
519 570
525 571
526 560
535 549
533 524
518 494
508 471
500 450
483 471
485 550
505 570
519 561
523 555
521 539
512 511
499 486
492 466
493 487
510 562
519 577
519 565
528 556
521 538
508 509
495 484
497 465
507 531
529 590
532 591
529 576
535 564
540 537
539 505
525 480
530 462
533 539
573 599
567 602
552 587
564 572
561 542
555 508
532 480
516 458
545 511
580 588
602 600
609 583
605 569
584 542
559 506
536 477
511 452
521 472
529 559
557 582
556 567
558 554
536 531
522 497
499 466
495 442
491 436
479 524
487 562
471 550
468 538
461 525
449 495
438 466
443 444
453 499
476 564
499 560
500 541
485 530
464 504
447 471
441 444
445 453
453 550
478 586
479 577
481 561
463 542
467 507
475 475
477 447
486 500
509 580
524 595
530 576
502 559
482 530
460 493
441 463
443 439
451 503
480 563
492 563
488 546
501 529
507 499
498 466
513 439
512 416
509 446
515 517
535 531
547 520
564 513
587 495
583 467
563 445
544 432
539 493
549 529
564 522
567 515
569 507
540 485
511 461
505 444
512 499
525 544
536 542
539 530
545 522
537 501
534 475
521 455
528 458
536 533
546 562
557 558
565 548
588 534
587 507
568 481
539 459
531 459
525 529
546 557
545 553
551 539
546 523
509 495
483 467
469 444
461 423
485 465
489 514
497 521
499 510
491 500
490 480
480 454
485 433
478 414
487 451
484 501
475 508
491 499
514 492
513 473
498 450
488 430
479 422
480 488
480 526
497 525
498 516
506 505
486 481
456 456
459 435
464 417
480 454
489 530
492 552
502 545
512 535
521 515
521 486
509 460
528 438
527 418
511 429
495 522
517 560
550 556
571 544
570 529
558 500
546 469
545 445
541 425
555 421
574 512
598 557
601 552
580 541
565 529
559 501
557 470
537 447
533 436
546 517
562 563
559 552
557 539
571 529
557 502
529 472
517 448
527 488
554 571
581 583
603 564
596 554
588 533
575 500
558 472
535 450
549 505
572 593
614 607
622 592
606 579
595 552
570 516
545 485
519 461
521 505
551 583
577 596
576 579
566 563
530 537
516 502
481 474
467 450
462 481
479 557
494 571
499 557
496 547
489 526
476 496
455 471
455 449
458 493
491 558
512 563
504 549
503 541
480 522
459 496
432 473
439 499
459 569
466 579
461 563
460 552
455 530
448 499
448 475
462 461
472 540
490 595
507 600
495 584
485 567
478 537
481 505
480 479
474 470
500 554
525 601
539 600
567 580
581 559
574 525
561 491
538 467
521 446
523 512
541 582
559 590
574 571
562 553
553 523
534 487
520 459
541 437
551 423
561 513
573 568
589 566
597 550
585 535
572 505
548 472
529 449
535 449
531 537
552 569
558 552
563 535
558 516
547 482
529 450
514 425
496 458
496 552
513 574
519 555
514 537
489 511
464 473
451 439
439 413
457 432
459 535
483 567
496 553
506 534
504 510
478 472
477 436
471 409
467 385
465 457
468 545
493 555
520 535
543 518
529 489
493 450
491 417
490 392
502 410
513 517
529 547
536 530
537 517
528 499
527 463
537 428
542 401
545 449
524 541
530 549
523 525
517 516
514 492
495 455
501 422
494 427
493 538
512 577
514 558
521 540
518 521
504 484
490 448
502 418
517 492
539 582
555 588
573 565
572 550
565 520
536 480
509 446
526 441
539 550
559 594
553 577
538 559
518 538
501 500
484 461
478 429
476 481
484 574
476 579
453 553
453 538
458 509
436 469
430 433
427 431
429 534
444 566
438 540
434 526
426 509
416 473
411 437
418 440
444 541
469 566
488 538
493 527
490 509
485 472
485 435
505 478
543 573
578 584
586 561
583 548
564 519
548 481
526 447
539 516
586 595
607 596
603 572
573 555
557 523
541 484
519 454
535 531
569 592
599 587
604 564
587 544
572 511
550 476
544 450
568 523
589 578
608 570
615 551
602 532
572 501
535 469
535 446
546 510
583 562
579 557
568 543
569 528
557 501
541 473
538 462
553 535
578 564
580 550
575 539
568 521
557 493
541 465
544 496
557 561
580 568
566 550
549 535
524 509
489 479
466 453
478 471
498 544
510 566
514 552
501 532
465 508
431 477
422 450
421 425
441 452
456 507
463 519
481 506
490 493
485 474
482 449
470 426
473 406
472 389
476 381
481 447
498 477
495 477
498 468
473 460
458 443
448 424
438 410
443 395
464 419
476 462
483 466
493 458
493 451
481 438
490 421
487 404
492 389
508 408
516 458
537 469
541 463
534 458
551 447
546 431
536 415
528 403
518 390
532 421
561 479
586 497
614 495
616 492
611 483
597 465
594 447
588 431
586 416
584 432
598 504
611 530
604 530
604 526
592 516
574 494
549 472
529 453
529 434
530 438
560 513
580 543
595 538
595 531
582 521
566 498
525 473
494 456
485 439
488 492
504 549
514 550
512 537
495 528
472 506
452 478
449 454
444 435
463 477
470 558
483 574
484 562
485 551
484 531
461 501
452 472
446 449
472 462
494 553
496 586
492 577
489 564
485 546
482 515
470 484
457 460
469 451
495 540
537 588
564 580
565 563
559 547
537 518
525 486
511 460
521 447
541 532
551 583
549 574
540 560
542 546
531 519
518 486
502 461
498 481
511 571
534 590
540 569
554 558
552 538
525 506
506 476
501 481
534 577
555 608
577 591
589 574
581 554
569 519
536 487
517 466
539 550
582 618
594 619
600 598
588 580
570 548
561 512
549 482
551 487
589 585
609 622
606 607
591 587
584 561
567 525
538 490
501 463
493 488
521 582
545 603
539 583
534 562
533 534
501 497
463 466
438 441
444 439
456 538
475 580
484 567
476 552
479 533
461 499
443 467
433 443
434 448
446 541
462 571
461 552
461 540
449 521
434 487
417 457
429 433
452 501
463 573
471 572
469 551
462 534
462 504
461 469
457 441
455 417
452 466
472 567
500 591
521 574
520 556
510 529
500 491
488 458
499 432
510 409
533 411
546 531
563 587
554 581
538 563
529 543
540 506
536 468
531 439
528 415
529 419
536 532
562 577
579 564
593 547
588 530
574 495
554 457
566 430
579 419
591 521
601 571
599 553
594 534
582 520
556 485
507 447
511 417
529 451
548 558
580 578
578 553
579 537
574 513
540 472
524 435
516 408
519 492
521 577
513 577
510 553
494 537
482 505
474 463
462 428
450 411
476 517
509 581
530 569
532 548
533 531
529 496
495 453
493 420
481 397
493 489
514 569
528 565
524 544
516 533
496 503
486 464
473 432
469 453
475 553
493 573
490 548
476 538
480 519
482 482
483 448
515 471
526 571
545 587
556 561
558 546
564 522
546 484
532 449
535 440
548 551
582 605
594 594
600 574
586 553
558 516
541 478
524 447
536 491
550 590
570 606
579 583
586 565
574 536
558 494
532 459
526 431
529 461
551 567
589 589
579 568
559 553
535 528
506 489
501 455
504 429
505 466
507 561
508 573
516 549
512 539
504 514
494 476
468 442
468 440
472 542
477 582
475 560
462 541
434 521
410 484
398 446
404 419
415 421
432 542
473 597
472 589
464 566
465 544
466 505
458 464
471 434
490 429
513 544
543 597
545 586
539 562
527 538
519 497
493 454
486 422
489 420
504 530
539 572
544 555
550 535
556 514
551 475
531 438
539 409
555 455
567 543
587 549
573 527
552 515
542 489
521 452
514 420
526 406
541 507
562 563
568 553
561 534
563 518
556 485
529 446
527 417
523 395
530 483
530 570
546 578
545 558
548 542
539 513
521 474
506 439
507 413
522 463
537 563
548 580
544 558
554 541
539 515
508 476
487 439
491 409
509 444
519 549
526 568
519 544
506 530
492 509
476 472
473 436
468 423
467 525
476 572
472 550
472 530
477 515
459 481
438 443
448 415
457 504
489 581
498 577
503 553
492 539
469 509
450 470
447 437
464 487
502 584
520 595
537 570
541 553
542 525
547 486
537 453
538 465
553 563
557 589
560 566
548 547
541 523
526 487
510 454
527 434
545 517
585 561
600 545
587 528
578 511
566 481
529 450
534 430
530 503
532 541
529 527
533 512
547 497
540 471
534 442
537 432
527 509
538 545
548 536
561 521
560 505
528 476
509 448
512 425
526 439
518 520
543 547
552 539
545 525
515 506
494 476
480 448
482 425
484 404
490 463
494 528
485 540
475 526
477 512
485 486
499 454
503 428
489 406
480 403
475 487
482 527
495 522
517 511
515 497
505 471
495 443
489 422
482 435
476 515
487 538
490 523
499 511
486 493
490 462
507 432
501 408
510 444
516 535
535 558
549 543
554 527
557 503
548 468
543 436
543 411
536 412
551 511
575 557
597 548
606 530
612 512
616 478
593 444
592 416
584 392
585 440
598 535
616 553
622 533
616 518
608 494
587 459
584 426
578 403
575 385
572 475
553 547
551 543
541 526
540 515
538 488
528 453
524 426
533 451
542 550
537 567
516 541
497 527
462 506
438 468
423 434
419 420
431 532
459 594
473 583
477 561
476 542
467 507
453 468
455 436
468 502
506 596
530 603
524 577
522 559
502 528
474 488
458 452
476 467
504 573
526 597
530 571
527 555
525 530
513 490
507 454
514 452
514 556
520 588
524 561
536 547
537 529
515 495
482 462
476 492
503 586
532 594
539 566
535 552
510 526
493 489
468 455
474 509
510 607
532 620
540 598
552 578
547 547
541 508
532 472
538 518
570 611
591 623
597 596
577 575
562 542
543 500
519 464
544 473
568 573
587 600
580 577
582 554
570 526
543 485
521 449
527 422
535 496
546 568
544 564
525 542
515 527
505 496
485 459
489 431
492 471
509 558
505 568
485 545
468 530
451 502
431 464
413 433
427 426
443 533
476 586
492 577
501 555
485 532
471 494
458 455
459 425
465 408
477 510
505 582
511 581
517 557
508 535
486 499
475 457
477 423
478 396
483 399
483 518
496 566
508 554
510 534
514 512
520 474
493 435
492 406
489 381
513 449
539 543
571 551
577 528
568 519
550 495
520 458
512 428
521 413
529 516
558 573
568 557
565 535
569 519
563 484
549 442
549 409
553 394
554 513
575 593
601 592
600 568
605 550
598 513
571 469
559 432
546 403
534 449
548 573
578 602
568 581
561 561
542 535
508 490
469 446
452 413
454 383
457 462
464 574
473 584
484 559
501 543
508 513
498 468
494 427
491 396
522 465
526 567
536 569
527 540
508 531
488 505
468 461
441 422
450 430
470 553
497 589
511 560
505 542
511 521
485 480
455 439
458 409
458 504
482 601
494 606
501 581
494 563
492 530
481 486
472 449
489 446
519 564
551 613
554 596
550 574
528 550
518 509
514 466
513 433
518 415
516 526
554 592
588 583
593 562
588 543
577 508
558 467
547 436
553 432
571 540
603 584
606 564
588 548
548 532
542 497
523 460
518 436
522 531
539 595
536 580
530 556
518 539
503 502
477 463
479 431
493 499
529 600
556 614
550 589
548 568
530 536
509 494
497 458
531 461
534 573
555 614
560 598
567 572
555 543
549 502
529 462
515 432
526 438
510 530
509 560
488 546
474 524
468 499
447 465
434 433
435 407
450 439
465 499
473 504
462 488
498 476
499 455
486 429
472 408
464 397
469 459
473 487
480 480
478 470
483 460
484 440
488 419
494 402
491 421
488 483
485 498
483 491
497 481
509 470
514 450
511 430
511 415
499 400
506 445
513 497
524 507
525 497
521 491
529 476
533 456
537 437
548 421
543 405
541 388
562 443
560 498
559 508
564 499
574 493
573 479
571 458
576 438
583 421
571 404
570 441
562 501
564 511
562 504
564 500
538 488
498 466
484 446
480 427
479 463
487 524
488 533
498 522
500 513
500 496
496 468
481 442
466 420
453 449
459 532
479 557
484 549
486 538
475 519
459 489
448 460
454 435
472 456
481 538
502 556
507 541
507 524
497 504
485 471
482 441
493 416
514 430
518 502
517 515
523 500
547 490
554 474
542 449
534 426
537 428
541 495
531 512
522 496
535 487
539 475
519 452
508 431
511 421
517 494
508 532
519 528
530 518
527 506
523 484
515 461
522 441
539 480
560 530
582 532
583 517
566 508
563 489
556 466
565 445
583 434
593 493
603 514
590 505
579 494
580 484
595 465
583 447
573 432
583 462
564 504
547 501
535 489
538 485
517 473
518 455
503 440
493 472
485 515
476 512
479 500
483 494
463 481
464 463
452 447
446 459
442 522
458 538
495 530
493 523
483 512
473 493
465 474
472 458
485 501
525 548
530 551
520 540
517 532
514 516
493 493
495 473
505 464
516 526
538 552
560 543
578 531
561 520
533 499
509 476
484 456
492 467
506 530
525 540
538 526
543 518
545 505
535 482
520 461
522 446
527 499
527 532
534 521
522 510
513 504
502 485
505 463
512 447
529 498
551 530
563 518
573 507
578 498
562 480
557 458
561 441
577 486
591 536
618 535
616 522
602 514
579 499
566 476
542 457
540 453
546 521
561 546
572 536
562 525
558 514
550 493
518 471
517 452
522 439
530 505
544 540
551 533
542 521
537 512
531 492
500 469
476 450
468 435
476 487
489 534
517 529
508 518
495 515
485 498
470 477
453 458
489 477
478 531
465 531
447 515
448 509
424 494
409 474
417 453
410 481
420 526
425 522
425 507
442 499
431 485
426 464
414 446
398 446
406 506
407 520
418 509
425 500
435 491
440 472
446 455
457 441
476 485
504 519
540 510
560 498
566 492
576 478
585 461
583 446
566 456
556 512
604 519
603 503
594 501
586 495
566 480
562 465
562 476
568 532
580 538
572 525
562 521
557 512
537 495
530 478
538 478
564 549
588 575
591 568
602 560
588 551
569 531
561 509
535 492
555 548
583 593
589 590
575 577
559 567
557 545
541 517
511 491
500 505
545 570
570 580
550 565
527 556
514 539
492 512
475 485
476 500
494 564
515 572
509 553
496 543
479 526
457 499
440 472
450 513
478 573
510 574
515 556
504 544
493 522
477 492
467 466
482 493
515 570
540 585
528 569
539 555
541 533
525 502
508 472
491 451
515 508
534 557
540 554
536 536
522 521
529 495
522 465
508 440
521 426
547 486
555 513
568 503
567 493
573 482
553 462
535 440
534 422
519 411
518 467
516 499
517 491
519 483
509 478
516 463
519 444
508 429
511 466
515 510
514 508
523 496
521 491
524 478
529 458
525 441
521 432
541 495
545 527
555 522
544 512
536 505
521 489
498 469
490 453
482 443
476 506
483 539
487 533
482 523
477 516
475 498
472 476
463 458
467 443
471 493
499 542
532 541
535 529
529 526
503 512
487 490
480 469
474 471
480 540
492 561
497 547
489 540
490 531
486 508
462 483
448 464
466 527
518 578
538 575
544 562
534 553
520 530
498 501
488 475
485 487
509 570
549 595
557 584
566 571
557 554
549 525
539 495
515 470
527 509
556 584
584 595
605 578
609 565
590 543
562 512
540 482
533 463
558 535
593 586
607 580
597 562
580 549
553 522
533 490
524 464
545 496
576 571
593 577
584 556
589 547
578 526
567 496
540 470
528 504
541 579
544 584
532 563
513 551
504 528
501 497
505 470
527 499
549 583
558 601
554 583
549 567
520 541
482 507
452 477
443 472
460 551
482 583
496 571
498 551
499 527
487 494
462 463
453 436
444 434
447 500
470 524
484 516
483 501
480 485
466 459
457 434
463 415
471 403
467 459
464 485
472 480
471 471
482 463
479 445
477 427
473 412
467 401
477 448
484 475
480 471
480 463
477 458
471 444
472 428
464 415
470 422
485 472
494 485
501 478
510 472
502 464
502 448
505 434
509 421
507 409
515 432
529 484
535 498
543 494
543 489
550 481
551 464
540 449
540 436
536 423
540 416
548 474
559 511
570 515
582 510
574 506
567 493
553 475
540 459
551 446
546 431
556 453
556 517
573 536
571 532
562 530
552 522
540 504
522 485
499 470
498 469
497 533
510 558
489 550
486 544
494 534
484 512
456 487
431 468
441 454
458 520
502 575
546 579
538 569
517 558
487 537
471 507
469 481
457 459
460 450
476 534
511 584
529 583
557 569
571 557
561 530
536 498
528 471
521 449
525 478
556 564
556 583
538 568
526 555
510 537
501 506
489 474
507 449
527 438
539 522
568 575
581 568
582 554
565 545
556 520
557 488
534 462
549 486
569 572
570 587
590 563
599 553
604 535
580 505
570 474
588 487
614 579
624 604
618 585
601 571
573 552
551 520
517 489
507 484
530 579
559 619
550 605
528 588
516 569
502 535
482 501
484 499
516 577
531 598
530 578
530 560
512 538
491 505
469 474
458 485
480 547
480 555
475 537
473 525
472 505
447 479
426 454
443 469
449 523
450 527
447 513
452 505
437 487
429 465
436 446
464 486
490 517
469 508
471 496
475 488
476 470
497 450
507 441
505 494
501 512
513 500
529 495
535 487
535 470
542 452
552 462
569 512
578 520
551 510
540 505
537 493
536 474
534 456
567 493
593 535
615 540
619 531
625 522
616 503
605 481
586 461
582 461
591 526
612 559
621 561
614 550
601 536
587 512
572 485
555 464
555 444
546 450
547 524
559 555
568 553
567 541
561 524
538 496
508 470
483 450
491 432
510 484
525 535
540 538
519 526
503 515
484 493
459 467
449 448
444 433
459 490
463 538
448 538
446 525
438 514
431 490
427 464
434 443
432 437
446 513
471 557
476 558
474 544
472 528
468 501
454 473
450 450
452 433
454 499
486 560
517 567
517 551
495 538
491 513
481 481
470 456
499 435
519 466
537 549
533 567
538 553
550 541
557 520
552 488
531 461
528 439
546 459
562 543
578 565
571 551
567 541
576 524
567 495
542 467
539 449
536 518
556 572
568 564
569 548
567 536
561 509
562 477
534 453
527 516
541 579
541 577
535 558
521 543
501 515
485 481
474 452
488 476
498 554
508 569
509 551
487 535
459 512
456 479
441 451
444 429
449 484
453 533
473 532
485 518
501 507
499 485
474 459
468 438
469 420
490 465
483 511
499 510
504 499
504 492
506 476
502 454
520 436
518 422
515 470
515 504
529 498
523 489
509 484
502 469
495 450
502 436
507 465
523 510
528 510
529 499
533 496
547 484
549 465
546 449
546 450
557 517
589 543
588 540
594 533
571 527
545 507
528 485
518 468
530 469
545 536
575 562
594 558
594 549
611 537
612 513
581 489
547 468
539 450
540 499
557 544
549 545
545 534
537 525
529 506
520 482
502 461
510 443
510 452
514 517
526 533
511 525
519 519
520 508
508 487
491 466
470 450
475 483
483 538
500 543
498 532
493 526
477 510
468 486
458 464
454 447
463 502
480 561
493 568
490 558
497 549
489 528
481 498
484 473
482 452
479 440
492 517
531 570
543 572
548 560
550 549
540 524
526 494
499 467
498 447
494 454
503 540
528 570
547 559
559 548
559 533
559 504
554 474
550 449
555 429
567 470
573 550
578 561
581 545
569 540
556 524
541 493
526 468
525 454
524 527
529 575
538 562
536 546
539 535
536 508
518 476
503 449
523 477
541 572
573 595
572 578
564 563
552 541
520 507
502 475
475 449
492 505
540 585
547 593
566 576
567 566
561 544
546 512
534 484
525 532
540 600
538 598
528 573
513 559
501 532
487 497
466 466
473 479
499 579
506 613
538 596
545 575
537 552
515 517
507 481
494 453
502 484
538 578
572 599
583 580
580 566
558 544
539 508
518 475
516 463
526 552
553 596
572 580
579 559
569 538
546 504
520 467
504 437
493 414
504 473
522 572
545 595
546 577
544 559
530 531
524 490
481 453
468 424
490 421
500 526
531 576
545 565
553 547
545 530
533 495
504 459
488 431
464 436
456 533
472 568
489 547
498 531
477 512
464 477
452 439
443 409
468 428
466 538
470 574
451 556
441 540
435 519
423 483
427 443
434 411
441 394
460 497
473 565
485 558
498 539
499 527
505 497
495 458
495 426
508 423
513 526
553 567
559 546
554 533
548 521
525 487
512 447
500 416
525 481
566 571
545 577
530 552
534 541
537 515
540 475
540 439
545 410
553 458
569 564
584 586
582 563
580 550
584 527
568 489
538 450
512 422
516 440
524 547
543 578
538 556
529 544
515 529
485 495
458 459
473 439
477 530
485 582
484 564
465 544
458 529
445 497
440 460
453 427
480 487
515 582
542 597
537 577
533 563
523 537
498 500
473 466
462 464
480 565
526 607
537 593
540 574
534 553
516 517
499 481
479 452
500 515
532 584
553 583
568 561
559 546
546 518
532 484
510 455
519 451
539 541
560 580
564 565
548 554
548 539
540 509
522 480
513 471
532 557
555 595
554 576
557 557
543 536
519 503
511 468
499 440
496 464
497 571
517 607
513 593
511 573
507 548
491 510
471 472
447 444
444 444
460 549
485 598
513 587
509 565
504 541
479 504
467 466
465 436
468 411
509 484
532 570
554 576
554 554
565 537
559 508
533 469
516 437
508 413
504 480
518 563
546 565
562 541
555 528
544 498
532 459
532 427
529 433
541 543
571 580
586 559
572 539
547 517
520 479
501 441
501 411
505 442
515 556
535 585
552 563
548 543
546 518
536 477
535 437
538 406
540 417
537 531
544 569
549 549
542 530
556 509
565 471