561 517
440 575
413 555
409 522
406 505
408 482
440 450
437 418
451 456
453 557
477 571
474 537
466 518
466 502
462 472
457 438
453 442
458 545
484 578
493 549
501 526
491 508
476 479
464 447
466 418
477 494
501 583
519 579
518 543
517 525
520 501
506 465
513 431
525 410
524 489
534 584
544 585
560 550
544 528
522 506
519 468
524 432
503 404
479 462
482 562
492 570
500 534
496 514
496 499
483 468
481 432
478 409
488 488
492 563
512 555
525 518
512 503
501 483
497 449
496 417
504 452
512 554
543 568
556 535
536 516
529 497
501 464
519 432
526 421
538 531
572 587
578 567
560 534
554 517
548 489
537 453
534 424
539 503
566 588
575 579
583 544
569 526
556 502
544 469
532 434
515 487
508 576
520 577
518 540
514 525
502 508
494 478
485 449
491 510
502 589
524 584
546 550
540 531
530 510
511 475
482 439
488 489
508 588
542 598
556 561
546 538
538 517
512 481
509 445
515 464
527 571
553 592
566 557
540 529
531 509
516 477
496 440
501 420
494 503
505 580
524 570
524 533
530 523
503 498
493 464
491 431
494 458
506 558
529 570
526 532
514 514
514 501
514 470
519 436
499 429
486 540
517 590
550 563
546 521
544 503
538 475
515 436
527 402
528 425
545 545
577 572
582 541
561 512
550 498
527 465
521 426
524 395
524 462
523 560
528 562
526 522
522 503
510 484
496 451
503 418
501 414
487 526
509 568
533 541
526 514
537 504
532 477
515 442
497 431
500 538
538 585
558 554
546 523
541 507
511 480
479 445
487 425
499 536
548 597
578 577
576 541
559 524
536 496
535 457
524 423
505 493
531 588
568 589
567 548
547 525
530 502
521 466
502 432
481 419
480 533
502 591
517 569
511 538
501 523
493 497
479 460
481 431
487 494
506 580
523 575
529 537
527 522
523 502
494 468
498 433
504 499
527 586
538 581
528 539
531 517
546 495
553 459
556 428
509 470
519 576
539 590
547 556
565 534
556 514
530 479
507 445
509 451
535 559
568 588
583 556
571 533
556 515
545 484
519 449
509 438
496 532
516 575
536 550
529 522
528 510
511 482
490 447
499 427
501 520
522 573
526 553
523 519
522 505
512 476
496 441
510 414
512 439
520 545
547 571
550 543
560 520
560 505
559 476
531 440
518 411
509 470
501 559
517 564
537 533
549 515
538 496
509 460
490 425
476 401
479 469
493 556
514 558
511 528
500 511
490 490
475 459
476 428
478 443
477 543
496 567
495 534
490 510
484 493
476 462
491 428
492 412
488 515
495 574
513 556
521 523
501 503
503 476
500 437
526 407
531 449
535 548
536 562
517 530
515 512
500 490
491 456
507 413
527 411
551 513
585 543
588 512
584 494
570 486
555 463
556 433
557 476
567 567
612 577
623 539
615 517
605 494
558 459
554 435
553 530
591 581
598 556
589 522
559 506
521 481
490 445
485 416
494 511
518 584
544 572
535 532
508 512
488 485
489 444
486 408
467 391
475 505
488 579
498 567
492 532
483 515
477 488
460 449
469 413
466 476
484 571
502 571
509 531
510 510
497 488
466 452
466 417
475 494
495 569
515 556
529 518
524 499
509 478
485 443
487 420
493 521
513 568
512 540
501 505
484 489
469 463
473 426
478 403
480 516
500 583
531 561
522 523
502 506
498 479
494 440
492 404
499 476
507 577
551 577
574 536
560 518
543 499
534 462
533 423
525 401
508 515
525 581
537 558
551 522
546 506
522 482
472 447
479 413
489 427
508 539
557 564
545 527
526 507
513 494
500 468
494 431
495 421
494 523
523 565
526 532
527 506
530 496
527 476
540 444
572 456
592 554
611 577
601 541
588 519
565 502
557 471
556 435
557 447
560 559
574 588
579 554
569 524
559 506
532 474
498 439
477 411
486 484
524 588
578 595
591 557
573 531
561 510
524 473
477 434
457 402
462 447
484 567
525 592
558 558
553 531
533 512
512 477
485 438
484 404
484 384
490 473
523 568
540 568
540 533
515 513
489 491
481 456
476 419
471 391
459 395
463 515
493 566
510 541
513 513
504 501
486 478
466 443
470 414
472 414
486 523
521 568
537 538
534 509
505 498
488 474
474 440
483 408
489 476
510 572
545 578
547 541
535 521
527 503
510 471
499 435
498 424
517 541
548 601
560 582
562 550
553 533
538 506
510 466
496 430
486 459
493 570
510 595
525 563
521 540
510 524
488 492
462 457
469 434
470 521
502 585
523 569
531 537
530 523
515 500
494 466
491 436
512 495
547 579
588 577
561 541
542 523
527 502
510 470
495 436
482 417
487 522
525 596
563 589
572 556
560 538
575 512
552 475
524 441
509 420
518 510
541 586
561 579
560 543
553 522
530 499
505 465
492 431
474 408
487 455
506 556
539 568
529 534
507 517
508 501
504 470
499 437
495 415
508 494
525 570
548 560
542 524
539 506
503 485
493 450
490 416
485 396
492 500
512 581
541 574
530 538
519 520
522 495
510 458
507 424
495 403
497 500
525 583
540 575
540 537
526 519
508 496
484 460
489 423
486 397
488 470
495 570
504 572
504 535
490 520
483 505
477 472
489 437
489 423
473 529
495 586
509 560
511 523
515 508
505 484
489 446
486 412
483 445
498 568
542 595
563 560
554 531
526 514
513 481
493 442
497 416
500 520
535 594
561 577
558 536
546 518
530 493
506 456
518 420
531 454
550 566
571 580
572 544
566 524
558 509
540 478
512 442
510 453
523 565
555 591
556 552
553 526
560 510
535 480
507 444
497 426
507 539
541 604
561 585
559 549
539 532
535 505
518 467
491 433
494 473
513 586
556 603
573 566
568 540
542 520
517 485
489 448
492 421
491 507
517 591
546 581
538 543
516 527
482 506
477 471
485 437
491 446
492 560
504 588
514 553
505 529
493 516
491 487
474 450
486 430
488 535
508 595
524 573
526 539
532 523
525 496
492 460
487 429
488 494
516 590
542 593
557 555
554 534
548 511
525 475
507 439
511 438
520 541
551 573
559 543
565 512
542 490
528 458
519 420
502 390
506 424
508 505
525 515
527 486
519 470
492 453
486 425
488 396
492 377
492 443
484 497
494 492
497 469
503 459
501 439
499 411
493 387
480 376
484 453
482 510
491 510
494 493
495 483
491 463
493 436
504 411
495 399
493 473
508 526
514 524
502 504
504 494
493 475
481 447
488 423
487 405
495 458
477 527
487 534
485 514
480 508
489 494
483 468
494 443
487 426
480 489
487 552
496 550
495 527
503 517
500 500
493 471
498 441
489 422
493 497
495 571
524 576
525 552
520 539
521 519
509 487
489 456
487 432
497 497
520 578
541 583
537 554
535 539
533 521
529 488
512 454
492 431
480 503
506 577
541 572
553 541
549 529
543 511
535 478
523 446
520 476
536 572
561 587
585 552
595 530
586 514
564 484
549 450
549 449
544 562
576 608
592 588
594 560
588 543
576 515
564 478
528 456
541 553
575 613
580 597
566 563
554 546
557 519
537 481
505 448
497 509
511 592
519 588
521 553
511 537
498 517
492 486
482 455
500 517
510 592
536 586
571 551
572 538
586 516
586 482
565 466
569 563
593 604
615 576
615 546
595 530
562 501
535 466
523 456
514 566
528 612
564 591
569 559
550 539
515 508
486 469
476 439
479 511
517 600
553 602
548 568
541 545
527 519
508 481
483 446
489 426
495 525
509 591
515 580
517 546
503 527
489 499
492 460
494 427
486 411
486 513
510 572
527 556
529 527
531 512
521 486
504 451
498 421
503 458
515 555
548 564
551 528
544 509
531 491
501 456
500 422
497 427
505 543
530 579
551 552
554 525
543 508
553 477
536 440
526 412
528 496
547 586
570 584
560 549
548 531
530 507
520 470
524 436
521 437
513 552
533 591
537 563
513 533
493 515
482 482
483 441
480 408
467 466
473 562
488 562
496 522
494 505
478 486
460 453
459 420
464 421
474 529
497 559
510 523
506 503
481 494
472 465
477 428
479 410
489 518
522 575
544 552
516 519
494 503
485 475
476 437
490 404
494 481
513 576
536 577
522 540
513 520
511 496
500 457
485 421
478 442
489 558
508 580
518 546
520 522
506 505
501 472
494 436
492 421
508 530
536 579
554 554
547 526
527 513
510 486
490 450
499 426
502 520
521 584
552 566
551 533
539 519
523 493
500 456
512 425
519 463
532 576
558 594
546 561
541 538
528 518
529 481
528 444
530 417
525 488
518 588
535 593
541 557
543 535
534 511
524 473
513 435
511 409
509 443
500 563
530 587
544 554
546 531
527 516
509 483
503 446
496 419
489 473
504 572
529 575
529 537
515 520
507 500
499 464
498 427
494 404
493 507
504 584
527 571
523 533
515 515
517 488
514 448
524 412
515 390
520 498
527 583
543 574
557 536
541 517
535 492
503 452
495 415
493 390
492 484
510 578
546 572
544 533
536 516
528 494
514 456
522 420
520 406
523 519
543 584
567 560
567 525
554 513
542 487
538 449
533 413
550 441
551 568
579 596
574 560
555 532
548 514
531 480
513 439
500 406
484 440
488 574
517 607
534 572
535 543
514 524
484 489
471 445
491 409
486 463
478 586
492 602
493 561
489 536
493 516
488 480
480 440
486 413
478 513
499 595
518 580
516 542
509 530
519 507
539 467
549 428
549 476
546 587
568 594
568 551
538 531
508 515
511 480
497 441
502 442
515 570
539 616
571 587
576 551
568 531
559 498
536 457
532 431
530 539
560 601
585 578
583 540
567 521
545 492
508 453
506 420
513 484
527 587
553 588
537 547
525 528
510 508
491 473
497 437
502 493
528 581
566 579
574 541
570 528
553 511
550 480
547 465
561 567
588 615
614 589
622 557
618 540
614 508
595 469
578 463
553 570
566 603
571 569
556 534
535 512
509 478
485 438
474 404
465 378
458 356
459 442
458 547
482 554
495 517
487 486
467 454
479 409
475 364
472 326
459 295
447 317
442 385
435 399
444 380
445 362
447 345
450 319
450 291
442 270
434 253
429 270
432 329
442 341
434 332
437 326
431 325
428 315
433 302
429 291
435 284
429 310
437 362
446 368
435 357
442 356
448 357
443 350
447 338
452 331
465 335
482 388
497 398
511 385
513 379
507 383
491 378
481 368
484 358
485 384
501 427
507 427
511 414
516 413
507 413
498 405
497 395
499 388
516 440
528 461
533 451
536 441
547 440
553 436
553 424
548 414
532 421
540 473
540 479
538 468
533 461
538 460
542 452
524 439
532 429
533 456
549 492
577 487
576 474
572 472
544 470
543 459
546 448
535 445
546 491
545 499
539 488
534 481
513 482
524 474
520 461
526 451
535 483
540 516
561 514
556 502
548 501
534 497
524 486
538 474
534 469
542 521
559 538
563 532
563 523
561 523
542 514
527 500
503 488
485 482
497 530
515 549
520 543
514 535
521 534
516 526
512 511
507 497
495 490
516 537
554 556
550 548
532 540
518 539
505 530
500 514
489 500
477 491
493 540
502 563
527 556
542 546
542 543
539 531
520 514
508 496
495 483
504 528
528 568
537 569
542 555
534 553
520 543
509 524
498 506
479 488
479 487
501 548
535 571
546 562
543 552
538 546
542 532
536 511
538 492
514 477
519 514
535 560
553 561
554 548
562 544
567 536
558 519
540 499
520 485
536 535
580 571
591 565
592 549
587 545
571 533
563 513
539 492
533 482
551 546
576 581
591 577
591 562
589 556
588 540
571 517
556 495
532 484
531 552
551 592
552 588
555 573
551 566
539 549
512 524
484 500
468 482
481 537
509 586
530 585
525 568
513 559
506 545
489 521
490 496
482 476
486 515
511 572
518 574
517 556
508 549
515 537
518 513
500 488
483 474
492 537
513 575
521 564
518 545
519 536
516 519
505 492
480 467
487 484
510 558
529 577
528 559
526 544
525 532
499 510
492 483
487 464
505 526
536 577
543 575
542 553
529 542
524 523
508 496
487 469
500 487
521 556
548 566
546 544
529 531
524 520
506 497
488 474
498 493
545 558
577 564
563 539
546 528
535 515
532 491
512 465
518 508
520 572
531 575
517 550
502 535
504 516
486 486
475 458
500 516
542 578
565 576
561 549
552 532
542 511
516 482
504 456
513 517
535 579
551 576
545 548
528 531
505 509
483 479
473 450
481 463
498 551
529 573
542 551
541 532
537 516
528 490
515 460
509 445
520 524
544 566
547 549
544 524
537 512
527 489
504 459
506 432
500 481
511 565
516 575
516 546
515 528
513 510
499 480
493 449
496 430
493 515
513 583
525 579
525 552
531 536
528 514
515 483
484 452
472 432
477 517
490 583
505 576
492 548
490 534
501 512
479 480
473 449
484 433
502 521
530 579
543 565
544 538
536 528
530 508
522 478
511 450
528 507
549 585
548 583
547 551
539 536
534 517
536 489
519 460
522 499
542 593
552 605
547 574
541 552
553 533
555 502
523 469
525 480
550 581
573 608
579 580
569 555
577 537
551 506
517 472
481 454
491 548
516 597
522 575
532 547
542 535
526 510
494 478
490 453
524 536
564 592
562 575
536 546
521 534
493 512
484 479
478 450
493 529
502 601
502 595
496 562
488 541
489 517
486 482
469 449
489 481
506 588
523 610
514 580
521 557
507 536
490 501
467 466
463 450
465 551
485 605
503 585
498 555
504 541
491 515
479 480
473 450
496 525
539 593
560 579
566 545
561 532
542 510
528 474
517 446
536 535
567 599
582 583
578 548
577 529
558 502
543 466
542 434
537 516
553 600
556 596
560 561
553 540
535 516
530 479
511 442
518 496
531 589
546 592
550 555
546 534
530 511
502 478
482 443
485 449
490 557
512 586
523 553
532 532
541 518
529 491
496 458
507 461
526 564
559 594
567 562
574 538
555 521
543 492
510 457
507 467
518 578
547 611
554 581
550 555
536 537
518 505
494 469
487 473
491 580
522 611
529 581
528 555
511 534
493 502
476 466
478 445
479 544
495 599
508 579
509 549
497 534
497 508
488 473
472 446
476 521
497 587
520 571
533 539
542 526
538 500
519 465
508 437
506 516
504 583
528 569
528 533
518 515
517 484
506 442
507 405
489 442
480 547
490 564
498 533
486 513
475 493
455 460
464 424
464 402
471 489
505 564
530 554
547 523
546 510
542 488
523 455
527 428
544 438
547 540
556 564
563 532
553 512
551 497
539 468
516 438
523 415
527 508
545 568
580 552
579 521
571 505
548 480
520 444
510 413
498 397
515 500
536 575
572 566
575 533
573 516
573 491
560 454
568 420
574 397
579 467
589 561
617 564
629 535
639 523
633 504
609 469
591 436
584 431
579 532
598 568
601 533
579 500
540 485
486 456
452 418
430 386
428 454
416 554
424 559
420 522
404 500
398 482
402 448
417 411
432 401
443 515
464 568
467 546
473 513
463 495
449 469
454 433
460 399
459 454
468 552
491 556
504 519
507 501
490 485
486 454
500 421
506 450
506 552
513 565
523 526
529 504
527 489
512 458
504 423
506 429
512 546
549 588
570 558
584 528
578 513
546 484
521 449
518 424
516 525
537 600
560 585
563 547
560 529
541 505
509 469
502 433
487 453
497 569
523 595
530 560
534 534
523 518
510 487
489 449
482 419
489 477
499 573
523 572
537 534
532 520
527 503
511 471
496 438
484 435
484 543
507 578
520 541
517 514
511 500
484 474
482 438
483 413
491 511
514 588
547 576
554 541
541 526
521 502
509 468
511 434
514 484
538 588
558 597
571 561
555 541
524 522
501 488
482 453
495 450
510 560
532 600
534 571
524 545
513 530
509 502
499 468
511 442
515 528
533 590
545 569
539 538
534 526
526 502
500 469
498 441
485 522
505 589
526 572
530 536
523 520
508 495
493 460
493 427
481 474
498 579
525 591
543 556
544 534
527 512
506 479
486 444
490 440
494 551
525 587
545 557
551 529
536 513
513 484
486 449
488 431
500 527
534 573
555 544
546 514
531 499
510 474
482 439
494 416
503 510
515 573
528 554
524 522
526 506
522 480
505 445
498 415
492 461
504 570
526 584
543 549
536 528
525 507
507 474
481 439
486 428
492 539
514 586
532 562
532 532
515 517
485 489
467 453
467 424
468 496
479 578
500 569
508 533
501 522
496 502
485 469
471 438
454 506
465 581
480 567
475 530
471 514
458 492
446 459
451 425
453 486
465 586
485 590
485 552
491 530
494 507
486 471
490 435
485 458
506 572
536 593
549 556
556 528
546 507
533 474
517 434
505 408
502 507
518 579
539 560
551 524
532 508
516 483
507 447
518 414
522 428
522 544
554 568
578 530
575 508
553 495
552 466
535 431
526 418
519 529
545 576
583 542
563 510
547 497
531 471
545 435
559 405
551 501
555 592
563 583
564 544
553 525
539 502
525 466
520 431
524 473
529 591
550 607
559 567
557 543
537 523
528 487
483 449
472 442
474 563
494 607
533 574
525 543
521 527
516 498
505 462
508 448
504 557
549 596
573 558
571 531
545 519
524 493
504 458
538 492
572 587
585 587
590 543
581 523
562 502
518 468
509 435
501 519
539 604
566 593
571 553
567 534
543 509
512 474
497 450
520 552
559 605
584 580
573 545
548 526
519 497
486 460
485 430
481 521
509 596
535 579
548 543
546 529
546 503
538 466
517 434
508 468
515 571
528 579
551 540
556 523
545 504
520 473
509 438
506 451
512 562
534 584
547 546
537 522
534 505
516 472
495 436
493 408
493 495
507 589
527 587
513 550
514 530
508 504
497 466
475 428
479 408
483 519
494 588
498 570
491 533
492 516
478 490
472 451
469 416
475 404
473 521
485 577
498 551
500 520
504 507
509 479
501 441
497 409
493 447
501 556
531 565
543 520
544 498
544 481
524 447
539 410
532 384
533 491
539 578
558 569
552 531
528 514
524 490
510 451
505 414
511 414
507 543
530 591
540 561
529 530
511 513
507 484
507 445
502 410
500 443
504 567
537 589
557 550
553 528
541 513
529 482
497 446
484 425
492 532
504 594
521 568
534 537
537 526
536 504
522 470
521 457
521 560
540 600
564 565
558 536
545 521
534 492
517 456
524 460
539 577
573 610
583 576
567 546
549 528
527 495
505 457
499 452
499 569
534 610
555 582
547 551
533 532
514 499
498 462
498 438
499 539
529 598
547 578
555 542
533 523
504 497
487 461
480 431
483 481
490 576
502 580
517 544
514 528
508 508
500 475
495 444
504 476
517 571
537 576
546 537
539 518
540 497
527 463
511 429
506 440
492 561
515 593
524 565
524 538
525 518
519 485
483 448
479 421
482 511
506 596
547 591
566 553
555 532
527 506
510 467
485 431
476 420
479 537
517 590
514 565
503 534
491 517
492 487
478 448
481 416
486 438
484 552
514 571
528 532
528 511
514 495
501 462
498 424
488 409
485 523
512 573
527 543
532 508
521 491
498 461
495 421
493 387
494 440
509 562
520 580
529 543
528 519
502 499
481 463
486 424
479 394
480 474
492 575
509 572
513 530
508 510
503 489
494 453
497 415
488 387
489 483
515 574
525 562
527 522
517 510
513 491
506 455
513 420
527 464
532 570
561 572
586 528
585 509
567 493
546 458
544 420
548 469
561 580
591 588
602 544
578 520
557 499
527 462
522 423
525 450
523 581
566 610
576 573
567 541
553 521
530 484
519 442
522 429
517 557
549 609
573 580
570 543
552 522
526 490
504 449
509 413
499 461
507 577
527 586
550 543
553 523
556 502
530 466
501 429
494 414
499 527
529 577
555 544
550 513
538 500
524 473
501 434
512 402
520 500
542 581
567 565
563 525
548 507
532 483
511 445
517 408
519 425
530 561
551 599
560 568
571 537
552 518
531 485
509 444
486 411
492 496
513 596
541 593
547 553
532 533
526 509
504 471
487 433
483 413
479 531
506 595
540 570
540 536
519 523
479 496
455 459
463 427
470 460
485 569
515 580
532 539
519 519
488 502
474 467
479 429
480 409
486 524
502 591
523 568
531 532
519 515
508 487
481 448
473 414
469 438
478 565
513 594
530 560
541 532
523 511
496 478
480 439
501 408
496 471
506 578
529 583
551 543
563 523
527 501
499 465
485 430
479 404
479 501
497 579
512 563
507 527
510 514
503 491
498 456
508 423
511 450
511 558
527 570
532 528
538 507
538 490
528 458
533 422
518 410
518 531
538 590
553 566
560 532
555 515
545 487
526 448
509 414
503 475
518 585
561 593
575 554
550 530
524 508
510 471
504 433
489 408
486 518
504 592
535 574
541 535
523 518
500 492
485 454
482 419
480 418
484 539
505 579
526 544
544 519
542 505
541 475
527 437
526 410
517 502
539 575
580 554
581 515
569 501
546 480
513 444
524 411
535 469
556 579
572 586
576 547
571 525
553 504
527 471
512 436
512 442
535 568
573 607
572 577
569 543
544 523
524 490
501 452
490 422
497 508
519 596
556 588
545 549
532 533
505 510
487 474
483 440
482 490
495 586
528 585
523 544
508 526
505 505
499 470
493 435
482 492
484 589
524 589
545 547
534 526
518 504
494 466
498 430
487 425
485 555
526 606
553 582
552 548
526 527
492 494
468 454
468 420
473 455
483 576
506 597
521 561
518 533
502 513
479 477
461 438
468 404
470 413
468 546
488 587
498 556
497 528
491 511
478 479
480 442
477 411
473 402
465 523
487 577
513 547
525 518
524 506
523 480
508 443
513 411
518 447
535 566
559 581
566 537
561 515
549 500
526 468
529 428
521 399
515 486
526 597
548 599
571 558
567 538
540 516
515 480
488 441
481 412
477 499
502 610
520 612
521 570
542 547
535 524
506 485
490 446
478 416
473 466
496 591
521 608
528 566
510 542
500 522
496 486
475 446
485 413
487 453
491 570
511 582
518 539
537 518
542 502
527 467
528 427
508 400
477 496
487 585
509 572
531 529
517 513
507 489
502 451
496 412
491 393
492 521
515 597
551 578
561 541
549 524
539 498
513 459
497 424
494 409
496 534
512 604
520 584
525 548
518 533
506 507
493 468
494 432
490 411
488 526
521 601
550 582
551 546
560 532
551 509
532 473
512 441
501 434
516 553
546 598
573 564
575 534
561 522
549 494
531 456
515 423
510 463
520 588
545 607
567 569
561 545
552 525
541 491
518 452
516 421
503 486
511 600
547 610
562 571
555 547
555 526
549 488
509 449
486 420
485 499
501 598
539 596
546 556
547 534
543 510
528 473
490 436
488 410
477 498
507 586
537 576
553 536
545 520
519 498
504 462
500 429
506 424
512 540
551 579
572 546
566 517
549 504
545 475
526 436
532 407
536 510
551 588
578 575
595 535
596 514
580 487
543 449
529 414
515 436
518 566
545 599
570 567
576 536
566 516
540 484
515 444
495 411
490 455
502 574
530 593
539 558
531 532
512 511
488 476
477 438
475 406
473 472
470 576
488 578
493 537
486 520
478 500
469 466
474 430
483 432
502 548
514 581
533 545
531 515
514 498
514 466
520 427
505 425
514 550
542 594
564 562
551 528
530 510
513 477
492 437
498 411
513 525
554 596
596 581
586 542
557 522
540 494
510 454
493 417
494 472
513 582
542 592
541 554
525 532
511 513
494 479
493 444
496 453
490 567
515 592
537 554
538 530
529 515
517 484
507 446
511 463
530 575
559 593
569 553
570 526
552 507
531 471
515 433
499 412
503 539
525 611
558 594
562 555
554 535
531 504
511 462
487 425
476 440
485 570
517 604
545 570
538 537
518 515
500 482
480 442
470 408
464 436
476 559
503 582
512 544
497 519
488 503
490 469
485 431
480 404
486 502
521 573
553 551
550 512
545 497
535 471
518 433
500 397
504 450
516 564
555 574
575 532
560 508
546 487
512 450
512 410
502 385
502 505
527 589
564 578
564 537
546 518
512 491
491 450
487 410
485 406
476 539
483 590
489 563
488 530
495 513
493 483
476 444
472 409
465 468
470 574
486 575
498 534
498 519
495 502
491 469
495 433
493 494
533 586
575 578
576 534
570 515
550 494
524 459
507 424
491 487
524 595
580 603
601 560
585 534
550 512
505 474
472 436
472 471
506 585
547 600
562 559
570 527
558 504
516 467
510 426
487 407
490 530
522 586
552 559
549 524
523 507
497 478
467 440
468 407
474 456
497 563
536 568
547 527
547 511
545 492
531 457
528 420
536 469
557 569
564 570
554 527
540 504
529 483
515 446
506 409
490 411
497 547
529 596
552 569
551 534
543 514
525 483
506 444
492 410
489 472
500 582
535 587
540 544
523 520
504 499
477 463
476 425
466 401
468 515
486 585
504 563
493 525
486 511
476 487
482 449
498 417
494 510
538 580
564 556
551 512
527 495
496 470
488 432
463 395
467 466
485 578
522 583
541 539
547 514
522 493
500 455
490 415
488 423
501 553
532 587
557 549
548 512
535 493
510 459
489 418
477 386
474 488
504 573
537 554
542 514
519 498
494 479
479 442
489 410
508 499
544 575
593 553
573 507
548 491
529 465
525 428
534 392
529 495
545 586
576 573
597 531
574 511
540 486
530 448
531 412
529 491
549 589
578 581
574 536
551 513
531 489
505 449
490 410
485 439
493 566
512 584
527 541
522 516
496 500
489 469
476 432
466 435
470 555
494 582
516 538
514 512
514 498
494 469
498 431
506 457
502 573
534 585
567 538
561 510
534 490
488 455
479 416
478 417
491 554
534 599
554 566
547 530
544 510
521 477
501 435
497 399
498 492
530 586
565 578
572 533
563 511
551 485
520 445
497 409
494 400
493 531
536 580
577 547
565 514
538 502
514 476
483 441
480 414
486 513
527 581
560 556
546 518
535 504
514 479
490 440
493 405
499 498
531 590
570 581
578 538
553 518
522 493
484 455
478 419
473 459
492 582
529 600
552 560
555 532
525 512
500 476
473 436
465 412
471 529
496 596
527 572
509 533
480 517
452 492
438 456
461 425
478 478
491 581
521 579
518 534
503 514
484 494
467 457
472 419
476 445
478 570
507 598
521 562
521 534
522 514
512 479
487 440
485 412
491 520
526 595
574 576
592 534
583 513
558 487
521 448
502 411
498 407
507 537
541 580
569 545
560 509
534 493
510 464
492 426
488 392
479 433
485 554
503 566
516 523
520 505
516 491
504 461
507 425
509 455
529 565
565 575
576 527
561 503
537 486
517 453
504 417
497 441
528 573
576 601
621 563
618 533
578 515
511 483
459 444
457 448
466 575
517 607
558 568
556 532
539 512
533 480
522 440
513 407
503 511
521 592
551 574
523 535
492 521
455 500
452 465
459 432
469 511
510 591
569 572
576 528
548 512
522 489
497 453
487 416
489 494
518 594
575 591
604 547
595 524
558 501
529 465
514 426
480 436
476 566
510 598
533 561
535 529
491 511
462 479
440 440
442 407
448 451
463 571
513 584
532 548
550 527
543 510
531 475
515 437
517 430
548 554
595 600
620 569
605 533
