118 105
58 70
166 155
401 371
227 256
58 97
704 632
479 467
58 164
766 763
635 614
121 246
704 674
609 611
310 367
612 613
676 629
361 402
468 506
670 626
389 413
362 416
657 602
407 380
118 212
604 563
438 442
168 269
623 604
425 445
256 376
717 672
477 468
426 462
712 672
479 471
446 474
692 654
437 452
565 578
728 644
428 431
748 702
748 709
386 425
745 758
690 654
272 351
766 768
636 603
206 302
706 706
556 541
620 591
669 625
359 380
747 723
670 589
208 245
700 655
551 504
308 356
611 554
364 355
694 645
631 564
246 287
743 713
599 583
223 323
744 701
491 491
415 447
695 645
406 395
648 615
619 587
273 346
762 733
584 568
161 254
746 730
636 583
151 229
733 694
545 550
85 218
744 693
512 522
80 208
746 723
557 516
56 165
719 698
564 535
25 184
725 699
607 554
116 200
708 650
590 523
184 227
693 653
614 562
241 264
749 711
634 564
250 291
762 722
702 617
235 278
767 759
697 625
241 265
752 698
621 554
226 275
748 682
536 481
142 252
763 747
599 551
151 256
734 716
601 549
235 282
732 679
560 518
304 362
740 693
508 500
320 389
715 706
521 513
319 383
658 624
401 431
286 366
601 564
349 381
431 472
566 549
289 319
649 615
413 433
37 173
599 572
362 383
457 472
504 486
240 277
707 667
586 515
401 435
641 611
393 400
726 705
573 554
271 345
710 649
500 469
772 735
688 613
295 325
745 688
548 508
725 680
713 640
347 357
751 724
581 570
150 250
653 601
422 431
505 519
556 530
255 295
745 708
539 522
150 247
719 686
495 502
741 720
684 665
339 383
745 726
587 539
245 317
580 553
349 359
559 560
502 502
212 283
684 633
435 436
334 388
591 553
341 351
703 658
497 457
66 156
665 599
488 440
525 507
578 565
300 348
744 719
596 571
181 266
700 652
482 447
513 507
602 549
345 365
767 744
644 589
341 375
708 684
493 492
710 661
654 607
315 363
757 701
548 503
356 393
631 587
362 384
680 622
604 564
249 308
754 733
595 579
165 264
718 696
549 550
134 235
674 628
457 467
39 188
591 575
402 423
407 466
542 539
291 324
736 675
597 528
185 225
698 660
524 480
317 364
590 556
360 389
747 696
616 561
256 274
729 693
585 519
355 353
662 608
425 407
598 579
644 580
301 347
267 342
649 622
401 431
187 267
643 591
426 437
100 193
710 648
500 489
77 223
759 757
606 575
131 237
743 746
672 624
235 290
668 654
674 630
362 407
474 530
677 648
408 425
137 268
693 657
519 492
100 187
693 689
562 527
115 194
673 654
535 506
173 224
681 617
548 505
400 406
704 669
495 479
358 421
679 668
442 482
165 229
735 651
552 503
137 237
763 738
596 568
166 276
752 735
601 550
75 134
736 714
505 532
89 224
758 734
546 543
58 187
712 694
511 517
70 187
692 667
495 512
305 392
655 615
421 439
683 672
647 645
298 347
748 741
695 645
290 352
758 745
671 603
230 272
730 700
650 573
255 267
732 677
613 575
237 288
530 501
647 600
383 386
41 155
744 659
608 518
170 203
767 756
691 616
250 285
751 699
667 638
328 381
770 752
722 655
341 372
767 768
755 646
341 342
766 755
762 668
359 345
744 685
701 646
364 395
270 363
670 637
466 464
87 217
743 724
596 560
208 286
757 769
678 645
229 306
673 667
618 580
296 334
628 579
613 554
310 324
585 587
700 674
461 459
570 568
649 633
386 386
604 555
585 513
264 289
738 679
588 525
194 265
699 699
581 571
269 330
719 695
497 485
532 541
648 602
317 346
720 676
583 579
200 289
737 697
498 520
355 450
612 615
338 386
736 709
564 549
184 271
690 639
473 475
734 684
671 636
350 407
741 746
626 604
546 581
621 597
293 340
723 678
494 503
608 592
618 567
311 350
692 689
537 508
732 662
581 538
254 303
602 570
324 341
653 594
433 415
364 395
512 471
214 237
666 597
433 428
514 513
557 520
199 275
696 671
519 526
107 196
607 574
428 446
656 645
631 591
283 320
759 719
590 551
320 347
715 630
453 421
652 625
663 600
322 327
746 720
604 572
223 302
756 715
555 542
152 247
760 750
591 571
147 243
733 729
618 588
194 265
719 665
606 564
236 316
766 737
632 591
214 291
739 741
619 583
191 256
720 709
571 542
280 353
678 657
447 444
499 503
609 576
353 353
704 651
624 555
289 334
708 690
598 530
209 259
656 639
518 501
255 301
643 604
447 443