215 187
318 237
224 139
103 51
527 499
464 433
218 170
689 696
570 562
266 232
430 453
597 605
450 438
196 172
734 760
619 608
292 259
252 246
596 584
486 470
166 138
709 743
566 567
211 182
643 676
519 513
330 304
597 635
531 535
376 366
549 595
587 586
440 422
501 515
597 612
491 476
452 469
587 584
466 458
366 374
591 572
504 488
451 462
607 599
479 468
276 280
657 663
543 553
240 223
732 733
622 635
329 321
759 760
676 707
344 341
753 761
666 700
361 343
758 758
630 657
354 345
720 758
626 671
398 402
683 747
591 616
333 316
351 364
553 578
425 430
193 179
236 265
513 534
424 428
211 194
217 218
571 574
502 501
245 234
151 153
634 651
552 563
234 211
91 69
655 658
563 566
188 159
458 492
561 563
499 493
187 159
761 758
661 668
307 274
708 759
667 671
499 487
208 191
741 745
675 676
292 253
764 762
690 700
374 346
756 767
682 687
494 472
503 512
736 727
644 625
366 330
760 761
759 758
515 490
284 246
707 748
720 721
497 459
257 208
548 577
689 691
526 504
230 202
317 333
671 673
555 540
234 197
288 290
667 666
588 588
262 243
609 666
630 643
476 461
197 163
764 764
696 727
416 401
298 298
696 709
591 614
239 224
760 766
682 710
418 407
196 185
756 758
688 726
353 352
652 725
687 714
498 493
240 217
763 761
700 737
370 355
159 140
742 752
647 676
298 277
554 601
636 653
478 479
214 205
732 752
602 639
262 250
515 567
648 662
490 486
218 196
759 760
653 680
335 323
190 176
689 694
586 590
241 214
719 764
613 637
368 358
299 309
705 724
644 662
315 298
763 761
648 662
318 286
173 153
643 639
488 491
155 120
762 764
663 682
353 322
571 613
615 619
466 461
209 198
691 707
570 594
204 177
742 756
544 554
221 192
594 659
488 480
316 295
373 399
506 490
469 448
416 425
592 585
504 507
342 360
650 668
581 593
375 388
697 702
604 601
309 276
721 725
631 629
332 294
744 748
644 647
349 303
761 760
654 647
368 311
240 187
689 678
562 544
263 215
344 340
645 628
510 474
233 176
733 761
618 619
361 320
556 591
567 559
410 371
279 247
657 640
546 528
265 225
739 744
598 605
294 270
727 765
638 663
403 369
558 591
619 636
461 448
251 215
738 757
640 659
366 335
179 137
732 746
644 655
339 319
169 127
698 715
575 589
256 230
92 59
681 686
572 577
241 212
198 192
651 652
534 543
208 182
634 686
611 608
409 384
164 124
730 733
621 634
264 252
752 768
657 688
419 407
302 307
691 695
616 633
341 331
757 768
728 758
477 473
291 270
756 750
678 693
383 362
299 291
716 729
610 629
348 335
256 251
708 716
602 612
322 300
322 334
651 671
551 563
273 263
627 699
657 689
470 459
260 238
698 761
698 742
456 475
258 248
746 758
656 713
390 395
663 731
665 708
466 484
310 316
730 753
616 672
366 380
150 133
688 728
588 620
345 345
644 711
633 676
417 422
349 365
642 685
512 533
261 247
104 82
456 495
350 364
119 127
173 207
235 279
185 221
99 123
341 386
302 345
177 204
279 335
352 396
300 337
192 216
472 523
407 441
279 291
372 412
417 446
378 398
257 276
473 509
441 472
281 287
563 602
490 520
337 349
533 582
463 497
378 398
360 392
453 469
438 449
299 292
504 522
480 500
311 306
610 653
522 549
352 352
353 364
509 523
525 543
380 378
645 674
555 578
388 380
475 497
542 540
504 492
335 310
663 676
582 579
438 409
379 365
655 644
635 617
464 427
757 752
687 663
539 503
498 488
666 637
595 572
341 309
645 635
571 565
452 413
698 695
601 579
466 428
545 547
571 550
551 520
390 362
633 596
572 546
288 254
650 641
566 549
301 276
703 711
599 590
367 331
759 755
663 649
546 518
757 764
755 757
632 559
762 764
761 743
585 473
767 730
759 675
568 465
350 271
743 706
675 622
410 343
260 188
704 661
619 578
347 303
252 215