362
331
307
288
336
412
426
412
405
389
362
330
303
287
353
416
420
409
406
390
363
337
318
366
430
438
424
420
405
378
352
331
376
447
465
454
444
423
388
354
328
306
357
431
448
439
431
411
379
348
324
304
312
393
427
421
414
404
378
348
323
305
288
329
404
423
416
414
403
378
351
331
325
393
436
435
426
419
398
369
343
323
332
409
441
437
430
420
395
365
338
318
300
340
414
433
426
422
408
381
350
325
306
291
357
416
422
414
409
392
363
334
313
295
328
400
419
411
409
400
376
347
324
308
360
423
434
425
421
407
379
350
328
318
388
436
436
428
422
402
372
343
322
317
391
433
431
423
416
394
362
334
314
309
382
423
421
414
409
389
359
334
316
340
410
430
421
416
405
379
350
327
319
389
432
432
423
417
396
365
338
319
320
397
434
431
425
418
396
365
338
319
304
367
425
430
423
420
403
374
347
327
339
408
433
423
417
407
381
351
326
319
387
426
423
414
407
385
354
327
308
315
393
425
419
416
409
385
355
330
312
301
369
425
430
425
424
408
379
353
335
335
405
441
436
430
423
401
371
345
327
372
430
438
428
421
404
374
343
321
304
361
417
422
414
410
393
364
335
315
314
385
420
415
410
404
383
354
331
315
362
421
430
420
417
402
375
348
328
359
426
441
431
422
408
384
356
331
314
372
432
438
428
422
401
368
339
319
302
354
427
441
426
415
395
361
329
308
330
403
424
407
396
382
356
328
311
376
427
427
413
403
381
349
323
321
400
447
447
435
422
395
362
334
314
313
399
450
453
444
431
403
367
337
317
299
356
429
446
439
431
410
374
341
317
308
385
438
443
430
417
388
351
319
297
278
331
411
434
427
420
400
367
333
308
289
305
394
433
428
421
410
383
349
324
305
349
425
444
431
423
405
371
337
313
317
400
439
432
420
406
375
339
310
290
297
385
427
421
413
401
373
338
311
291
276
341
416
430
419
414
395
363
333
311
296
353
425
439
428
424
407
375
344
321
354
432
455
442
431
413
380
345
319
324
406
446
440
427
412
381
345
315
295
311
397
433
426
418
405
374
339
313
294
282
356
423
432
424
418
397
365
335
316
311
393
448
450
444
436
410
372
339
316
369
442
458
445
434
412
374
336
309
288
339
420
441
432
424
404
369
330
303
282
295
389
431
428
423
412
383
347
318
303
366
433
442
430
423
400
364
330
305
357
433
448
435
426
405
367
330
304
301
392
443
440
429
418
387
347
313
290
311
404
437
428
422
410
378
339
310
304
389
437
431
418
409
379
340
307
285
353
425
434
421
413
390
351
313
286
267
312
409
436
424
420
404
369
330
300
279
295
397
438
427
420
411
381
341
310
288
348
427
439
420
413
395
357
322
295
351
422
429
411
408
388
351
318
294
350
442
461
449
446
429
389
345
313
377
449
451
438
437
419
385
354
362
447
471
451
439
425
391
352
322
334
425
452
436
426
413
380
342
313
291
343
431
445
428
417
396
354
309
279
259
320
404
422
414
413
396
362
328
303
349
432
450
435
424
404
361
318
290
294
389
433
426
418
407
378
341
310
286
347
428
440
428
425
405
368
331
304
372
439
442
423
413
388
349
310
281
317
409
433
419
414
399
362
324
297
281
367
431
435
425
414
385
343
308
283
283
383
427
417
406
398
370
331
299
294
387
459
465
456
454
432
393
356
328
393
460
457
434
425
400
358
322
300
278
352
421
418
401
408
415
400
367
335
357
435
444
422
414
399
367
333
309
328
413
429
406
398
389
360
323
296
279
363
415
403
388
386
369
344
323
305
356
428
439
428
422
401
370
344
330
402
437
422
405
394
370
341
315
327
413
431
401
389
379
351
315
285
339
411
407
379
373
359
328
295
278
368
418
400
384
383
365
335
309
345
425
432
408
405
395
369
342
335
420
454
435
421
413
387
354
328
340
426
446
424
409
395
365
333
312
320
408
436
419
412
405
380
349
330
340
422
444
425
415
404
376
347
326
313
332
423
444
427
421
410
381
349
327
313
323
417
445
425
419
413
386
349
320
305
319
411
435
413
405
394
361
331
316
304
342
425
428
405
406
395
365
336
317
305
380
431
412
400
400
376
342
318
299
340
416
416
402
406
395
367
341
328
392
444
425
405
399
372
336
306
302
388
421
397
389
386
365
338
328
405
434
410
401
396
373
346
348
431
448
426
418
405
377
351
347
435
464
449
435
419
388
360
343
334
415
459
455
441
427
400
369
347
331
313
297
284
373
447
449
439
433
409
378
354
339
325
309
314
414
446
433
427
418
392
368
350
339
323
398
453
450
432
425
397
362
332
316
296
281
371
437
432
417
413
390
357
325
307
293
272
307
413
430
417
412
399
365
338
319
307
329
423
437
409
401
389
355
318
295
281
357
435
429
404
399
381
343
308
292
303
409
436
412
402
394
368
340
319
312
412
455
436
420
413
384
344
317
298
366
448
443
421
417
398
358
324
304
286
345
442
442
422
419
396
357
324
303
282
329
432
435
407
406
394
354
311
285
265
318
422
423
393
394
382
346
309
286
286
395
435
403
398
405
382
346
322
322
424
463
433
424
421
391
351
325
340
443
467
437
432
425
395
360
337
371
459
462
433
423
405
375
346
324
368
436
416
379
374
358
326
299
283
365
410
382
370
371
350
320
306
391
431
404
393
391
367
338
345
439
455
430
422
412
383
353
354
442
465
448
438
422
389
358
337
377
453
452
432
423
402
367
338
320
310
396
432
411
398
389
359
326
306
292
292
386
414
390
388
384
358
330
311
302
386
437
417
403
400
374
338
314
301
324
427
446
427
421
409
377
346
328
312
338
440
456
436
430
418
384
350
332
316
345
444
454
431
422
406
370
335
314
298
332
431
439
415
410
398
364
331
312
294
353
434
427
403
395
375
339
306
288
274
324
425
436
414
410
397
363
331
316
346
439
451
421
414
402
378
381
367
399
453
431
404
403
387
357
330
310
294
348
424
404
367
370
357
325
298
275
256
238
268
330
322
300
307
304
284
261
249
244
235
278
314
302
291
301
297
283
270
265
261
271
328
333
316
322
329
320
307
301
299
303
353
360
345
349
355
345
333
328
325
354
382
370
363
370
366
354
345
340
345
385
386
375
379
379
368
357
351
345
353
394
395
390
394
393
383
373
367
361
353
387
411
408
408
412
406
395
385
377
367
356
372
409
407
404
407
402
389
376
367
357
345
337
382
402
400
400
400
389
374
362
352
340
327
329
380
395
395
398
398
384
368
355
344
331
318
345
389
391
387
387
378
360
342
329
318
307
319
372
383
377
378
375
360
344
331
319
332
378
380
369
371
367
353
339
329
345
394
400
390
390
386
370
353
349
403
425
416
410
405
389
369
356
401
434
426
416
412
397
375
358
374
426
428
415
410
398
372
354
340
342
402
419
409
404
395
375
355
340
328
341
403
413
404
401
393
372
353
340
328
330
396
417
407
403
398
378
356
340
328
330
396
416
403
399
392
371
349
332
320
334
400
411
398
397
389
368
346
332
321
372
418
411
402
402
388
365
348
336
365
426
428
415
415
404
382
361
348
360
427
440
425
423
414
390
366
351
341
400
441
430
421
417
396
371
351
337
380
431
422
409
408
393
368
348
333
380
432
425
411
409
392
364
343
328
330
406
435
425
420
415
392
366
348
334
370
438
441
429
429
417
390
366
351
367
440
452
435
431
420
392
365
348
344
420
451
436
428
420
394
363
342
332
400
442
430
420
418
399
371
349
358
436
454
435
429
420
392
362
342
345
427
455
439
431
422
397
367
345
362
440
453
433
431
421
391
365
347
393
457
453
437
440
427
395
365
364
441
467
452
443
432
403
370
353
361
436
463
439
427
417
387
354
329
374
436
432
412
410
394
364
337
349
428
446
423
417
407
377
348
328
374
447
453
446
448
431
398
367
351
423
467
453
434
426
399
362
336
320
387
443
430
410
401
372
334
304
284
315
408
428
407
405
392
359
328
308
307
388
428
406
394
393
369
336
312
302
376
418
384
361
362
340
303
275
270
358
407
384
373
381
366
338
321
395
443
421
403
402
379
345
321
394
452
435
416
414
389
351
322
385
443
427
406
402
377
344
316
359
428
423
400
396
378
346
319
312
392
431
411
401
397
372
340
318
304
345
428
434
416
418
405
373
347
334
343
429
454
432
427
419
390
358
336
319
383
448
437
421
418
394
358
330
312
321
412
441
420
410
400
370
336
313
297
337
416
421
404
408
399
371
343
328
396
448
444
434
432
407
371
345
340
423
459
444
432
425
394
358
334
331
412
443
427
414
405
375
341
318
301
370
429
418
403
398
374
339
312
295
277
338
410
404
386
386
365
331
305
286
270
300
398
421
400
401
394
362
326
302
286
332
424
434
410
412
403
371
337
316
371
446
444
417
420
407
375
344
363
446
462
437
427
417
389
358
372
449
464
440
432
419
392
364
362
429
444
417
408
397
369
341
322
307
291
275
259
322
429
444
430
432
420
386
354
333
317
299
307
414
455
438
430
426
396
358
331
314
294
364
441
438
418
420
403
367
336
317
318
407
441
417
405
406
380
348
325
358
443
456
434
432
424
395
370
359
430
467
445
425
419
392
356
332
315
300
279
364
438
429
411
408
385
348
314
295
279
319
410
418
395
392
380
343
307
287
272
347
415
404
383
378
350
310
282
266
271
373
418
400
392
400
383
352
331
321
397
457
447
431
427
400
351
308
289
280
364
432
419
398
401
386
356
333
320
353
438
443
411
404
394
360
321
293
276
259
303
406
416
387
385
377
341
300
273
260
260
371
425
403
388
392
368
327
293
276
265
359
443
435
412
417
401
361
323
301
286
366
454
448
424
430
417
380
345
325
352
447
462
430
425
419
388
353
327
369
451
453
424
420
407
371
336
314
338
432
446
420
415
406
373
336
312
298
316
419
446
423
418
413
381
343
317
303
291
387
450
435
419
421
399
362
330
313
298
324
428
450
429
425
417
383
342
314
295
342
434
439
412
408
396
359
319
295
284
377
444
429
409
411
391
352
318
298
328
432
451
423
418
411
377
333
294
266
348
432
440
418
421
407
370
335
320
407
452
422
396
392
370
334
303
300
399
438
412
401
404
383
351
324
357
445
449
419
413
400
366
330
307
332
431
448
419
414
407
374
337
313
313
413
454
428
415
413
386
346
317
300
344
442
449
420
418
406
369
329
305
288
341
438
442
415
414
400
361
320
296
283
366
443
432
411
416
399
362
332
314
377
456
453
430
435
421
387
357
339
414
478
466
444
441
417
377
346
324
383
459
453
430
425
404
366
332
312
301
394
446
429
414
410
382
344
316
299
289
386
442
426
413
411
385
347
320
304
287
358
445
443
424
427
408
369
336
317
300
350
450
459
432
427
412
372
331
295
266
337
445
452
422
425
413
374
336
310
374
452
443
415
411
392
352
317
293
350
437
436
410
407
390
354
321
299
345
436
440
415
412
398
364
331
311
342
439
452
426
421
410
376
342
320
319
419
458
435
422
415
385
347
321
303
373
446
436
413
410
389
351
319
300
288
385
443
426
411
409
383
346
318
301
317
425
455
431
421
412
380
344
319
