1 3
15 187
140 127
60 0
523 547
422 396
283 202
559 594
431 406
408 372
574 586
437 398
570 593
570 595
401 346
647 708
566 594
370 311
656 720
558 580
356 284
636 702
553 579
342 279
617 673
546 567
369 303
640 672
535 527
334 248
655 708
547 557
331 266
639 704
537 563
344 275
649 690
564 574
372 313
640 690
546 574
356 310
631 684
529 532
339 258
654 703
550 565
360 299
663 720
562 589
364 308
629 676
595 616
408 347
586 608
568 598
395 356
481 471
600 644
451 434
353 277
630 668
506 500
338 256
644 703
562 586
365 312
555 591
586 623
453 416
528 520
589 606
441 403
479 458
632 681
493 489
463 448
612 653
497 474
485 470
619 661
485 465
433 395
657 716
495 499
330 273
640 692
523 521
353 291
609 653
510 511
322 252
629 682
522 520
340 260
652 681
559 553
352 276
622 661
568 592
366 327
607 651
596 631
412 370
617 648
567 593
382 348
607 657
531 562
368 340
646 724
558 596
362 306
603 637
497 497
599 639
554 570
357 312
614 662
515 524
331 259
613 649
471 463
445 449
554 599
417 400
592 643
522 547
324 267
620 667
521 535
312 246
607 657
488 481
259 172
553 561
459 430
465 430
551 560
406 367
565 600
566 595
369 337
612 693
544 592
348 296
631 684
541 569
343 300
605 671
489 515
414 407
558 613
418 416
577 629
577 620
390 359
538 573
572 609
404 380
460 457
553 568
419 393
527 530
542 558
380 338
556 583
581 617
331 291
429 404
646 698
452 443
303 223
599 642
508 521
349 292
590 629
487 481
363 300
638 692
512 508
497 478
617 658
473 462
571 592
578 617
417 399
631 688
573 586
382 317
639 680
522 534
304 234
633 685
496 502
370 309
617 667
495 479
323 241
599 626
499 489
337 253
581 600
447 419
285 192
623 661
497 485
294 202
626 673
543 558
324 254
590 627
566 587
358 298
645 689
541 546
325 244
662 729
565 583
334 273
653 723
546 563
341 268
652 693
546 549
300 223
629 666
595 612
328 282
622 690
524 530
347 271
639 693
510 513
371 326
627 682
484 485
442 428
581 617
470 443
626 652
573 579
366 297
653 694
545 548
362 304
630 684
493 489
395 335
564 580
412 366
402 341
452 416
321 229
383 331
375 310
275 146
401 327
398 319
260 137
427 359
430 359
356 271
415 358
449 396
390 305
437 376
416 359
382 313
503 472
501 494
411 365
539 551
537 546
453 416
481 499
548 568
465 445
598 644
557 606
468 472
569 613
569 598
467 452
573 609
589 638
471 465
545 605
589 682
499 529
415 381
598 652
531 549
398 372
553 597
543 581
421 411
499 514
540 573
447 417
422 376
565 587
489 479
418 368
595 661
527 561
396 363
582 628
508 537
420 383
584 624
645 691
430 414
571 643
586 651
454 443
524 538
618 675
496 499
382 324
655 721
540 569
393 348
605 657
586 621
409 358
574 602
566 598
456 433
580 633
614 673
466 455
553 575
570 609
478 447
438 401
618 677
510 510
391 347
593 637
503 502
357 297
592 607
473 434
405 353
624 688
483 486
399 358
597 648
489 472
379 306
565 574
458 429
523 527
570 603
419 396
531 552
595 635
452 408
544 542
598 617
442 397
435 392
559 581
425 402
429 408
542 549
426 370
560 577
538 549
382 323
612 662
554 585
376 322
619 677
559 570
378 305
612 648
542 559
391 333
603 644
500 509
461 445
600 645
466 442
528 538
610 654
465 442
548 576
581 635
421 404
447 431
571 601
448 420
486 472
561 590
433 400
596 637
561 599
394 346
633 690
580 608
386 332
624 678
562 594
390 339
611 662
514 521
459 448
589 625
451 421
559 576
592 635
431 397
508 510
577 612
430 401
482 458
569 575
430 382
499 482
562 586
405 365
429 402
576 610
447 415
381 308
574 598
452 422
312 221
569 597
484 485
356 301
568 604
476 460
473 440
597 629
464 436
555 567
609 653
439 417
526 548
583 631
436 413
578 597
580 597
426 389
637 708
560 591
364 324
658 742
575 614
384 323
662 722
555 572
366 296
644 697
564 594
397 340
616 665
559 574
369 299
623 667
551 571
365 297
651 711
566 606
392 334
645 713
565 588
370 302
624 675
563 586
390 328
612 664
512 510
436 393
627 662
479 446
562 576
591 634
425 394
572 604
574 604
410 368
619 663
548 561
368 305
627 679
514 521
361 299
602 655
464 452
493 477
577 595
411 349
573 586
539 548
375 315
616 677
520 544