525 486
394 407
389 347
422 304
425 270
444 243
466 580
504 769
506 703
496 641
489 637
481 592
465 503
456 412
482 346
487 303
493 266
521 312
555 680
581 747
557 650
540 616
524 614
518 554
507 465
499 389
508 346
516 321
554 386
575 728
609 752
609 651
611 632
600 634
567 569
534 481
519 411
505 371
500 336
544 527
583 771
581 731
546 647
521 645
521 612
499 531
468 441
484 378
486 332
470 298
488 309
502 671
537 760
532 668
527 624
525 616
495 550
471 457
485 388
498 347
504 321
503 302
514 280
560 508
603 770
625 735
617 660
597 656
582 624
534 536
489 441
500 370
499 319
509 278
504 238
555 282
575 665
587 737
570 648
571 611
557 601
547 538
512 445
502 368
495 317
493 278
482 240
474 197
505 327
522 693
512 703
496 605
495 593
508 588
508 520
500 431
505 364
500 328
500 307
520 303
553 634
584 754
580 647
576 586
561 594
541 541
504 448
498 364
500 308
502 275
503 243
540 510
566 754
565 690
556 603
553 602
566 570
532 483
519 390
524 323
510 281
496 250
516 236
558 596
569 754
551 662
538 596
531 600
514 556
491 466
488 379
490 318
493 278
478 248
490 244
514 617
532 758
528 660
510 602
516 607
511 559
469 469
470 385
483 331
491 302
491 272
529 493
569 761
569 704
554 615
565 623
550 599
516 514
492 427
497 360
493 323
507 289
548 536
598 770
601 713
575 633
542 632
531 603
506 520
474 433
483 369
487 329
476 300
524 327
558 700
597 767
579 685
560 649
522 643
484 581
456 489
457 415
466 367
466 331
463 300
490 282
521 640
553 771
545 679
529 633
522 653
501 600
466 508
449 432
465 382
478 346
497 304
529 491
564 770
575 724
538 635
527 627
511 600
482 514
458 422
458 356
466 314
461 284
486 248
513 552
545 770
552 697
532 625
527 628
518 586
495 493
485 401
495 338
491 305
498 271
538 447
573 754
583 711
570 613
560 620
529 600
517 525
492 412
495 366
494 349
530 365
576 704
589 762
547 647
525 612
525 613
518 544
493 449
477 374
478 329
485 296
544 421
584 756
601 741
572 653
555 639
546 619
527 536
512 444
526 378
509 333
498 302
518 277
545 628
567 760
561 660
557 611
552 612
532 558
494 463
483 386
484 336
492 305
485 271
536 369
558 721
538 721
522 614
516 613
523 598
505 512
479 411
482 351
480 307
458 281
460 256
486 606
510 760
496 660
475 602
472 609
461 556
447 457
455 361
456 301
457 263
458 216
501 392
506 715
513 673
503 551
509 544
501 533
488 451
488 352
491 278
488 241
520 232
562 604
583 721
563 595
534 545
519 581
500 531
481 432
495 353
506 303
543 397
584 746
611 743
592 628
570 615
565 618
555 549
511 454
486 384
484 336
525 434
572 770
602 759
588 673
575 654
550 640
513 560
479 460
475 387
476 343
502 307
540 633
594 766
582 660
571 599
541 602
516 550
477 458
484 377
477 323
470 286
501 278
535 643
571 721
556 605
544 588
510 608
493 546
472 460
468 390
484 346
493 306
517 553
557 771
573 700
584 618
586 614
556 572
513 480
471 395
471 338
469 301
467 266
517 290
539 686
556 754
537 645
532 605
524 601
488 537
463 440
478 355
486 297
479 257
473 220
518 315
551 701
556 711
541 595
530 568
518 564
501 497
480 410
494 336
503 292
501 265
530 356
540 705
562 703
550 564
524 564
511 566
492 485
489 390
499 315
493 273
514 258
535 640
548 729
547 633
530 571
523 591
497 541
467 452
474 366
482 320
500 284
534 531
563 770
563 716
547 624
545 629
538 597
523 500
484 405
474 345
469 304
483 281
521 645
562 768
553 662
544 607
547 615
541 571
528 485
519 407
513 365
503 332
524 424
573 757
593 719
575 599
566 589
551 578
520 493
476 414
481 345
488 316
504 279
563 588
606 767
578 678
550 604
537 610
526 565
491 471
485 386
494 327
493 289
489 256
532 381
580 749
590 734
563 625
531 617
510 606
478 528
457 433
462 362
460 319
455 287
464 245
489 570
522 768
505 649
459 561
438 581
424 538
404 444
408 350
419 284
428 242
439 198
476 465
480 712
488 597
468 483
452 512
447 483
459 374
480 255
475 183
462 145
486 201
493 637
510 709
512 574
503 548
511 577
491 508
485 404
496 318
508 255
519 217
565 350
583 750
598 740
578 597
545 592
529 601
506 505
495 413
488 339
489 296
491 268
528 439
566 771
595 736
579 601
569 603
543 591
512 488
488 378
487 294
496 240
504 212
529 535
548 769
533 650
520 546
529 599
530 569
512 471
499 367
513 300
533 258
567 613
590 770
570 659
544 587
534 618
516 573
496 471
487 374
496 317
496 279
518 462
567 771
585 745
559 653
546 657
527 635
503 545
477 471
486 428
486 405
504 370
559 681
612 771
612 764
594 740
578 757
557 687
523 566
487 455
486 382
485 322
522 342
553 708
572 722
561 581
546 565
545 569
520 485
499 386
509 328
510 294
548 446
585 748
585 681
555 564
526 578
512 551
493 454
494 358
511 294
525 257
551 604
578 749
570 628
562 568
556 576
537 517
514 413
511 332
496 289
490 247
507 186
551 568
572 770
548 705
511 642
485 650
461 588
449 477
450 371
450 312
448 263
441 227
450 180
473 600
520 771
524 706
520 659
520 674
493 627
472 527
455 438
464 382
477 328
477 274
500 225
531 625
559 770
548 673
539 609
538 628
519 571
491 470
491 375
493 314
493 282
521 252
557 624
614 770
615 639
582 580
563 618
531 564
505 468
495 388
496 345
498 309
514 606
552 770
543 706
522 633
520 654
528 610
518 502
489 410
486 353
495 313
510 279
552 545
593 771
583 743
564 686
551 700
548 655
527 564
496 473
487 403
484 366
468 325
488 303
522 683
566 771
567 701
552 660
546 661
524 590
499 490
486 412
501 352
507 328
511 300
537 324
572 713
593 757
583 661
576 641
558 642
536 569
500 471
487 397
486 351
474 327
478 294
515 481
551 770
567 727
551 640
545 632
530 603
502 513
476 420
477 350
484 307
484 271
489 225
520 391
533 733
536 703
514 598
499 586
500 563
484 476
487 377
505 296
505 252
500 223
494 191
523 375
541 718
543 672
535 565
528 586
524 581
499 494
488 404
501 325
504 297
513 257
546 582
585 763
581 650
555 564
540 581
530 546
491 445
472 348
472 285
465 256
498 295
531 704
562 761
555 656
537 617
529 621
505 558
464 452
473 364
476 313
483 274
512 368
548 744
573 751
545 634
539 623
532 618
494 540
477 430
489 343
488 297
495 269
539 421
571 767
584 719
567 612
559 628
548 623
528 537
493 442
483 373
487 327
514 368
548 730
588 749
567 632
551 609
541 614
518 542
478 442
477 364
479 307
481 277
503 244
544 622
583 770
568 691
549 635
540 642
526 582
501 480
488 389
483 332
478 284
484 244
511 256
543 675
578 752
565 618
560 577
539 576
517 497
486 382
483 286
486 218
483 185
501 132
528 495
537 727
520 610
509 528
511 559
508 504
496 384
504 272
516 202
505 166
504 120
552 428
566 749
565 668
536 562
520 573
510 547
483 442
488 324
493 242
492 184
471 145
479 110
514 562
548 770
538 672
510 593
497 625
480 570
455 453
462 335
472 253
478 196
476 155
488 118
519 588
551 769
549 654
530 574
528 607
516 554
489 430
487 310
498 227
500 179
503 133
545 407
567 770
570 691
542 536
530 575
538 572
518 484
498 397
502 330
504 298
543 381
603 770
637 770
609 698
590 704
584 726
561 649
515 535
479 456
474 407
495 407
559 770
602 770
600 770
582 770
582 770
562 734
513 635
490 544
472 485
485 431
539 715
595 770
607 757
590 720
575 737
558 681
524 568
488 482
471 411
471 376
489 336
535 663
581 770
572 696
551 660
544 678
522 623
487 530
471 456
468 421
466 388
499 623
540 770
550 731
533 674
527 684
505 643
469 564
436 499
406 452
407 441
393 412
409 450
456 771
477 770
465 749
456 746
447 709
443 559
419 400
402 325
390 302
378 287
369 248
405 495
436 745
446 668
438 599
432 609
413 574
393 491
391 415
411 356
420 314
437 270
476 452
491 753
493 707
482 617
481 632
489 623
475 541
453 447
444 378
455 350
447 325
448 282
496 488
524 770
543 734
537 645
550 641
557 622
531 538
506 435
498 356
491 306
489 271
516 263
554 618
584 715
577 598
567 539
558 556
547 508
525 412
522 327
530 274
554 255
597 553
622 675
602 572
584 497
562 506
556 463
558 383
544 304
537 247
557 261
586 583
608 666
602 565
596 516
586 528
542 486
535 404
537 330
550 280
604 516
637 709
621 649
597 569
581 567
551 542
509 466
488 387
489 328
533 472
567 717
572 687
556 595
541 588
527 573
511 502
482 422
482 363
522 399
569 690
603 714
588 610
574 591
556 590
520 528
483 447
478 386
496 343
536 523
573 738
565 677
554 589
550 593
546 565
517 488
490 409
497 351
504 317
515 283
578 468
616 733
621 691
603 608
592 610
561 586
511 504
477 419
484 357
481 316
469 286
485 255
512 582
537 738
535 637
518 575
514 585
516 538
496 433
488 351
479 302
468 276
475 242
510 439
536 719
546 650
510 551
499 573
495 552
480 456
480 359
478 295
480 251
479 222
510 241
549 632
573 717
572 578
566 529
550 547
529 488
510 387
509 296
514 243
508 206
504 177
538 274
563 688
572 715
559 583
556 569
551 583
536 507
502 401
498 308
493 247
486 210
488 177
528 181
562 638
566 764
543 630
516 587
528 614
525 551
499 432
485 335
478 270
479 223
470 180
477 131
506 522
545 770
541 665
517 570
506 619
519 577
506 460
511 355
517 293
510 268
514 237
565 546
616 770
619 705
583 608
568 649
556 623
531 519
498 420
494 346
497 300
500 264
523 287
575 740
627 770
613 717
584 721
567 753
548 693
517 591
476 516
452 474
446 442
452 396
502 686
566 770
591 770
581 766
588 770
573 746
538 654
498 561
478 499
460 450
460 403
485 400
538 759
590 764
579 677
572 663
545 671
517 600
485 514
465 452
466 424
458 403
476 365
520 678
567 770
576 740
564 708
560 713
540 658
504 574
476 512
463 465
465 417
466 364
460 318
457 285
488 408
511 770
530 766
509 706
513 686
514 661
499 573
457 487
450 432
459 396
456 357
457 314
458 274
462 231
475 542
500 770
498 702
501 645
516 666
512 622
487 531
457 449
460 394
461 355
458 309
461 266
493 334
520 725
553 751
545 659
545 627
541 622
535 539
509 438
495 361
499 305
495 261
497 203
498 144
529 245
555 679
585 712
577 634
561 623
549 633
539 542
506 431
500 338
492 292
485 255
477 228
465 170
501 258
537 717
576 758
554 654
533 607
514 572
504 487
500 364
503 268
501 254
487 266
488 261
524 494
575 770
609 738
587 653
571 685
570 678
549 593
505 504
466 444
469 404
512 541
576 770
617 767
601 713
579 715
559 704
535 617
508 516
481 444
486 399
522 448
571 770
610 770
598 741
569 728
548 712
516 632
486 540
456 484
435 444
433 401
461 621
489 770
500 757
482 714
480 704
477 646
456 553
438 478
432 424
445 356
485 334
518 631
545 666
529 592
511 547
498 535
475 476
461 426
459 395
466 374
468 350
470 311
484 262
477 219
469 198
463 196
477 238
512 669
552 770
565 740
556 723
552 712
549 643
524 549
483 476
477 431
476 389
483 348
488 308
464 275
487 346
501 706
529 735
543 658
546 641
565 629
552 555
513 470
488 413
482 376
488 344
500 298
546 503
593 738
608 696
592 628
572 616
548 576
524 485
514 403
510 349
511 307
506 264
502 223
524 202
559 594
601 740
598 672
589 627
589 626
568 575
524 477
501 394
502 339
495 295
488 242
473 190
492 203
511 629
527 734
527 648
527 605
526 610
502 537
476 426
480 337
483 287
484 257
485 220
522 440
538 728
552 686
535 589
540 604
539 573
520 470
507 364
504 289
483 246
489 205
534 467
565 754
587 681
555 586
532 581
507 550
469 451
484 343
489 266
487 224
507 192
551 539
582 749
578 632
558 540
545 566
513 528
469 418
466 322
457 257
473 229
501 579
528 766
519 661
490 598
483 631
468 579
454 456
455 342
454 277
461 251
491 559
546 770
559 676
548 569
540 558
525 507
507 396
487 296
464 238
461 185
497 428
505 718
505 639
471 506
465 515
468 488
462 390
462 281
461 217
487 200
507 597
529 735
515 580
497 500
512 518
515 455
513 350
507 266
522 210
567 516
601 713
590 580
568 471
571 496
572 460
562 365
536 285
517 245
554 435
602 770
614 749
575 651
550 640
527 622
507 520
485 402
487 333
500 294
538 600
580 770
583 707
573 629
561 619
539 557
493 448
485 352
482 305
481 286
521 376
559 750
589 733
569 596
570 594
562 588
534 499
505 395
493 318
484 272
507 284
530 673
553 744
529 614
509 575
518 578
513 509
483 418
485 333
493 278
504 240
552 329
589 716
615 734
591 613
577 600
565 600
524 520
504 402
508 305
502 251
502 216
520 257
548 683
570 760
558 646
539 603
533 607
512 539
475 440
481 349
484 303
478 275
524 413
572 768
595 713
567 568
556 585
542 572
512 466
498 330
504 233
491 204
524 304
549 696
558 704
549 551
527 527
527 550
504 467
487 352
491 245
480 192
503 175
528 598
547 757
528 603
498 534
482 578
474 535
450 427
457 320
459 243
454 194
483 388
488 770
485 729
456 597
446 610
445 605
425 519
417 407
430 325
428 286
457 334
491 742
508 746
483 574
477 567
483 585
471 503
472 383
491 291
497 248
525 337
559 751
588 748
575 596
567 575
559 583
543 486
526 363
532 276
532 236
576 298
617 736
651 753
635 604
610 578
592 590
567 515
517 423
506 353
504 308
512 286
555 693
608 770
594 684
574 623
556 651
538 552
482 430
469 360
462 337
467 335
513 689
576 770
561 721
520 635
501 669
485 623
457 504
442 416
445 371
484 437
539 771
576 767
551 654
538 647
527 642
502 536
470 422
460 340
479 301
519 633
567 771
571 677
551 599
542 643
527 593
495 492
487 422
502 391
554 630
613 770
594 711
562 619
549 644
533 598
502 486
479 395
472 345
492 374
527 720
550 748
512 589
499 558
503 564
479 483
483 371
495 273
530 220
591 455
584 482
586 324
579 257
563 239
541 158
501 68
469 8
489 38
545 242
546 267
525 191
508 198
495 223
478 196
468 159
451 130
485 199
509 332
495 311
495 257
496 278
503 280
486 242
459 200
457 167
507 303
533 369
536 298
516 253
518 290
499 286
473 247
453 204
478 218
518 388
534 375
529 280
536 278
529 312
520 287
512 236
485 192
520 357
541 432
534 355
537 307
523 353
508 360
490 331
489 292
519 339
549 487
549 454
533 384
521 405
509 426
485 402
474 359
477 314
522 451
552 524
545 458
539 412
544 435
536 438
511 410
481 372
469 343
506 489
539 589
535 531
504 481
493 512
487 513
475 477
463 433
466 399
505 411
579 599
617 618
596 555
566 555
569 580
573 559
544 515
509 473
478 446
479 422
537 544
600 649
596 612
571 578
564 602
559 597
530 558
472 511
449 472
447 445
441 419
486 504
538 655
539 640
520 595
515 611
511 610
492 574
470 528
459 493
436 460
425 431
426 400
480 501
535 671
550 661
543 613
539 631
540 631
523 590
460 537
425 492
386 460
370 440
380 407
417 572
470 704
474 673
464 631
459 647
441 637
417 588
382 529
347 483
352 448
334 419
337 469
364 672
360 691
368 632
373 629
361 639
335 603
319 546
300 492
304 454
331 424
378 457
448 671
481 712
479 649
493 639
511 650
490 614
460 550
445 493
445 452
456 420
510 462
580 680
604 708
577 635
576 628
583 634
564 591
542 521
515 465
513 424
485 390
497 407
539 645
567 706
571 643
580 635
585 656
578 620
539 561
505 505
472 468
464 434
501 415
562 648
612 740
614 680
618 660
624 677
600 641
573 574
544 518
527 484
544 449
627 569
691 731
705 692
683 639
675 649
656 614
628 533
600 449
598 393
591 346
632 422
665 650
674 683
667 652
657 668
625 667
579 614
552 552
549 509
528 479
492 444
496 414
503 384
559 499
636 765
691 767
682 748
664 749
643 730
593 667
544 600
503 551
482 507
465 452
457 399
464 356
483 336
520 603
573 721
598 670
600 646
593 665
569 625
537 556
512 501
477 465
471 431
467 397
509 456
568 698
584 708
571 640
568 632
559 620
530 558
501 487
466 443
462 410
461 380
467 349
516 429
582 712
610 742
600 692
593 677
585 671
569 609
537 539
505 491
486 456
481 424
483 397
497 371
561 619
621 771
624 750
605 721
580 723
553 680
523 611
487 554
464 506
448 465
442 430
466 433
505 716
550 771
546 729
535 697
533 686
510 628
485 559
462 508
442 471
444 438
437 388
439 331
428 289
438 264
482 561
511 748
506 697
504 648
499 646
486 602
455 511
441 432
455 383
454 340
449 307
442 280
466 317
504 635
533 697
529 620
524 601
512 606
508 544
467 456
462 383
457 339
460 310
476 270
523 520
561 720
568 669
558 593
559 590
551 569
515 486
505 389
509 316
494 272
484 232
506 389
536 710
558 718
550 632
538 617
519 610
489 538
472 433
485 332
499 254
496 196
533 347
551 678
553 665
549 522
542 503
543 507
532 426
532 312
549 228
544 195
569 344
589 712
600 734
577 600
545 583
534 604
529 523
501 402
504 284
499 203
531 434
562 770
583 726
557 582
529 567
510 582
502 510
490 403
492 306
503 243
536 522
589 770
608 770
581 681
560 663
540 629
507 512
485 341
495 157
499 14
536 328
542 716
541 685
506 531
477 543
473 560
464 494
455 407
466 344
504 326
556 723
593 770
577 687
549 608
539 645
518 594
479 480
478 362
481 270
514 286
556 718
580 767
544 635
503 567
491 604
481 553
454 447
457 346
458 272
491 305
532 726
556 764
541 622
522 555
502 582
480 528
449 431
450 338
451 273
462 371
486 757
496 742
453 565
418 522
400 545
396 481
384 374
391 278
403 218
431 438
437 766
436 690
412 530
416 571
422 584
420 498
419 394
432 326
496 388
549 764
589 754
583 590
564 556
569 570
542 490
505 388
501 306
508 253
566 445
600 770
615 731
586 605
571 609
555 603
532 514
497 402
495 320
494 284
521 461
547 770
559 744
546 628
551 624
553 629
538 554
489 463
474 393
478 364
519 404
589 770
643 770
634 687
602 642
581 647
554 576
517 466
502 379
497 333
482 307
521 375
572 740
597 739
564 589
550 579
551 593
528 508
499 403
501 331
504 292
506 257
565 405
608 728
613 667
591 509
572 513
564 510
553 420
547 307
536 221
526 170
523 137
557 443
577 724
562 621
519 485
497 516
487 503
468 407
457 310
454 250
472 228
501 598
535 771
519 637
489 530
496 564
469 537
421 429
408 326
414 260
458 438
495 770
527 729
516 594
498 597
500 593
481 497
472 387
470 312
484 306
506 688
524 762
486 615
464 563
438 587
408 521
385 412
364 336
359 293
373 529
403 770
393 652
363 532
356 570
345 537
321 435
317 357
319 314
367 449
423 766
459 718
431 576
420 578
414 562
392 474
404 378
417 321
459 288
506 606
556 769
555 647
548 575
553 595
553 549
547 452
551 373
558 323
554 284
590 494
631 753
641 682
638 584
634 597
616 565
592 472
582 387
597 327
607 287
637 321
676 652
694 672
667 542
645 548
612 567
573 503
522 421
509 353
497 310
501 268
541 547
583 741
591 659
568 587
570 604
537 554
504 461
491 382
490 321
497 291
514 265
566 573
603 766
623 692
617 630
621 637
614 580
575 475
559 369
550 321
549 297
572 300
605 645
624 746
614 634
598 613
611 630
596 555
558 463
549 391
543 355
558 325
607 626
614 756
509 646
376 598
323 617
296 563
267 461
265 377
252 335
266 307
321 403
373 749
418 746
417 647
434 636
445 622
433 533
410 437
411 373
427 337
418 296
449 442
491 758
510 718
489 623
478 627
483 594
460 501
445 405
453 345
450 317
486 301
531 649
573 747
563 628
547 600
551 608
533 526
509 404
506 323
513 283
513 268
544 346
589 718
607 731
594 609
596 580
587 566
543 484
497 401
492 350
490 307
476 264
495 222
528 604
582 770
570 689
547 621
548 618
531 560
513 445
516 331
510 265
511 234
512 192
573 485
601 756
586 639
565 536
549 575
530 532
503 409
500 295
495 237
478 219
492 292
502 701
510 736
480 575
469 564
461 571
443 475
433 360
420 267
394 229
384 198
423 567
458 770
426 674
357 580
335 616
326 577
315 462
330 359
363 295
386 249
448 403
496 770
524 748
536 635
555 640
579 631
577 524
562 397
575 304
596 269
611 241
663 546
711 770
711 685
684 572
665 622
640 590
598 478
575 379
560 313
548 274
590 383
626 770
642 745
617 621
600 638
603 647
588 559
549 454
531 371
517 320
522 273
574 376
638 770
675 761
655 662
632 655
667 645
768 550
768 447
768 369
768 314
768 264
769 346
768 759
769 753
768 639
769 633
769 623
732 523
683 402
664 321
637 290
628 253
663 472
699 770
691 693
658 569
636 610
612 585
572 472
521 356
501 297
486 273
518 400
553 770
555 749
531 622
510 612
493 609
462 519
439 404
451 326
456 298
505 433
556 771
583 746
556 621
541 611
509 606
473 527
449 442
463 391
480 351
530 655
595 770
582 723
558 642
536 656
508 609
478 494
463 385
451 323
470 387
489 770
498 771
476 680
472 664
471 626
444 504
426 394
418 352
431 345
493 663
547 770
533 695
523 636
521 684
511 635
480 526
458 432
458 376
501 454
571 770
596 746
562 620
540 596
482 585
433 505
375 416
337 350
342 301
396 481
441 763
464 678
449 543
447 545
442 515
440 415
455 305
471 240
482 203
517 537
545 731
529 582
511 486
497 526
481 485
484 382
487 302
487 258
522 452
563 757
573 675
553 531
536 553
516 542
481 456
465 363
469 308
488 280
540 627
580 771
582 663
567 589
535 612
505 563
468 457
468 359
471 301
484 287
511 659
556 764
534 624
510 558
506 569
480 503
475 391
480 298
480 250
491 208
530 535
573 743
562 616
543 537
549 579
536 539
499 442
482 356
473 309
488 285
518 624
574 770
544 651
490 567
481 584
466 530
449 421
444 318
445 250
447 217
471 190
523 578
569 760
568 635
543 554
557 569
547 511
528 395
538 284
542 217
527 182
513 155
578 397
628 748
640 684
625 552
602 564
582 548
541 445
529 327
519 238
512 181
516 156
543 203
573 662
598 741
578 559
550 506
544 548
523 483
507 373
508 275
497 227
506 206
542 595
586 770
575 637
543 531
540 570
522 532
493 420
478 310
478 232
490 184
530 543
578 770
582 698
545 588
536 608
522 570
483 453
490 330
488 257
497 209
553 471
610 770
619 714
580 597
558 614
539 598
507 505
477 391
477 306
471 253
508 350
544 763
569 744
544 591
535 576
530 593
511 514
497 402
483 317
477 281
492 254
536 645
596 770
580 636
565 580
547 629
520 571
483 459
473 362
470 312
487 285
538 660
587 771
569 680
540 610
538 636
519 585
470 473
455 363
455 296
459 250
496 362
530 770
562 755
530 637
513 624
501 617
483 526
462 411
458 322
455 276
469 239
512 613
563 770
566 661
547 587
546 607
535 552
499 441
492 336
489 275
494 230
535 486
596 770
606 675
582 542
563 564
526 531
494 423
483 318
481 263
494 229
540 514
575 770
567 671
539 551
539 598
524 561
500 450
492 349
488 288
504 244
539 622
574 770
549 646
519 566
520 605
503 552
470 431
474 325
469 269
485 262
526 707
566 771
560 705
540 662
533 673
517 590
483 464
472 369
463 321
481 489
505 770
498 755
471 645
475 643
464 609
423 507
391 413
392 351
433 428
466 770
491 739
466 594
466 597
462 594
438 499
431 387
407 304
419 367
435 728
426 713
411 552
406 534
400 516
382 421
383 317
392 256
443 374
479 740
491 713
482 557
475 565
477 548
459 445
460 358
473 299
521 523
567 770
579 668
568 521
554 533
531 490
509 367
502 256
506 176
549 442
577 695
561 560
535 382
537 401
523 378
507 280
497 170
505 71
555 425
551 640
520 470
512 329
508 402
514 372
496 255
482 140
505 92
545 525
552 650
527 458
536 355
537 401
537 340
519 228
509 118
543 44
598 486
614 657
576 489
558 385
537 463
523 442
507 345
497 241
519 142
587 457
615 753
593 646
542 463
526 489
516 482
515 369
520 244
517 151
556 273
595 705
589 703
544 486
508 476
499 515
501 444
499 337
491 246
514 275
556 731
592 760
556 581
525 548
510 596
478 523
455 410
450 328
480 271
532 680
586 770
588 705
556 614
536 681
525 643
496 516
477 382
478 296
502 376
554 770
581 769
571 655
552 660
545 689
521 601
478 485
474 398
484 349
519 597
601 769
608 725
581 595
566 640
539 608
506 483
481 354
477 280
478 234
505 510
547 770
535 702
510 567
497 603
492 570
461 459
459 344
445 269
443 235
466 217
513 676
568 771
548 638
529 575
524 619
507 547
490 412
496 302
498 238
488 184
476 132
517 448
551 770
559 760
543 703
539 769
545 770
530 761
484 702
459 627
433 560
425 498
481 676
553 771
567 770
536 711
539 756
543 762
525 688
490 580
454 493
434 452
468 449
544 770
584 770
558 690
532 658
522 707
494 660
471 562
443 474
436 418
459 393
511 745
561 770
532 686
505 630
496 665
474 615
452 517
433 435
429 394
433 366
482 560
559 771
585 752
549 658
534 660
522 634
503 532
481 421
477 348
482 311
505 318
557 689
606 763
587 645
577 591
572 605
562 540
528 433
503 346
504 295
502 259
535 331
568 705
571 720
551 579
533 548
508 554
486 478
476 373
477 297
475 259
478 237
517 533
561 771
564 683
550 589
552 628
545 595
512 496
472 408
467 360
470 325
504 608
561 770
572 696
555 592
532 601
495 553
446 448
432 346
431 277
431 219
476 428
494 741
493 681
489 583
501 631
517 637
508 540
478 432
480 357
489 310
540 543
601 770
617 727
601 659
604 687
574 663
539 564
491 457
485 383
480 335
514 464
567 770
591 711
558 571
529 553
508 535
486 458
472 370
471 303
461 263
472 247
495 608
524 726
523 592
506 532
498 554
474 493
462 394
466 305
473 251
475 214
492 169
538 505
553 738
550 617
536 515
534 545
537 501
519 402
520 302
506 235
492 198
503 155
548 496
582 719
577 572
553 467
546 541
538 519
525 434
529 358
522 300
520 259
563 464
609 770
621 707
591 564
574 588
555 574
522 461
494 344
485 261
487 213
513 269
541 719
576 762
547 619
533 584
529 613
507 535
485 422
485 330
495 271
508 235
557 578
617 770
615 678
587 573
572 609
558 576
521 472
511 367
498 301
494 252
527 344
581 758
621 748
583 588
555 578
546 595
530 514
503 395
495 318
493 260
501 227
539 580
590 770
581 653
559 535
551 582
535 539
509 422
512 308
509 228
497 195
528 402
565 770
576 708
543 559
522 607
501 615
486 522
480 423
480 360
501 331
553 685
600 770
580 685
553 602
539 643
529 593
499 489
460 390
454 331
494 339
543 766
598 770
579 680
536 630
520 653
489 583
451 467
448 371
438 317
470 343
505 761
531 766
501 650
482 613
474 619
459 539
437 426
442 332
450 268
480 285
515 705
557 762
549 628
531 567
511 570
488 492
485 368
500 271
514 209
566 395
606 704
599 590
579 406
566 444
541 414
535 290
521 168
508 119
531 272
556 770
603 771
610 770
613 770
589 770
559 770
520 721
483 657
489 635
587 770
631 770
622 769
611 770
595 770
556 711
503 599
458 506
446 438
482 578
533 770
529 732
502 618
481 621
475 599
452 463
447 319
445 243
441 219
476 407
530 765
546 702
502 541
482 536
475 544
460 464
452 362
462 281
467 234
504 316
549 700
559 714
524 538
500 476
481 490
459 430
475 329
476 239
474 182
506 234
539 637
567 677
541 493
529 425
520 470
512 433
505 354
497 282
512 254
560 638
593 762
569 607
532 500
512 526
489 487
475 395
476 306
490 242
549 575
596 770
577 697
548 569
537 578
517 555
484 463
477 366
471 295
518 472
566 770
589 744
561 620
552 600
535 589
490 508
471 407
470 332
500 303
571 684
618 770
598 679
570 599
549 611
545 557
513 459
490 368
475 313
489 288
540 662
581 771
558 667
522 591
490 606
459 554
437 455
432 362
434 302
435 260
473 450
512 771
531 717
508 582
514 592
510 581
489 497
470 408
469 355
478 323
507 445
552 770
566 739
529 607
516 601
502 595
471 514
457 421
470 349
470 312
509 344
561 748
594 770
579 680
566 643
560 646
540 577
509 478
496 402
492 359
522 511
581 770
610 738
599 637
575 632
561 602
533 501
501 404
491 353
482 319
523 491
583 770
602 728
579 633
551 627
530 585
504 496
472 410
474 351
479 308
481 251
508 363
536 719
554 707
552 616
549 620
546 598
527 528
495 454
491 389
498 338
490 285
506 263
536 633
568 715
554 611
545 570
530 556
517 476
504 385
507 321
478 272
466 222
448 167
432 128
419 97
426 62
477 477
501 771
507 702
497 636
494 648
486 588
461 464
475 356
484 294
486 239
463 173
453 130
442 96
493 360
516 765
537 720
520 608
498 599
487 589
467 501
461 394
477 316
476 252
477 189
473 119
492 78
507 572
532 766
526 651
521 584
521 608
513 551
484 453
490 374
485 323
488 283
492 231
528 556
577 770
589 737
569 659
563 685
550 668
521 564
494 450
483 360
488 274
492 199
511 175
557 653
599 769
584 652
564 601
556 613
547 538
536 408
527 321
511 296
491 285
486 260
515 607
575 770
600 753
586 699
577 717
562 678
531 574
493 470
484 402
502 364
564 577
612 771
623 765
597 730
585 757
586 728
560 625
519 540
474 495
495 538
574 770
611 771
629 768
613 770
597 761
549 683
496 586
457 526
436 475
484 596
560 770
599 771
608 770
601 771
562 738
529 656
482 577
461 521
440 473
428 429
429 368
477 662
536 770
556 765
538 721
525 693
515 635
482 541
464 466
454 407
452 356
447 304
442 263
447 214
468 509
487 737
497 674
505 624
505 618
483 561
454 466
441 383
439 321
439 267
434 217
462 248
475 636
491 712
490 647
477 606
475 576
469 499
473 400
475 351
463 360
450 369
438 351
431 324
431 297
442 278
480 651
528 769
542 761
527 731
520 720
509 659
501 560
481 472
476 411
461 359
427 303
421 251
423 197
458 413
494 739
519 715
508 633
515 617
520 588
501 507
490 414
480 347
485 303
485 267
484 232
521 294
571 699
627 756
631 653
615 619
606 618
570 542
541 433
536 341
536 282
525 240
540 292
585 681
599 741
589 633
575 578
566 570
562 500
534 396
523 305
500 246
484 205
513 262
548 634
571 689
551 580
529 530
532 519
513 455
493 360
489 266
491 205
485 161
503 185
530 515
556 579
558 473
545 425
537 423
518 369
518 287
512 212
513 161
524 119
563 332
581 465
557 411
541 349
518 352
524 327
529 265
508 199
481 143
474 107
481 98
529 348
547 426
546 375
544 344
530 360
524 342
507 288
496 228
479 