734
592
506
489
471
468
476
458
476
538
564
552
553
557
547
528
509
509
555
554
547
564
564
552
515
496
504
499
562
598
603
610
590
560
543
522
493
494
563
582
558
543
527
527
504
490
520
568
581
554
539
522
496
488
488
518
572
587
564
554
534
518
492
488
521
580
589
582
573
556
522
488
499
554
581
565
538
528
502
504
496
502
561
597
603
598
574
537
533
529
568
593
593
584
560
558
546
531
505
533
572
577
559
545
530
531
537
518
558
544
540
531
523
518
519
513
533
603
618
606
575
538
500
494
509
576
611
579
546
531
481
464
458
522
574
561
544
537
533
516
502
550
576
554
540
529
517
508
518
537
537
537
543
527
499
497
494
539
558
556
564
552
540
512
505
518
552
556
557
544
523
495
489
508
566
573
551
547
543
516
501
496
528
554
541
549
595
594
560
534
603
702
730
704
674
610
512
461
488
498
475
447
442
430
432
442
494
484
446
435
436
432
433
447
497
499
497
509
529
528
519
514
563
583
592
585
583
603
602
595
627
687
762
763
763
763
762
695
605
521
485
495
489
473
472
461
432
425
422
428
485
484
477
477
494
493
498
506
558
593
585
554
545
515
494
481
475
506
534
526
505
510
511
491
486
482
488
532
578
599
634
643
609
570
531
500
502
545
554
551
547
525
501
502
501
500
510
536
540
558
544
506
488
481
472
534
571
549
524
523
501
505
486
544
588
582
577
565
533
491
495
572
605
596
588
582
548
508
485
548
597
589
575
564
540
496
483
480
552
583
555
532
549
509
484
478
513
587
576
561
559
551
531
497
522
593
595
575
549
534
508
497
482
524
585
601
599
578
549
514
492
476
470
549
580
570
553
546
523
494
483
525
591
592
568
556
546
515
482
474
483
563
590
587
578
579
540
506
496
546
570
581
571
575
561
529
492
492
500
563
571
589
576
533
496
490
497
475
478
542
578
583
571
552
534
498
486
483
500
577
589
580
557
550
528
490
487
482
468
511
553
585
607
592
565
543
523
490
487
516
581
586
562
552
556
544
519
507
516
588
618
610
599
597
577
543
509
515
514
573
594
584
572
556
515
486
488
489
505
539
549
542
530
525
524
537
532
504
534
546
554
547
531
502
487
489
486
542
594
605
564
554
529
520
499
508
559
596
594
578
574
556
540
525
509
528
589
604
577
555
537
525
502
502
514
551
556
531
516
506
504
507
486
502
580
604
589
563
556
544
521
482
538
559
542
545
553
564
552
519
513
581
611
594
567
550
539
509
488
478
505
559
561
559
555
560
540
493
489
486
525
566
576
584
594
576
542
516
509
559
574
558
524
523
495
489
494
489
536
560
572
559
534
500
495
484
480
536
566
554
515
509
501
503
496
536
570
575
570
563
542
504
497
518
575
592
598
584
561
519
496
499
533
564
564
555
564
556
508
491
519
575
571
553
558
549
509
469
467
482
545
561
559
559
548
518
493
498
527
599
600
580
566
567
534
499
497
561
592
570
553
556
543
494
488
532
583
596
573
552
548
533
493
477
527
568
572
544
533
527
510
490
477
485
552
566
558
551
556
532
499
503
546
587
578
553
550
528
490
494
491
495
537
583
580
577
554
531
504
501
485
483
495
555
559
533
536
543
517
506
492
502
558
578
562
560
575
548
500
484
483
481
493
561
594
580
573
541
507
494
490
476
454
522
586
564
548
551
542
498
481
482
539
576
571
563
566
549
515
510
503
543
622
638
610
582
573
535
492
491
491
549
580
584
579
580
575
538
520
504
552
572
578
592
583
564
531
506
503
497
499
550
570
576
560
556
565
570
551
523
516
534
569
571
556
561
546
506
498
507
489
483
530
585
585
568
543
531
496
490
479
510
560
588
575
567
547
508
482
487
478
468
522
569
575
569
556
561
519
494
485
490
489
546
571
577
579
561
533
517
506
490
517
586
600
582
561
543
537
498
490
485
488
554
563
569
558
540
518
494
487
493
489
518
584
590
580
554
551
528
493
494
475
533
590
611
588
566
543
513
501
485
470
497
569
592
591
592
593
551
508
502
493
487
535
572
578
561
555
541
524
509
497
526
618
630
610
592
580
550
506
477
465
528
569
556
550
558
544
492
486
476
507
572
576
573
561
564
509
491
497
527
561
561
557
572
570
548
531
531
586
612
602
575
572
536
495
483
483
535
567
579
569
551
524
518
498
543
580
572
566
564
536
489
483
480
517
535
542
549
555
525
476
491
499
483
546
574
583
570
562
524
502
498
499
483
534
579
568
539
536
504
504
489
496
556
590
567
546
529
521
496
473
461
500
560
554
536
537
532
493
498
496
494
532
584
603
585
569
561
527
511
506
512
562
573
552
556
544
535
504
501
493
521
593
608
584
570
570
544
489
479
480
513
555
571
565
575
571
535
520
517
510
559
581
571
586
571
529
490
492
487
479
493
568
600
588
567
565
540
507
499
494
489
544
580
579
571
550
513
503
500
481
470
532
554
579
577
592
574
527
507
493
491
513
569
587
590
582
553
510
490
493
500
498
549
586
587
566
542
517
499
487
485
558
583
564
554
555
524
496
499
482
498
585
594
577
572
564
540
504
487
491
573
596
566
539
540
513
486
482
481
471
512
545
557
573
577
548
507
498
491
475
512
578
585
567
554
558
531
508
502
570
619
613
589
571
549
529
498
488
503
583
609
596
588
574
540
529
507
505
546
585
586
563
554
535
500
498
491
530
564
563
565
541
522
493
498
492
483
479
569
618
617
597
576
562
530
506
493
528
591
590
570
569
556
514
492
488
538
590
593
573
559
551
535
498
494
480
511
537
556
559
537
519
493
506
503
505
558
574
576
577
553
508
516
499
488
514
590
613
592
570
557
526
489
487
480
500
569
584
571
564
570
537
493
487
480
547
560
541
525
536
524
488
481
483
544
595
594
579
579
566
516
485
483
484
533
586
593
584
559
526
490
489
481
481
566
603
591
565
546
521
495
494
510
579
594
577
549
555
521
496
489
509
572
595
589
573
577
560
517
498
500
562
596
586
563
559
544
517
491
499
547
568
559
578
572
539
499
495
490
489
537
581
599
591
589
567
541
534
524
515
515
580
601
588
574
548
521
514
495
496
501
542
561
558
544
545
518
495
487
487
482
500
557
584
581
552
539
511
501
496
482
477
537
586
569
553
561
539
502
502
502
532
578
595
597
589
555
513
499
508
482
485
560
595
579
556
548
545
525
505
487
534
557
556
538
546
522
472
474
476
486
549
583
594
576
570
541
515
500
486
486
525
578
601
605
587
560
534
514
504
531
568
582
571
548
542
541
508
480
463
490
558
588
582
561
549
518
492
492
483
511
593
594
581
575
572
536
491
490
513
559
587
579
581
566
523
495
499
486
479
539
571
579
578
567
520
494
490
481
510
554
569
563
543
517
505
500
492
492
558
582
587
579
559
536
509
494
483
502
571
598
581
565
569
550
515
493
508
570
577
565
574
564
531
491
479
481
551
586
578
558
554
545
536
501
494
558
599
611
593
574
546
512
495
509
543
566
579
563
535
496
494
476
527
570
590
585
568
545
510
513
505
558
589
603
603
571
528
503
504
531
590
600
592
574
555
523
505
516
540
557
550
551
553
513
489
482
504
533
541
534
539
529
519
489
488
494
519
536
539
537
529
493
492
502
500
525
557
561
560
554
541
503
507
495
517
551
571
542
540
529
528
497
490
488
509
577
559
550
543
539
515
490
479
493
532
540
519
531
530
497
486
482
498
547
560
570
563
540
512
511
507
501
558
577
586
590
560
533
503
513
519
552
562
569
569
554
526
506
498
541
571
580
573
541
518
503
490
487
525
563
578
552
555
562
551
516
495
552
604
598
561
539
529
512
504
542
551
569
553
535
515
519
532
590
593
579
569
558
516
489
478
496
534
541
553
548
527
506
502
499
488
482
480
548
574
574
554
540
540
529
502
498
499
495
535
552
560
552
543
527
506
517
508
503
541
567
563
542
524
511
503
493
503
557
566
540
521
513
506
496
490
502
535
564
572
561
572
568
525
508
508
510
547
581
590
578
543
530
511
509
505
552
577
587
570
554
531
519
508
516
561
564
565
565
553
529
506
510
551
560
557
551
552
527
502
489
529
579
571
560
557
548
513
497
493
555
579
568
547
541
505
474
470
512
566
590
539
480
490
495
494
553
611
634
621
576
552
507
486
513
558
590
588
576
545
501
497
493
551
577
569
548
536
520
502
496
506
551
560
561
545
535
513
506
518
564
581
562
559
572
543
510
494
502
543
571
566
557
549
527
502
490
500
523
564
562
559
550
527
495
481
496
537
557
555
563
559
515
479
483
497
549
560
557
552
539
518
512
505
512
574
599
602
591
574
539
515
506
540
572
565
542
541
522
504
505
506
554
585
577
549
521
496
497
482
484
538
564
544
545
543
525
515
516
594
653
640
613
603
590
549
507
477
520
544
523
509
506
501
491
484
487
489
547
572
570
573
575
537
513
503
508
509
561
589
590
572
555
512
494
491
491
551
583
595
594
572
542
520
496
499
495
575
609
582
570
564
564
539
503
489
553
588
569
545
551
532
492
485
524
566
560
552
546
546
540
526
512
565
597
596
579
568
549
517
495
489
519
569
567
558
554
537
489
489
495
499
546
582
588
579
551
507
491
490
496
484
496
531
546
544
523
507
502
504
490
493
485
533
560
565
563
561
533
513
505
504
515
556
561
558
555
538
513
506
503
488
516
579
591
562
533
510
502
491
476
481
533
576
569
550
561
558
537
518
516
577
610
587
571
563
558
537
506
496
501
549
579
566
551
571
564
532
513
510
502
534
559
577
576
559
539
509
505
500
487
531
575
582
568
580
577
552
516
507
512
570
595
582
555
525
521
511
495
487
496
573
599
586
566
547
537
505
489
498
492
542
566
565
571
562
527
494
486
484
470
480
533
567
562
565
576
568
547
517
508
531
577
564
550
554
544
500
490
499
493
