183 694
186 719
190 729
188 734
191 670
213 672
190 750
174 690
190 617
200 626
198 683
185 648
175 572
172 515
161 514
167 485
175 538
182 542
174 569
175 534
171 524
179 491
173 552
164 551
164 513
169 499
161 507
163 483
160 477
162 468
160 476
157 494
159 521
157 524
179 533
171 593
767 231
767 38
767 40
767 40
767 51
768 58
768 117
768 202
768 245
768 260
768 304
768 311
768 329
768 340
768 339
769 350
768 363
768 367
768 368
768 370
768 378
768 433
768 455
768 467
768 474
768 477
768 469
768 462
768 459
768 468
769 509
769 508
769 502
768 504
768 501
769 489
769 478
768 473
769 507
769 511
768 499
769 520
768 517
768 509
769 499
768 495
768 506
768 547
768 546
768 544
768 546
769 545
768 539
768 539
769 534
769 565
1023 1023
957 1009
909 1023
913 1023
914 1023
913 1023
914 1023
913 1023
914 1023
911 1021
912 1019
911 1017
912 1014
911 1014
912 1012
911 1010
911 1009
909 1009
912 1010
912 1007
911 1006
911 1006
911 1007
910 1005
910 1004
909 1005
908 1004
909 1004
910 1004
909 1003
908 1003
907 1003
906 1004
906 1002
905 1002
906 1004
905 1003
904 1004
903 1003
903 1001
901 1002
901 1003
900 1005
897 1003
897 1004
897 1003
894 1002
894 1004
892 1003
891 1003
890 1003
887 1002
886 1003
885 1002
884 1004
882 1003
882 1004
880 1004
878 1004
872 1004
865 1004
861 1004
860 1003
861 1002
860 1002
861 1001
861 1001
861 1000
861 999
860 998
861 998
862 999
861 998
860 997
866 1002
866 1000
866 1000
867 999
865 997
768 770
767 543
767 488
767 480
768 512
767 559
768 617
768 547
768 526
768 518
768 499
767 483
767 498
1023 1023
985 1014
937 1023
916 1023
1023 1023
969 1023
936 1023
924 1023
917 1023
914 1023
912 1023
908 1023
907 1023
904 1023
903 1023
902 1023
900 1023
899 1023
899 1023
898 1023
896 1023
895 1023
896 1023
895 1023
893 1023
893 1023
893 1023
892 1023
891 1023
891 1023
890 1023
891 1023
889 1023
888 1023
887 1023
886 1023
883 1023
881 1023
880 1023
879 1023
880 1023
879 1023
878 1023
879 1023
879 1023
879 1023
879 1023
878 1023
879 1023
879 1023
875 1021
876 1023
879 1023
879 1023
881 1023
882 1023
881 1023
881 1023
883 1023
884 1023
885 1023
1023 1023
974 1023
936 1023
923 1023
916 1023
913 1023
912 1023
911 1023
912 1023
909 1023
907 1023
899 1023
908 1023
909 1023
907 1023
903 1023
902 1023
900 1023
898 1023
899 1023
896 1023
896 1023
898 1023
898 1023
897 1023
896 1023
809 955
769 772
769 771
770 771
770 772
769 771
769 771
769 771
769 771
769 772
770 772
769 771
769 771
769 771
770 771
769 772
770 772
769 772
770 771
767 770
769 734
769 771
770 772
770 772
770 772
769 772
770 771
770 771
769 771
770 772
769 771
770 748
770 772
770 772
770 771
769 771
769 754
770 714
770 696
769 687
770 685
771 679
769 697
770 721
769 684
770 622
769 613
769 648
769 656
769 623
769 604
769 627
769 646
770 640
769 612
770 611
770 623
769 650
770 772
770 772
770 771
769 769
770 698
770 641
769 626
770 605
769 581
770 590
770 600
769 660
769 650
770 670
770 599
769 648
769 729
769 703
769 581
770 540
769 610
769 606
769 571
770 617
770 661
770 653
770 596
769 554
770 614
769 612
769 550
769 540
770 550
769 565
771 591
770 640
770 714
770 773
770 764
771 727
770 701
771 730
770 659
770 591
770 588
770 606
770 587
770 558
770 589
770 630
770 617
770 622
770 656
770 627
770 584
769 542
770 549
770 564
770 528
769 537
770 529
770 558
769 570
769 545
770 535
770 540
770 532
770 521
770 530
770 595
771 773
770 772
770 709
770 692
770 684
771 773
771 773
770 773
770 759
770 734
770 705
770 665
770 655
771 673
770 646
770 654
771 651
771 691
771 728
771 718
770 698
770 698
771 678
771 700
771 644
771 612
771 680
770 675
770 604
770 575
770 623
770 556
770 494
770 506
770 529
770 580
770 584
770 550
771 543
770 564
770 562
234 633
326 637
275 629
230 691
771 646
249 650
258 772
250 767
248 771
243 698
239 659
239 647
261 638
770 563
770 528
770 508
770 502
769 472
770 443
770 427
769 424
770 409
769 442
770 445
771 487
770 493
769 487
197 502
205 532
206 617
194 618
200 588
200 596
197 597
195 576
206 569
205 594
203 626
199 631
192 609
292 561
409 537
769 517
770 481
402 481
187 530
184 562
181 565
578 548
635 526
749 517
770 508
186 500
182 541
180 563
184 594
184 607
190 618
206 646
212 710
202 722
226 682
221 759
241 773
259 772
211 765
206 701
201 691
194 609
191 561
198 563
202 582
200 638
188 631
190 574
195 573
195 598
190 580
193 561
189 570
192 555
240 568
219 568
193 589
197 606
195 622
192 623
192 589
191 576
194 585
190 627
189 610
213 616
217 714
204 724
187 654
194 578
196 564
189 613
770 589
190 569
190 581
189 587
514 569
770 532
191 524
192 577
199 623
203 668
204 686
207 687
206 689
208 671
204 664
199 631
196 595
204 617
197 643
197 625
203 624
205 636
210 648
211 654
219 662
219 688
215 709
206 691
203 643
203 619
211 605
214 619
216 631
212 618
238 611
750 593
705 581
722 572
342 573
202 582
206 572
206 578
205 574
207 575
220 637
218 701
207 679
216 659
240 695
239 769
233 770
263 773
251 773
240 771
210 737
661 609
720 551
636 538
664 520
769 511
770 492
770 467
770 470
770 516
770 526
770 538
770 543
770 545
652 548
194 559
771 542
758 526
195 585
195 605
693 598
667 568
195 581
193 582
196 576
770 559
514 531
199 562
205 628
205 641
226 657
272 773
240 772
770 765
269 724
241 710
216 772
225 682
211 642
218 621
217 618
235 619
230 667
209 650
771 529
770 488
408 507
262 519
287 633
227 554
212 641
215 654
234 549
208 772
283 594
419 761
212 634
771 563
770 505
770 457
770 484
622 500
587 554
208 567
274 596
770 616
771 526
770 511
770 523
770 521
211 542
271 608
210 620
586 601
213 658
224 676
208 694
215 674
215 654
212 658
215 640
215 638
216 640
221 635
217 677
349 648
568 616
338 609
676 605
770 586
729 586
608 584
416 581
271 620
691 619
770 608
770 600
218 604
217 634
216 629
216 630
217 622
218 615
217 653
770 628
771 591
771 557
770 558
770 543
770 537
770 516
770 513
770 533
770 505
770 480
770 487
771 525
770 544
771 555
771 547
770 535
769 553
770 572
771 586
770 600
203 639
723 637
770 611
587 595
202 640
342 666
563 638
770 643
770 595
770 567
685 579
202 635
204 644
207 667
212 696
225 745
210 763
210 701
198 684
770 597
770 532
212 569
206 624
222 668
216 678
210 699
206 651
612 616
730 575
249 575
694 575
765 555
443 568
493 597
770 573
770 535
770 510
770 501
770 497
619 543
201 588
634 611
771 587
771 547
770 534
770 562
771 562
770 537
770 538
771 565
770 574
770 557
199 607
198 623
441 612
579 601
768 582
256 592
228 621
640 617
770 593
770 593
466 597
640 594
770 585
770 578
651 590
770 607
771 594
770 596
771 586
771 591
770 572
420 576
199 608
211 618
199 642
236 634
275 623
202 624
202 633
202 626
295 617
393 615
770 628
770 603
770 581
770 592
770 587
770 600
770 579
770 577
771 587
770 608
771 610
770 614
373 618
323 639
490 623
770 609
771 586
770 595
770 609
771 610
770 619
770 606
771 597
770 598
481 599
204 625
203 658
352 648
757 625
770 613
628 613
209 617
210 629
216 652
215 658
216 675
216 683
212 666
214 649
214 648
216 645
213 638
213 622
214 616
221 645
215 670
715 641
770 589
770 557
770 553
761 572
751 573
209 601
209 633
209 636
211 641
210 651
210 638
646 622
769 590
453 587
215 616
226 655
225 719
210 705
770 637
770 593
770 562
771 558
770 580
771 573
770 565
769 529
769 499
769 487
770 501
770 532
770 541
769 538
770 556
770 600
770 603
770 613
528 617
213 644
643 635
204 631
205 635
210 663
206 679
207 660
750 646
771 621
770 605
770 599
770 584
771 594
770 613
770 609
770 615
207 627
206 652
211 638
255 629
211 621
210 670
210 671
297 654
770 625
770 608
770 591
770 595
760 595
228 619
770 636
770 599
771 571
770 567
770 592
340 616
212 638
304 636
405 625
770 636
770 608
771 590
770 571
770 568
770 556
771 554
770 564
770 596
770 598
770 589
770 586
475 610
771 620
209 633
760 629
219 621
770 643
770 619
770 599
770 609
770 601
770 605
770 589
770 588
770 614
770 615
770 607
771 612
771 614
770 620
770 613
767 610
638 622
214 639
384 663
770 651
770 626
771 626
761 625
769 623
762 618
771 613
771 623
771 622
770 608
770 602
671 612
754 614
712 605
726 605
753 594
744 586
212 616
208 634
208 639
210 642
214 648
211 657
212 647
213 641
210 637
208 629
367 626
572 615
690 603
420 606
274 608
257 607
208 604
210 600
338 598
770 601
770 583
471 594
209 624
373 625
770 593
770 579
733 582
421 596
212 619
214 645
443 641
770 628
608 608
212 626
212 632
290 624
754 611
745 612
770 618
770 591
770 570
770 564
770 581
770 581
770 561
770 547
770 569
770 586
769 580
770 577
770 601
726 617
631 632
770 632
770 630
770 620
770 616
771 611
770 609
770 609
771 605
756 611
770 617
771 632
771 627
770 617
244 633
247 650
771 631
770 595
770 581
298 602
212 652
317 651
213 636
530 643
769 613
770 571
430 595
770 598
770 607
770 603
770 614
758 591
249 624
770 623
770 587
216 605
519 619
365 613
467 623
218 633
221 660
228 671
216 643
222 632
220 645
223 643
221 644
225 655
221 651
292 639
583 621
496 619
664 612
698 607
771 596
770 593
772 583
771 590
771 579
770 572
770 584
770 595
763 596
673 602
770 598
770 591
770 597
761 586
754 600
672 606
757 609
770 595
771 585
770 568
770 562
770 570
767 588
770 597
766 609
771 602
770 572
770 547
770 546
770 567
770 564
770 569
770 585
770 592
770 599
670 607
704 615
599 633
770 637
770 637
747 618
771 624
691 619
327 623
214 639
212 641
211 668
728 648
561 637
220 649
211 680
213 648
214 641
217 644
222 662
216 687
225 680
238 705
238 753
233 753
222 722
221 662
770 615
770 579
770 571
771 577
770 589
770 597
700 604
746 612
224 626
241 647
556 650
278 648
300 658
771 639
239 644
224 642
227 639
237 668
232 687
231 695
232 689
238 689
238 707
237 711
240 691
237 685
235 669
676 640
771 617
770 599
770 597
770 605
771 591
771 572
771 586
771 600
249 618
241 634
238 685
633 670
771 649
647 633
239 651
239 656
244 659
244 667
240 661
247 648
246 693
244 690
284 672
244 661
771 643
770 588
771 579
770 581
771 588
770 614
771 601
771 586
770 593
770 605
772 593
770 581
771 591
771 584
771 587
740 643
771 662
771 639
771 629
595 654
248 665
251 671
264 719
260 751
252 762
770 698
770 605
770 570
770 556
770 552
770 555
771 562
770 569
770 560
771 566
770 555
771 565
771 588
549 639
237 662
383 657
770 639
771 614
770 634
770 632
770 617
770 621
771 618
771 604
770 588
770 548
770 513
770 539
770 557
771 562
770 581
770 598
770 600
770 596
771 605
770 598
770 597
770 602
770 614
770 614
770 618
771 626
511 646
761 645
771 627
701 619
770 613
233 631
517 667
771 641
770 612
697 619
234 643
294 657
334 635
333 633
232 655
770 666
770 642
770 644
759 648
771 641
234 636
241 652
242 662
240 679
239 695
517 687
254 693
257 746
253 761
253 743
247 717
246 679
246 654
250 651
248 711
771 675
770 619
771 625
771 602
771 538
771 520
771 534
771 601
771 621
770 639
767 648
261 707
356 753
772 660
771 607
771 608
771 616
771 604
771 599
771 612
771 611
771 594
771 575
771 590
771 594
771 575
771 579
770 601
770 605
771 593
770 581
770 570
771 601
770 641
771 654
771 632
771 625
245 656
245 668
252 656
258 685
261 742
248 748
771 676
771 627
770 610
772 592
771 569
772 556
770 567
770 585
771 573
771 566
770 564
770 577
771 577
642 590
730 596
729 586
755 616
770 611
771 595
770 585
719 592
649 603
693 610
479 601
240 631
238 661
771 644
770 601
755 593
771 603
771 596
683 590
297 602
242 625
377 650
766 622
751 609
770 604
770 588
771 581
770 575
771 576
770 561
771 568
771 590
770 582
770 581
770 593
770 595
770 581
771 571
770 603
237 641
593 656
732 651
500 648
238 666
328 660
238 644
239 648
612 644
770 654
770 635
772 608
771 625
770 610
771 608
618 614
241 644
380 656
771 648
771 650
771 634
771 634
241 669
273 684
263 658
241 659
300 663
770 668
771 650
771 637
771 644
733 647
771 639
771 629
771 614
243 631
244 668
406 684
262 671
256 769
254 745
259 737
275 743
268 773
282 731
271 767
255 760
771 654
770 547
770 466
770 451
770 432
770 418
770 433
770 455
770 450
770 410
770 387
771 410
770 464
770 472
770 493
770 530
771 591
771 589
771 586
770 595
770 599
770 596
770 604
770 605
770 638
771 640
771 635
770 639
770 636
770 634
770 623
771 618
770 608
771 635
771 644
770 641
770 636
223 659
233 698
234 728
234 721
249 736
239 772
232 769
232 709
233 697
234 672
236 673
240 665
233 658
232 649
235 669
230 667
406 650
769 619
771 602
770 570
770 561
771 557
731 588
771 621
770 603
770 596
770 597
770 609
770 602
770 589
770 581
771 607
770 609
770 590
770 589
770 598
555 613
231 640
228 676
223 672
223 686
460 676
770 650
484 647
313 649
644 633
770 612
400 608
371 612
246 685
229 734
245 685
295 666
761 646
266 620
264 773
235 747
577 705
770 607
769 522
770 490
770 509
770 526
234 573
227 638
771 616
770 596
770 613
770 604
770 571
501 593
225 645
402 647
323 636
230 633
771 622
721 618
770 656
770 622
770 602
771 606
556 617
770 616
232 622
243 665
240 750
234 734
295 711
679 665
770 654
771 619
236 597
771 600
772 576
241 613
422 692
771 666
770 628
771 605
770 582
683 565
770 607
770 596
235 612
234 685
770 679
770 660
771 643
288 642
236 655
263 681
248 734
251 718
245 748
297 714
267 671
244 674
246 673
249 664
251 663
246 650
247 629
245 634
586 663
771 646
771 623
771 630
771 629
771 608
567 616
771 617
771 581
770 620
771 635
771 631
771 635
771 635
771 624
760 616
501 627
770 598
771 582
771 631
771 622
771 620
771 618
770 633
771 624
771 616
468 628
771 632
771 641
771 614
770 596
770 593
770 609
770 590
771 572
770 562
770 563
771 621
770 656
770 649
770 641
770 647
769 626
710 622
361 624
440 618
770 615
770 640
771 625
770 607
771 618
578 628
237 650
238 649
237 636
269 658
345 678
240 687
243 683
246 700
254 693
257 715
253 710
249 675
245 664
244 675
250 677
249 701
248 685
608 660
770 631
772 602
771 581
770 553
771 600
771 639
771 631
771 616
771 625
770 623
762 622
707 618
771 617
471 659
771 672
771 656
253 654
252 701
250 686
260 656
260 677
258 683
262 665
262 721
256 742
681 701
766 668
772 651
771 610
771 584
771 583
770 572
771 594
771 634
770 609
771 570
770 545
770 540
770 538
771 533
771 537
771 575
770 606
770 607
771 598
771 608
770 613
770 598
771 608
521 617
250 629
249 692
513 708
771 692
771 679
726 680
631 667
339 645
253 652
515 635
426 674
249 695
771 655
771 652
771 634
770 621
770 607
771 588
770 599
771 634
771 640
771 632
771 640
746 646
257 652
267 685
266 696
264 688
261 724
772 709
772 682
764 672
629 668
281 662
591 645
771 609
771 585
771 602
771 641
771 642
771 641
770 641
771 626
770 607
771 590
771 581
771 634
771 654
770 645
770 640
763 641
771 625
767 608
770 596
771 578
771 556
752 607
770 653
771 645
770 644
739 646
770 639
770 611
771 590
770 577
771 578
771 637
771 641
771 633
347 659
247 671
410 651
247 639
250 627
251 640
259 696
737 684
393 680
251 679
253 681
251 659
252 638
522 621
770 593
533 635
458 680
770 663
771 641
771 630
770 659
772 601
373 614
771 607
771 641
727 668
771 654
771 643
771 648
771 631
772 598
772 586
770 592
771 631
771 641
771 635
771 637
772 625
771 603
771 581
771 565
770 563
771 570
771 637
771 644
771 650
661 665
771 662
381 647
254 646
255 638
255 653
402 698
770 681
771 655
695 658
771 658
772 624
771 604
383 602
259 600
304 616
628 675
771 665
770 642
772 632
706 646
288 645
771 630
771 592
771 573
771 588
771 646
282 660
494 761
771 682
770 615
283 545
253 695
771 611
278 587
297 742
770 596
771 429
770 389
770 389
770 381
771 372
770 367
770 394
771 458
770 534
771 535
770 529
770 544
771 575
771 625
770 611
770 587
770 588
770 642
248 714
258 772
770 726
770 596
771 526
238 597
252 708
770 714
658 642
289 626
769 713
729 523
770 598
770 565
770 534
226 580
511 619
240 590
769 721
771 619
770 632
529 628
220 654
226 639
222 649
234 614
770 639
219 653
770 619
770 558
770 511
770 505
770 438
770 402
770 413
771 505
770 598
770 581
770 597
770 597
770 608
771 596
770 587
221 572
206 625
208 611
735 665
770 667
505 653
217 671
253 699
770 627
770 558
770 529
770 506
771 553
770 611
771 608
770 595
770 604
210 610
770 611
771 553
770 542
219 667
742 652
770 666
226 664
625 646
209 621
545 596
420 573
770 571
772 631
770 642
771 617
583 624
209 662
210 650
209 626
239 600
370 571
207 611
652 660
770 638
770 616
770 624
454 617
211 631
210 608
210 615
209 672
368 675
219 672
218 701
227 685
242 707
241 741
238 728
239 730
233 766
224 767
237 692
230 700
249 702
250 710
249 726
253 715
239 676
250 693
226 729
770 629
233 611
233 627
244 603
249 635
247 653
244 635
418 606
770 606
770 540
771 484
770 485
771 513
476 557
232 611
238 601
271 651
770 673
770 621
746 612
234 649
248 661
258 753
245 729
749 638
249 599
238 735
243 696
237 695
257 700
257 736
272 736
267 745
250 733
481 651
770 634
770 578
771 501
770 497
770 529
771 537
771 520
771 548
770 588
770 560
770 545
770 533
771 546
771 571
249 585
244 650
238 703
770 658
770 538
770 480
770 516
770 546
770 542
770 553
770 579
771 607
770 551
771 540
771 564
770 603
770 602
570 602
268 619
771 673
771 661
770 624
770 616
771 630
770 615
232 603
231 611
544 618
307 658
245 687
240 728
243 713
251 705
240 705
272 667
259 737
771 714
770 612
770 508
770 456
771 510
771 547
771 575
724 551
770 604
771 662
770 652
771 620
491 643
602 642
239 647
238 634
272 625
771 629
770 660
770 600
770 598
771 610
770 592
771 570
771 555
770 548
771 583
770 632
770 616
770 616
771 625
771 612
241 610
242 657
235 693
384 720
770 690
771 661
250 673
251 726
260 722
266 739
251 755
250 697
247 719
771 708
770 664
722 647
262 686
252 713
250 677
760 625
254 627
246 722
771 674
743 644
253 679
263 689
269 705
269 745
260 719
770 707
770 596
771 504
770 528
259 633
771 647
514 596
770 606
770 550
770 564
771 635
770 605
770 573
770 567
770 568
770 527
770 511
771 493
770 590
771 614
771 593
771 600
771 641
520 632
295 652
642 632
258 622
242 701
771 710
771 671
720 660
260 703
257 734
255 713
262 687
260 681
259 733
283 756
771 656
770 640
299 637
249 645
263 626
427 651
771 570
771 581
253 654
771 672
771 648
258 650
255 671
354 654
316 623
261 600
288 716
769 773
770 665
771 559
770 513
771 535
771 528
770 523
771 567
771 600
770 563
770 526
771 547
770 562
771 557
771 570
771 581
771 615
534 690
770 637
770 601
771 557
770 547
770 549
770 557
245 598
243 679
770 698
770 606
770 559
770 561
770 618
625 642
243 649
770 623
770 618
770 623
770 579
771 561
771 602
771 625
772 628
770 612
771 537
770 513
770 574
771 570
770 563
770 558
770 556
771 529
771 547
770 541
770 470
770 532
770 599
770 586
770 580
770 592
770 635
223 628
243 669
246 731
244 772
230 772
770 718
233 669
254 709
274 770
274 773
248 762
249 717
236 641
647 645
771 632
770 557
770 497
771 522
770 507
771 515
770 527
771 502
770 489
770 557
770 572
770 548
771 535
770 579
770 547
770 513
770 533
770 527
770 611
770 591
770 539
770 550
770 551
770 520
770 471
770 480
770 539
771 607
770 648
770 649
770 655
770 632
770 575
770 553
771 564
769 583
771 664
771 655
770 622
771 609
770 616
770 600
770 577
640 572
214 609
216 712
364 719
214 676
213 676
218 691
229 685
245 718
259 772
238 772
218 772
713 693
213 652
509 634
771 579
651 571
219 576
221 569
770 554
770 568
770 608
770 597
770 578
771 563
770 563
761 545
771 563
770 537
770 534
770 602
770 616
770 602
768 611
728 619
739 600
771 579
723 562
770 608
770 635
769 621
763 613
723 616
350 610
217 604
215 617
212 601
210 604
214 648
770 680
661 622
770 616
211 628
214 614
224 611
220 635
217 606
223 640
213 693
770 651
706 617
215 631
220 628
214 623
665 594
770 553
770 594
771 589
770 549
770 526
770 538
770 538
653 536
217 570
770 639
770 635
770 625
770 622
753 617
770 609
770 587
770 566
732 572
770 632
770 648
770 638
770 630
627 627
222 640
306 655
499 595
543 584
475 598
241 645
771 758
246 670
660 660
592 685
230 615
224 629
224 633
229 657
222 692
316 666
757 647
231 625
228 646
230 641
232 627
228 653
572 678
770 628
770 592
771 598
226 623
229 621
288 613
228 597
770 594
770 609
771 621
770 620
771 600
692 641
771 619
770 588
771 545
771 474
685 567
770 641
771 605
770 586
762 609
225 642
227 629
228 627
234 651
770 667
771 631
770 607
770 600
770 577
655 582
263 603
770 583
770 544
770 610
770 647
770 611
537 616
240 687
240 737
237 720
232 696
237 641
241 661
243 743
240 749
239 753
258 724
253 758
256 763
269 737
281 731
271 773
283 766
239 769
771 639
771 585
236 581
771 547
510 539
770 511
770 548
770 558
770 504
771 459
770 526
241 606
771 622
770 534
770 426
770 401
770 448
770 464
769 450
769 451
770 466
770 469
769 423
769 380
770 436
770 513
228 587
224 772
770 718
770 650
770 633
770 611
221 635
231 687
226 772
221 772
771 741
770 675
770 653
770 598
234 598
241 710
215 702
770 665
590 655
232 681
770 712
771 604
770 529
770 492
770 481
219 559
771 649
770 634
770 549
770 524
770 522
770 500
771 495
770 482
771 458
771 495
770 494
770 514
222 614
770 662
770 567
771 528
764 551
219 599
770 610
770 622
771 643
616 623
696 655
770 615
770 539
770 504
770 488
769 476
490 494
195 619
769 629
769 572
770 518
769 525
771 525
769 487
770 460
770 462
769 450
770 493
769 550
770 553
770 546
672 566
207 650
769 660
769 574
770 552
771 524
770 542
769 594
770 569
769 565
770 574
188 623
209 639
231 738
225 772
188 708
190 645
198 671
194 685
206 651
209 721
193 695
750 602
196 568
222 604
207 758
770 703
328 635
770 603
770 575
770 560
770 518
771 470
770 548
771 594
602 610
226 676
268 773
326 759
771 604
771 547
771 535
770 566
770 543
770 500
770 495
769 488
770 475
770 448
770 423
770 392
770 500
770 601
770 568
770 553
770 586
770 581
770 537
770 500
770 513
769 591
769 580
769 563
770 566
770 569
770 552
770 535
189 604
401 724
770 699
770 636
770 611
770 589
770 558
769 543
770 531
770 601
770 644
770 628
770 608
770 603
770 593
761 573
746 548
176 527
207 621
770 647
770 609
769 586
769 585
769 573
770 544
770 518
770 540
769 616
770 623
770 601
769 588
684 592
770 569
770 528
769 510
769 571
770 606
769 583
770 564
770 562
770 543
769 504
769 495
770 484
770 551
769 613
770 608
712 603
770 617
746 594
693 560
158 554
238 581
770 632
770 628
660 604
185 613
159 605
157 579
397 542
770 510
770 576
770 621
770 616
770 600
770 594
769 568
770 533
770 513
770 495
770 552
771 615
769 608
769 583
770 576
771 564
157 553
159 574
154 571
770 621
770 624
498 618
162 619
183 658
172 698
168 643
167 597
170 613
171 680
174 698
182 708
168 713
169 642
221 591
487 543
551 513
164 548
426 620
770 619
691 613
361 617
170 613
173 603
208 592
234 719
253 773
218 773
182 758
197 673
201 709
229 717
204 764
180 684
770 532
770 552
770 550
769 550
769 531
766 520
770 534
769 485
769 452
770 407
769 430
770 517
770 511
770 485
769 481
769 486
769 454
769 394
769 377
769 483
769 574
770 583
770 574
770 583
770 555
769 516
163 510
160 563
156 615
510 671
480 651
769 646
770 617
316 602
154 583
369 551
434 524
769 511
770 598
770 612
770 591
770 577
769 560
770 531
770 508
769 484
770 514
770 600
769 594
769 584
770 587
397 576
769 558
770 518
769 495
769 574
769 624
770 612
770 581
770 574
770 554
769 517
769 487
770 464
769 514
770 603
770 607
770 599
770 590
770 586
769 555
769 525
770 528
769 610
769 624
769 602
769 593
769 582
770 548
769 517
770 497
770 564
769 617
770 607
769 594
769 588
769 561
770 536
769 522
769 501
770 562
769 619
770 626
668 614
142 619
141 599
400 567
416 543
770 521
769 577
769 575
770 568
769 568
540 574
137 576
142 577
142 578
140 592
143 653
140 671
138 653
138 629
138 611
138 579
138 551
138 531
139 518
138 549
179 612
471 613
138 608
143 615
154 616
160 641
156 644
164 616
191 665
198 772
188 772
165 747
165 683
167 656
165 631
163 599
160 562
163 562
160 634
155 633
167 602
160 582
157 592
320 552
502 512
553 491
158 485
159 539
254 611
771 601
770 582
162 587
160 590
570 562
709 534
742 511
163 584
770 621
769 601
770 588
626 595
771 568
771 530
723 515
770 515
770 591
771 624
770 608
770 595
770 583
770 526
769 455
770 410
770 386
770 468
769 559
769 571
769 565
770 569
770 576
769 551
770 537
770 508
770 572
769 607
769 592
770 571
770 554
769 490
769 439
769 426
769 461
769 556
770 576
769 589
770 585
663 591
742 572
769 536
145 529
150 593
165 697
172 749
212 773
193 772
178 766
166 722
163 643
163 590
163 653
163 691
166 676
171 667
169 668
163 645
161 583
686 535
769 529
770 591
770 584
770 577
635 575
158 602
165 572
185 591
224 650
178 767
181 752
211 758
208 773
245 771
231 771
207 761
197 720
769 593
769 458
768 418
769 146
769 325
769 401
769 447
767 329
768 29
767 30
768 72
768 149
768 163
768 171
769 133
768 432
732 314
183 706
181 772
174 771
768 605
768 294
768 191
768 144
767 126
768 126
768 229
768 335
768 371
768 357
768 358
768 342
768 319
768 302
769 358
768 450
768 461
768 450
768 451
768 436
768 408
768 383
768 440
768 516
768 521
768 501
768 492
768 472
768 436
768 408
768 387
769 485
768 552
768 548
768 531
768 519
768 486
768 446
768 417
768 397
768 486
768 552
768 538
769 525
768 520
768 491
769 457
769 427
768 504
768 568
768 553
768 534
769 528
768 500
768 460
769 426
768 446
768 556
768 569
768 552
762 544
673 523
542 479
398 437
324 410
270 445
186 556
123 569
116 550
155 543
189 521
195 480
208 449
202 448
244 556
271 575
244 548
221 541
199 525
145 485
103 448
81 429
86 543
93 586
80 569
101 557
126 544
101 506
50 460
33 431
36 412
41 527
76 589
93 578
98 565
47 554
27 519
27 478
66 453
111 467
139 576
137 592
148 569
181 562
16 546
16 508
18 472
17 449
17 510
52 597
121 597
220 582
273 569
264 537
207 490
247 456
289 429
254 461
210 580
282 602
364 585
396 574
441 551
496 508
355 477
568 456
706 449
767 558
769 586
760 572
744 561
709 542
601 501
548 461
539 433
576 433
596 553
652 589
659 577
626 558
602 537
17 509
99 468
153 440
191 416
238 498
317 574
399 568
401 554
364 546
371 511
390 469
406 440
396 433
401 543
413 580
441 565
459 548
490 533
502 494
487 449
442 419
151 400
37 412
238 547
444 584
558 573
649 563
672 545
728 504
688 463
598 442
562 438
553 552
599 587
659 569
683 553
638 535
551 495
541 450
402 420
453 399
645 380
768 513
768 576
768 569
768 554
768 544
768 510
768 469
768 442
768 426
768 541
768 588
768 568
767 551
762 540
754 502
727 455
684 420
608 396
561 441
448 570
429 589
393 573
326 567
20 551
23 518
23 487
24 465
24 454
23 578
22 618
22 590
75 571
149 556
233 515
182 468
22 443
23 463
65 585
192 604
768 567
768 553
768 529
768 480
769 434
769 407
768 386
638 492
515 593
513 592
528 576
414 568
26 541
25 508
27 485
28 466
571 572
768 603
769 578
768 560
768 547
768 509
59 441
109 771
72 770
65 770
40 734
38 656
696 587
569 541
769 487
768 430
768 396
527 381
151 468
108 748
125 772
140 772
121 771
108 771
180 772
176 771
195 772
207 772
163 772
156 771
150 771
175 771
167 771
255 773
250 772
237 773
215 772
201 772
194 772
192 771
187 772
191 772
179 772
177 771
173 772
160 740
169 738
161 771
164 770
175 764
183 772
193 770
187 766
194 772
185 721
180 749
164 755
155 647
152 591
166 592
162 580
167 544
171 543
170 545
159 525
162 625
158 626
157 604
155 587
142 563
121 479
119 386
130 360
133 412
128 521
130 531
128 512
137 511
143 540
142 536
171 541
168 639
158 692
150 704
148 662
149 624
168 603
170 647
204 668
300 769
229 772
196 772
170 772
152 687
770 592
770 539
770 511
770 483
770 473
770 482
770 469
770 542
769 564
769 542
769 541
278 567
174 646
166 639
170 608
260 571
177 610
176 715
173 712
169 679
179 703
165 662
166 592
770 552
769 501
770 554
769 557
770 554
769 551
769 540
769 522
769 469
769 448
770 547
770 568
769 506
769 345
769 323
769 312
769 304
769 300
769 390
769 429
769 413
768 407
769 411
769 390
769 376
770 378
769 400
769 528
769 559
769 532
768 527
770 531
769 510
769 474
769 452
770 442
769 536
769 572
769 552
769 547
769 553
769 530
769 499
769 468
769 442
769 542
769 606
769 556
769 553
769 581
769 545
769 504
769 491
769 517
133 677
139 725
143 743
157 765
164 772
162 771
174 762
177 772
171 772
172 772
173 771
171 770
171 767
167 735
171 682
172 671
186 751
178 772
183 763
190 771
190 769
194 749
215 764
213 772
204 772
192 771
186 749
190 729
185 712
175 661
173 588
175 565
181 544
206 679
186 759
173 685
183 645
196 648
193 674
196 648
200 622
203 626
207 684
209 750
207 754
226 752
211 766
203 716
208 666
201 623
197 575
212 537
197 524
190 629
766 607
310 593
213 621
210 679
228 652
223 722
268 691
225 772
771 689
770 616
770 562
771 567
383 575
400 582
770 538
682 538
770 524
771 498
769 514
769 519
769 464
770 439
770 437
770 451
770 433
770 413
770 398
769 387
769 404
770 528
770 543
769 512
769 506
769 502
769 496
770 475
769 540
769 567
769 641
770 629
770 596
769 588
769 574
769 543
770 522
770 501
769 468
770 523
770 598
770 599
770 589
770 583
770 559
769 524
769 497
769 482
769 531
770 638
769 624
770 588
769 585
770 576
769 550
770 528
770 509
769 588
769 617
769 591
769 581
770 578
771 556
770 519
770 483
769 457
769 522
770 600
770 586
770 560
770 556
770 531
770 529
770 519
769 503
770 527
770 655
770 664
770 636
771 624
770 628
770 595
770 553
769 535
769 616
769 622
769 577
769 554
769 504
767 303
768 129
768 131
769 286
768 429
767 327
768 212
768 181
768 167
768 165
768 173
768 198
768 295
768 422
768 453
768 452
769 453
769 437
768 409
768 389
88 548
107 704
95 771
90 771
768 723
768 681
768 621
769 584
121 619
111 713
104 772
99 740
425 683
102 655
106 682
117 670
124 673
122 656
110 655
106 681
769 649
769 575
113 588
118 635
118 621
118 595
119 572
114 544
118 591
122 656
251 632
769 591
149 589
251 583
125 592
137 601
135 627
135 661
128 706
126 659
135 629
126 632
139 638
154 639
148 649
156 609
142 602
151 662
769 668
769 619
703 572
671 596
769 544
769 470
770 423
769 445
769 504
769 569
769 587
719 583
135 621
156 639
152 672
149 650
151 629
148 704
145 711
146 672
156 657
157 681
330 631
146 579
535 534
151 528
155 610
236 671
149 671
770 625
445 613
151 607
158 597
153 574
769 544
770 542
769 624
770 615
769 574
769 560
770 588
770 559
770 528
769 529
770 599
770 648
770 631
770 630
771 625
770 592
679 557
192 560
365 550
564 575
769 666
770 661
769 627
770 605
770 596
175 591
167 615
770 582
770 559
770 621
769 602
770 577
770 602
480 623
770 608
770 579
769 567
770 643
771 657
769 616
770 595
770 609
769 589
770 543
770 521
767 562
769 443
768 415
769 468
769 452
769 376
769 265
769 332
769 481
769 598
769 567
769 539
769 537
770 535
379 541
335 637
769 607
151 679
769 727
769 675
769 623
770 585
768 474
769 390
769 355
769 342
769 428
770 489
769 545
750 610
134 667
139 659
550 623
181 589
140 564
150 658
150 737
152 731
150 711
150 702
149 643
161 607
169 629
163 675
160 738
158 716
158 680
162 653
168 635
168 637
169 608
161 581
211 537
213 617
533 640
770 623
770 615
770 593
770 558
770 525
770 502
769 536
770 551
769 537
770 527
771 555
769 556
770 545
770 545
164 536
384 639
769 677
770 648
769 592
769 566
769 521
769 481
769 405
769 337
770 395
768 467
769 446
769 484
770 516
146 617
155 604
769 529
769 552
770 606
769 598
769 578
406 580
569 629
149 606
361 576
151 580
165 637
159 754
152 741
770 686
179 652
152 637
156 614
157 600
324 584
669 644
770 662
769 641
769 630
770 619
717 598
162 590
178 579
215 600
770 665
769 659
770 631
770 616
770 598
770 570
770 544
770 536
770 515
770 611
770 659
770 641
771 620
770 600
770 578
769 558
166 551
173 555
188 646
206 772
192 772
188 760
181 732
178 662
179 605
176 577
204 551
616 567
770 631
770 623
769 611
770 603
770 595
770 564
770 536
770 512
770 582
770 626
770 613
770 603
529 611
770 598
770 559
700 530
770 583
769 642
769 627
769 613
770 609
770 592
770 553
770 525
771 506
770 532
770 622
770 637
770 617
181 623
240 632
770 584
770 529
770 508
770 582
770 621
770 590
770 569
770 571
770 541
770 539
192 551
188 636
258 705
276 683
770 639
204 637
211 719
198 713
190 623
208 598
197 736
192 723
481 667
200 629
208 661
770 656
770 526
769 457
770 516
771 600
771 581
770 556
770 576
770 537
770 482
771 461
770 473
770 581
770 641
198 633
193 665
201 681
198 654
199 613
215 656
210 768
193 740
769 657
275 627
225 678
428 648
520 588
214 624
769 723
770 607
769 511
770 469
769 395
769 346
770 386
769 517
769 558
770 528
769 505
769 520
769 501
769 473
770 512
770 620
770 616
770 606
770 636
770 654
771 630
247 621
189 725
218 762
508 729
770 694
770 670
215 654
260 629
207 674
189 772
433 741
750 704
755 681
771 652
770 604
770 560
770 578
770 623
770 621
770 617
770 614
770 603
770 558
770 533
770 521
770 556
770 604
769 619
769 575
767 411
770 161
770 431
769 479
769 441
770 357
769 449
770 534
770 576
754 610
770 643
769 629
769 577
770 566
734 577
769 625
770 522
769 585
770 584
770 588
770 598
770 557
770 539
769 527
587 506
626 595
770 647
770 645
771 632
168 627
163 633
179 618
180 642
189 660
187 647
185 716
180 736
180 700
181 676
183 661
183 641
184 602
181 578
180 557
181 575
207 652
770 633