293 332
0 5
0 1
656 596
541 483
2 1
379 355
473 427
427 374
84 37
765 755
749 715
270 208
766 767
765 769
522 454
173 115
767 769
767 765
358 290
770 771
771 767
423 373
234 209
760 757
720 699
220 205
3 2
770 769
768 762
285 285
37 36
769 771
689 681
391 391
122 127
722 719
647 647
76 93
766 767
690 700
337 369
72 99
767 769
743 742
192 234
770 771
646 672
366 409
769 771
576 604
347 379
767 768
657 663
217 240
769 767
691 665
298 301
753 743
578 548
115 109
730 675
555 516
152 128
0 0
497 478
398 387
138 129
0 2
414 411
431 416
332 313
98 82
122 120
602 608
576 579
238 234
59 49
742 745
704 722
320 328
131 132
765 769
759 765
380 400
314 336
665 678
633 656
209 211
773 769
722 767
330 350
770 771
721 749
487 500
321 325
740 740
658 675
256 272
765 769
743 761
399 430
524 560
719 739
578 596
171 186
773 769
766 767
434 452
144 162
756 755
706 691
277 257
763 754
691 655
236 215
765 769
755 728
289 264
768 769
761 763
331 334
770 771
754 726
375 360
662 645
753 758
616 597
219 217
19 13
759 751
684 659
168 183
27 39
711 719
647 647
136 153
718 704
511 498
444 440
738 728
606 603
462 457
769 772
768 770
444 440
766 771
770 763
456 445
127 150
765 768
733 722
245 270
768 770
727 714
417 433
217 257
767 767
765 767
309 353
362 401
597 618
558 570
214 246
687 671
587 574
143 180
766 769
669 653
133 168
659 647
350 348
48 77
534 520
385 395
178 199
451 452
303 314
535 536
491 493
251 261
671 659
576 572
310 324
123 141
594 609
502 527
238 273
40 66
468 485
633 657
517 554
256 287
252 280
636 665
532 557
250 269
270 280
662 661
588 585
263 264
634 632
676 674
502 499
82 78
766 762
652 626
241 211
771 767
765 727
409 372
762 759
734 708
768 770
754 700
431 406
766 767
754 757
554 563
707 723
543 582
769 770
755 760
350 403
189 277
374 429
766 767
615 632
175 236
507 527
623 621
506 495
398 396
733 710
596 571
365 359
677 663
304 317
49 79
383 385
412 425
326 337
629 635
559 563
350 359
766 768
561 556
108 123
766 765
671 652
329 330
79 101
765 769
758 760
264 280
64 93
712 704
685 690
495 511
120 156
766 767
563 590
326 360
154 190
525 531
532 544
116 134
731 727
659 663
149 170
763 765
740 748
232 267
589 598
653 664
528 550
192 244
742 759
636 662
130 187
769 774
737 740
241 266
24 50
770 771
729 726
418 428
118 145
770 773
726 720
380 383
83 91
768 770
751 748
296 302
59 72
754 764
749 752
257 263
758 730
585 574
521 508
234 243
723 718
693 683
180 188
761 760
767 768
356 335
354 343
765 764
725 699
290 273
769 772
765 728
564 522
182 166
769 769
770 761
358 326
349 319
549 520
570 535
324 322
614 596
516 487
678 638
691 674
534 514
769 772
757 759
344 334
767 769
765 752
460 424
771 773
767 723
334 315
11 23
761 756
683 642
207 217
0 1
770 760
665 637
433 418
345 342
694 674
532 498
154 171
765 767
719 678
264 276
102 138
719 714
626 617
98 142
500 511
583 592
431 444
37 82
770 767
466 482
179 216
770 772
616 623
261 286
766 770
719 698
352 360
767 767
740 717
391 411
198 240
715 721
578 580
1 56
764 761
360 390
32 79
746 756
464 514
67 145
766 769
591 607
69 108
716 715
407 414
2 2
678 666
580 584
298 306
558 545
449 423
555 530
592 585
380 384
764 770
615 616
289 304
427 443
530 549
417 445
67 112
345 378
413 460
334 387
45 92
735 752
520 545
87 106
628 631
355 366
305 319
543 555
535 543
427 424
570 575
644 639
564 552
157 152
767 767
765 766
292 310
238 259
746 759
719 736
272 298
592 599
697 711
594 606
251 268
770 772
717 714
386 389
217 219
710 701
614 597
239 231
721 686
762 762
665 653
73 77
767 768
676 658
182 173
280 292
631 621
581 577
538 537
758 764
764 764
477 458
769 763
670 633
138 138
585 562
609 583
404 382
12 12
767 768
658 615
177 155
771 767
621 588
138 116
765 765
618 580
72 50
756 738
603 563
514 488
757 750
658 637
691 660
754 758
527 500
40 37
56 49
767 759
692 671
160 151
2 1
764 770
754 754
251 240
9 2
753 751
617 597
116 119
765 769
622 625
365 369
557 559
657 660
536 537
204 225
743 759
676 693
181 213
761 771
735 751
249 283
2 2
769 766
758 754
260 288
30 62
768 771
757 761
294 303
298 305
676 664
592 571
132 146
766 767
736 717
393 384
45 43
767 769
662 640
271 271
1 16
767 767
746 738
309 324
31 53
767 770
762 747
289 274
241 222
678 671
657 633
187 167
767 772
760 764
328 298
768 772
763 755
499 467
211 191
765 769
760 760
323 295
186 169
768 769
766 760
279 251
771 741
716 691
421 397
14 14
768 771
627 586
145 126
770 771
722 703
364 340
765 769
708 686
357 342
767 770
685 648
301 291
771 772
766 767
382 369
768 771
73