94
94
94
94
94
94
94
88
88
88
88
88
88
88
90
90
90
90
90
90
90
90
89
89
89
89
89
89
89
82
82
82
82
82
82
82
96
96
96
96
96
96
96
96
99
99
99
99
99
99
99
75
75
75
75
75
75
75
75
135
135
135
135
115
203
203	
203	
203	
203	
203	
203	
203
195
195
195
195
195
195
195
195
195
195
195
195
195
195
195
195
195
195
263
263
263
263
263
263
263
263
263
263
263
263
263
263
263
263
137
137
137
137
137
137
137
137
137
