177 28
173 43
177 61
193 88
192 110
189 132
188 158
192 191
183 224
178 250
179 277
188 305
190 326
196 341
201 358
208 379
206 392
207 398
213 405
225 415
231 417
239 414
251 416
257 425
257 424
261 424
271 424
280 427
284 419
289 415
296 413
297 420
293 419
291 423
297 428
296 432
297 429
298 427
303 427
303 435
299 434
299 436
305 436
310 440
311 433
313 431
320 431
322 438
318 435
318 438
325 438
329 440
324 430
329 428
335 428
338 435
338 434
346 438
361 442
379 451
391 449
408 453
427 458
443 473
453 477
464 481
485 488
501 495
514 495
527 496
546 503
554 513
557 513
560 515
569 517
574 522
572 515
572 513
576 512
573 519
565 515
560 515
563 514
563 517
558 510
555 506
555 506
552 514
538 506
530 504
532 505
527 505
520 497
515 492
515 492
510 500
496 493
490 493
489 489
488 492
482 485
477 479
480 481
472 485
461 480
457 480
458 478
457 481
449 472
448 470
449 471
444 477
435 472
437 475
448 477
461 487
466 482
478 486
493 491
504 503
512 507
520 511
541 519
553 524
562 522
574 524
588 529
596 540
595 539
599 541
611 544
613 546
612 541
608 537
612 543
609 548
597 541
594 542
592 542
590 540
585 534
578 528
578 533
569 532
555 526
547 523
547 525
542 522
533 512
527 508
526 513
518 512
504 508
495 503
495 505
491 502
483 493
479 490
478 493
472 494
460 489
453 488
455 490
451 488
444 479
440 476
440 481
430 482
424 477
422 477
430 483
434 484
444 480
455 483
470 495
475 502
484 503
495 507
513 515
522 518
534 516
544 519
558 530
559 535
563 534
567 538
576 543
575 542
575 534
574 532
576 539
568 540
563 536
559 535
563 538
557 536
555 528
552 525
552 531
541 531
534 526
528 524
530 527
524 523
519 513
514 511
514 517
502 517
495 511
490 509
492 512
485 508
481 499
478 496
478 502
468 504
461 498
458 498
461 501
456 498
454 490
455 490
462 498
462 504
468 503
478 507
494 516
504 519
516 517
528 521
544 533
549 540
557 540
568 544
584 553
590 556
597 553
603 555
611 563
606 565
603 560
601 559
606 562
602 558
601 549
599 547
601 552
591 550
585 545
582 543
583 545
576 541
571 532
567 531
565 536
552 534
543 529
537 527
536 530
528 525
522 517
516 515
514 521
502 522
493 516
488 515
489 517
482 513
478 505
473 502
473 508
462 508
455 502
453 501
455 502
449 498
446 490
448 489
444 495
438 492
439 493
450 496
463 504
472 503
485 504
503 509
514 522
520 524
530 528
547 534
562 542
571 540
582 541
598 546
607 557
607 557
610 559
619 561
622 565
619 558
619 555
621 553
618 559
608 554
602 553
603 550
601 552
594 543
590 538
589 536
582 541
569 537
560 536
559 534
555 534
547 525
541 520
539 518
531 524
518 519
510 518
509 516
505 518
497 510
492 508
491 507
482 512
471 508
463 507
463 506
460 509
453 501
448 496
448 496
442 500
432 496
427 496
434 497
441 503
448 502
457 503
472 508
482 520
486 522
495 528
511 533
525 542
533 541
543 544
557 549
564 558
564 556
568 558
578 559
583 561
581 553
580 549
582 549
581 556
570 548
566 544
572 540
574 541
571 530
571 524
575 521
572 525
562 518
557 516
559 513
557 514
550 505
545 503
543 504
533 512
519 510
509 513
506 515
500 520
491 515
484 512
481 514
473 521
460 517
453 517
452 515
450 517
445 508
442 504
443 507
442 508
439 504
445 504
464 508
480 508
493 502
509 502
528 510
540 515
548 517
560 519
579 527
593 531
602 529
612 531
625 542
630 548
628 550
628 553
633 560
632 563
627 560
623 563
623 572
616 577
604 575
598 575
600 580
597 579
589 572
584 569
583 573
571 574
561 567
554 565
553 566
545 561
539 551
533 546
531 550
519 549
510 542
504 540
504 541
498 537
494 528
490 524
490 527
478 527
471 521
464 518
466 519
460 515
459 507
460 505
468 513
468 516
473 516
482 519
499 527
507 528
520 525
533 529
548 539
553 545
561 544
570 547
586 554
593 556
600 550
605 550
613 557
607 559
603 554
600 553
603 555
598 552
595 543
591 541
591 546
580 546
572 540
567 538
568 540
561 537
556 527
550 523
548 528
536 529
525 523
519 521
517 521
509 517
505 509
500 505
500 510
489 511
483 506
482 508
484 509
480 507
480 498
478 498
481 504
473 505
469 502
471 502
481 507
488 509
498 506
509 510
525 523
530 528
540 530
553 535
571 543
580 545
591 542
602 546
614 557
615 562
619 559
624 561
633 564
633 562
634 553
634 550
638 555
630 554
624 549
622 546
627 548
621 544
618 536
613 534
612 540
599 541
590 536
585 536
584 539
574 535
568 528
565 527
557 533
543 530
533 529
530 527
526 530
516 522
510 518
508 517
502 523
489 519
480 518
478 518
475 522
468 515
467 512
473 512
478 521
479 519
486 521
501 522
514 528
523 524
533 525
549 527
561 536
567 535
578 536
596 537
611 541
619 535
630 533
641 535
646 543
641 540
638 541
641 541
639 545
633 539
629 537
628 538
622 546
607 543
598 544
594 544
589 548
578 541
569 539
565 539
555 545
540 540
528 538
522 536
516 539
505 530
498 526
495 525
487 529
473 524
464 523
462 520
459 522
450 512
444 507
441 505
433 509
421 504
414 503
418 502
424 507
427 502
434 501
447 506
454 516
456 515
463 519
480 524
488 528
494 524
502 525
513 528
518 536
516 536
518 537
526 538
528 541
526 534
524 530
525 530
519 535
508 530
502 528
503 527
500 528
494 520
490 517
488 515
481 519
468 513
461 511
461 507
457 507
449 498
445 495
442 491
436 495
423 485
416 480
416 476
414 476
404 465
401 462
397 464
391 465
381 460
377 458
379 458
379 457
372 448
372 444
373 447
371 447
361 441
358 439
362 441
362 437
365 431
368 427
381 435
388 438
392 437
403 439
421 448
432 450
438 448
448 453
460 464
465 473
465 476
471 483
481 492
487 497
488 495
490 498
493 507
488 517
481 514
475 514
479 521
476 522
471 514
468 515
467 521
457 525
453 524
445 523
450 529
442 526
438 519
435 518
435 523
426 525
418 517
413 516
416 517
413 515
409 504
410 501
410 503
402 503
398 496
396 494
399 494
398 493
396 483
397 482
399 487
389 486
386 482
383 480
389 483
386 480
390 475
392 474
403 484
404 488
412 490
421 494
435 499
444 503
452 498
462 501
474 510
476 516
480 514
487 518
500 524
504 525
509 519
512 518
519 527
512 528
510 525
508 523
514 529
510 526
511 519
510 516
514 523
506 524
502 519
501 519
505 521
501 519
500 511
497 509
498 515
488 515
482 510
479 510
482 513
478 509
477 501
473 499
475 506
467 509
459 502
456 501
459 503
454 500
453 492
451 491
452 496
441 495
435 491
432 490
437 494
430 488
429 482
427 479
434 489
432 492
434 489
444 494
456 499
463 500
471 495
480 498
490 507
491 512
496 511
506 515
521 523
522 521
531 518
540 518
544 529
539 526
540 529
544 529
545 534
542 528
541 525
546 526
541 531
536 529
530 528
534 527
535 531
529 522
528 520
529 518
525 523
515 519
510 519
512 518
511 520
507 513
504 510
505 509
500 514
491 511
484 508
486 507
487 511
480 502
478 500
480 498
475 504
466 500
465 503
464 499
465 504
459 495
456 490
459 490
458 500
448 493
448 494
458 496
467 502
474 498
483 498
496 500
504 509
505 510
512 512
524 513
535 518
539 515
548 517
555 517
558 527
556 528
555 528
562 531
564 537
559 530
559 529
560 530
558 540
550 539
543 537
546 537
546 541
538 532
535 530
537 530
529 535
518 531
513 530
513 529
511 530
505 522
502 520
502 518
498 524
490 522
480 517
483 516
480 517
476 511
472 506
471 505
466 511
456 506
454 508
457 506
455 507
450 500
449 497
453 498
446 501
432 494
428 493
432 493
435 497
437 492
445 493
457 498
462 507
464 510
467 509
479 511
487 517
490 512
496 512
505 520
508 524
504 521
507 524
516 529
519 527
520 523
518 518
521 524
517 524
509 521
507 521
513 525
516 528
510 519
509 520
509 522
505 524
496 519
493 517
496 520
497 518
492 509
490 506
493 510
490 510
482 505
480 504
485 507
485 505
481 498
480 495
482 501
476 505
469 501
466 501
469 504
466 505
464 496
463 496
464 501
459 504
463 502
465 500
482 507
488 505
499 499
509 498
523 506
524 509
530 507
536 509
551 516
557 521
558 514
564 518
568 527
561 536
556 538
554 544
555 549
551 551
547 544
545 544
551 551
542 551
542 546
542 540
553 540
554 536
552 522
554 519
554 520
546 518
544 512
543 507
552 512
546 506
545 497
542 497
543 504
533 508
525 507
517 511
515 519
506 523
500 522
493 524
492 534
480 537
472 535
468 535
471 539
467 537
465 529
462 527
466 533
456 529
454 522
454 517
464 518
469 514
479 507
489 507
502 515
505 519
510 519
519 525
529 536
532 541
536 542
539 548
548 561
543 566
546 567
549 570
561 578
560 574
564 570
563 567
568 575
562 575
560 570
560 566
566 568
564 564
563 555
563 554
564 557
558 559
551 552
550 551
552 553
547 549
544 541
539 538
539 543
530 541
526 536
524 533
527 531
525 525
523 512
528 510
524 511
517 507
510 502
512 502
511 503
507 498
504 496
500 494
491 504
477 505
469 511
466 510
465 517
458 510
455 507
454 505
454 513
451 512
453 511
466 512
481 518
488 510
502 509
519 510
528 516
534 517
539 517
553 521
567 529
569 524
576 525
584 530
581 543
574 547
571 555
572 556
575 564
568 556
567 555
572 554
570 560
562 556
560 554
566 552
570 551
570 542
572 534
579 533
579 535
571 525
567 521
570 517
571 520
565 511
564 508
562 507
557 515
549 516
538 515
538 518
531 524
521 521
515 521
511 524
504 534
491 531
484 532
484 532
483 535
477 527
477 525
483 527
487 536
487 536
493 539
507 541
520 548
528 548
535 545
551 550
557 558
559 558
566 559
581 564
591 569
596 564
601 562
610 564
613 573
607 569
606 569
609 566
610 569
606 560
606 558
607 557
605 564
594 559
590 557
591 555
589 556
583 547
579 542
579 542
573 546
562 541
555 539
557 537
554 538
547 528
544 526
542 528
536 529
525 524
520 523
522 525
521 524
514 514
509 509
508 512
503 513
495 509
488 507
491 509
489 506
485 497
484 493
487 496
485 495
481 491
487 491
501 495
514 499
523 498
532 496
546 506
552 512
554 515
560 519
577 530
583 535
586 536
593 544
600 553
599 562
598 561
598 563
606 569
603 568
603 561
602 558
605 565
595 564
591 562
586 559
590 562
586 559
582 549
579 548
579 549
571 550
563 542
560 541
563 542
556 536
554 527
548 522
548 526
538 528
529 521
527 523
525 523
518 521
515 513
509 510
510 518
497 516
488 511
483 510
486 515
478 511
477 504
471 501
470 506
461 507
455 503
452 504
453 505
449 501
453 498
455 496
467 507
467 511
473 510
483 515
499 523
508 527
519 524
528 526
543 537
546 542
552 542
560 546
575 554
581 555
589 552
589 550
594 557
586 557
582 553
585 555
588 556
581 550
580 541
579 539
580 544
571 543
565 537
562 535
566 537
559 532
556 523
552 521
555 529
542 526
535 521
529 517
532 521
524 516
518 505
516 504
514 507
504 507
498 502
495 501
496 501
492 499
489 491
487 489
486 494
479 495
473 490
471 489
475 492
469 488
467 482
466 481
466 489
456 489
452 487
450 487
453 490
453 490
459 487
470 491
479 503
482 505
490 511
505 516
517 525
525 524
535 525
549 530
557 542
560 545
565 549
575 553
581 559
580 553
583 552
589 554
586 558
578 555
573 554
578 555
578 558
575 551
575 548
574 545
571 551
560 546
554 544
556 543
554 546
548 538
544 533
544 532
538 535
529 531
524 530
526 530
521 527
513 518
509 513
510 512
505 518
495 512
490 511
493 510
492 511
487 503
486 498
489 499
484 504
475 500
470 500
473 500
473 503
467 496
462 492
464 494
458 500
448 496
445 499
450 501
457 506
462 502
472 504
485 508
495 519
499 520
509 524
526 528
540 535
549 532
560 533
576 538
585 548
588 549
594 552
607 555
614 559
614 552
618 551
622 552
620 557
610 553
607 553
609 551
606 551
601 544
597 538
598 537
592 545
580 540
573 536
574 536
570 537
560 526
554 523
553 522
545 527
533 521
526 520
525 518
523 520
514 510
509 507
507 505
501 512
490 509
481 504
483 504
478 504
472 497
466 492
468 498
461 499
449 493
445 494
446 495
445 493
440 485
437 485
437 489
435 493
422 485
421 487
421 486
419 483
415 475
417 474
425 482
432 487
434 488
445 493
463 502
477 506
489 505
503 510
517 519
527 525
531 527
542 533
557 538
568 542
574 538
580 536
589 545
586 550
582 547
580 549
584 554
580 553
578 546
576 544
578 551
569 552
563 547
559 547
564 551
557 546
554 538
551 534
550 538
539 538
535 536
527 530
531 535
522 529
518 520
514 517
514 522
502 521
496 517
489 514
491 516
488 516
482 503
480 503
478 506
468 507
461 502
458 503
460 504
456 502
452 493
449 491
452 498
444 498
442 495
449 498
464 504
472 508
482 504
495 507
510 519
515 525
525 527
535 532
552 540
560 544
571 540
579 541
591 550
590 554
591 552
594 553
604 560
599 557
598 549
595 548
597 554
588 555
584 554
579 551
582 553
577 550
574 542
570 538
569 544
559 544
552 538
548 535
550 536
547 534
545 525
540 519
540 523
529 523
521 516
519 516
519 516
515 514
512 505
507 505
506 510
494 511
488 508
481 508
485 514
478 511
474 506
470 504
471 513
460 513
454 508
452 509
456 511
456 510
461 505
470 508
485 520
487 523
497 525
509 528
529 538
538 538
551 538
566 540
577 553
579 552
587 556
600 559
611 567
614 563
620 563
624 559
623 566
614 562
612 563
614 562
614 564
611 559
607 553
610 552
609 561
595 553
588 551
590 552
586 552
579 545
575 541
573 537
568 544
553 537
547 536
549 537
544 535
535 526
532 522
529 519
524 525
513 520
506 517
509 516
510 520
501 508
497 502
498 500
494 506
485 502
479 501
480 499
479 502
474 495
475 494
482 496
488 508
490 508
497 513
512 518
525 527
534 527
544 528
559 535
569 547
573 549
580 553
594 556
605 564
609 561
616 562
625 565
627 574
619 571
616 571
618 571
617 573
611 564
610 562
611 562
606 567
595 561
588 559
591 559
586 558
580 551
573 543
572 541
564 546
551 542
542 538
543 537
538 536
531 528
524 523
523 524
514 528
502 524
494 523
495 522
492 525
481 514
475 508
475 509
467 512
454 505
449 505
450 502
448 503
441 493
439 491
441 491
435 493
427 491
420 487
424 486
425 488
427 484
433 483
448 494
456 500
461 500
474 506
494 514
509 517
520 515
533 518
551 530
561 535
564 535
574 539
589 546
598 548
602 544
607 544
615 551
613 554
605 550
604 549
609 554
608 552
603 544
600 541
604 547
596 546
585 541
581 541
581 541
577 538
571 530
565 526
565 531
553 530
545 527
541 527
537 525
531 523
524 513
520 510
518 514
506 516
496 509
491 509
491 510
484 507
482 501
476 496
477 501
465 502
458 497
455 498
456 501
449 497
447 490
443 488
444 495
436 498
433 493
436 494
451 503
459 504
473 502
486 506
503 516
512 525
524 527
536 532
555 541
566 545
580 543
590 546
604 556
607 563
611 560
617 564
627 570
627 570
626 561
627 561
628 566
619 566
615 561
611 559
615 561
608 558
604 549
600 546
600 551
589 552
581 546
576 546
576 547
571 545
564 533
559 529
558 533
549 533
543 525
541 523
543 524
537 520
532 510
528 507
528 513
518 512
510 508
507 509
506 510
499 509
495 502
490 500
491 508
484 511
485 511
490 515
503 523
511 526
523 526
534 531
549 543
552 549
560 550
571 555
587 563
594 565
604 562
612 566
622 576
620 579
620 576
621 577
626 580
621 578
619 570
615 569
614 575
603 574
596 568
592 566
593 567
585 561
580 551
579 547
573 551
560 545
551 541
550 538
546 538
537 528
531 522
530 519
523 524
509 518
501 516
500 514
496 514
488 506
483 501
482 498
476 503
464 498
456 497
456 496
453 497
447 489
443 485
444 484
439 490
432 487
432 488
444 491
455 498
464 497
477 499
494 504
505 517
511 519
521 524
539 530
552 538
560 536
570 537
583 540
589 550
588 549
588 551
594 551
596 555
592 549
594 547
595 546
591 552
581 549
574 547
576 545
575 547
568 540
564 535
564 533
557 537
545 532
539 530
540 528
538 530
531 522
527 518
526 517
521 524
509 519
503 516
505 515
505 516
499 506
497 502
499 500
496 505
486 501
482 500
484 498
484 500
479 494
478 491
484 494
488 505
490 506
498 511
515 518
529 527
538 527
551 531
568 539
578 552
583 554
591 560
607 564
617 572
623 570
630 571
639 574
642 584
636 580
632 579
633 577
631 578
624 569
620 565
619 564
612 568
600 564
592 562
591 559
587 561
578 553
571 548
568 551
559 550
544 543
536 540
537 543
529 536
519 525
513 520
510 523
501 521
488 515
482 513
485 517
482 514
473 502
467 497
467 501
462 502
451 497
446 496
449 499
449 497
447 490
451 490
462 500
471 507
475 506
486 510
503 519
520 524
529 522
543 526
559 536
566 545
575 547
582 548
599 557
604 558
612 555
615 554
622 563
615 564
611 560
607 558
611 560
607 559
605 550
602 548
603 554
593 555
586 549
580 548
582 550
575 547
571 539
565 536
564 541
552 541
546 538
537 532
537 534
529 529
525 522
519 517
519 523
505 521
498 516
495 516
492 514
486 511
483 504
478 499
477 504
467 506
460 500
456 499
461 502
463 502
469 497
478 500
492 512
498 518
508 521
522 528
537 534
548 537
563 536
573 538
590 549
596 555
602 553
613 556
626 560
633 563
633 553
634 553
637 559
627 560
620 557
614 559
616 563
608 561
602 554
596 552
594 557
581 559
571 553
563 550
562 550
553 545
551 539
541 532
540 538
525 534
515 527
509 525
509 526
502 521
497 512
492 509
490 514
478 513
470 507
467 508
466 507
461 505
454 494
450 491
448 496
439 496
432 489
435 491
442 494
448 496
460 494
470 497
485 508
492 515
501 516
516 523
534 531
545 535
557 532
574 537
584 549
586 550
593 553
602 554
610 560
609 554
612 552
615 553
610 557
600 552
597 553
595 551
594 553
591 548
584 540
584 539
578 546
564 539
555 536
557 537
551 536
544 529
537 522
535 518
529 526
513 519
505 519
502 515
498 515
489 507
486 503
484 500
481 508
467 501
464 501
461 496
459 498
453 489
450 484
450 483
446 489
439 486
439 488
450 491
461 499
468 497
481 502
496 509
506 522
510 524
519 530
536 537
548 544
557 543
566 543
580 547
589 560
585 556
590 560
595 559
597 561
595 555
592 551
595 551
591 555
580 550
575 549
576 548
573 548
568 541
561 535
561 533
556 540
542 533
538 532
534 527
530 528
523 518
520 515
517 511
512 519
498 512
492 510
492 508
491 510
483 501
479 498
477 498
470 504
461 502
453 499
455 500
452 501
446 494
445 492
445 490
449 500
446 497
453 500
467 504
481 512
488 508
502 512
516 517
529 530
534 532
538 532
553 536
564 545
568 539
576 541
585 549
588 553
581 548
581 548
584 550
585 550
577 539
573 534
576 540
569 540
558 533
550 531
551 533
548 531
540 522
534 519
531 523
522 524
509 518
500 516
499 518
497 517
486 507
480 503
478 507
471 508
458 504
448 501
449 504
445 500
437 492
432 490
432 494
422 494
413 487
407 485
410 488
409 488
414 482
421 483
435 495
438 499
446 501
454 504
469 511
478 515
488 512
498 514
512 525
512 529
517 530
522 532
533 537
534 536
535 531
536 531
536 534
529 537
525 532
521 530
526 533
522 532
521 524
518 521
520 527
510 528
503 523
499 521
500 523
494 518
490 509
486 506
486 512
475 511
468 505
462 503
465 506
458 503
454 494
451 492
451 498
439 498
433 493
428 492
429 492
424 490
423 481
426 483
434 490
434 494
442 495
452 500
469 509
475 510
489 509
496 510
511 522
515 527
521 526
530 530
546 537
552 539
559 535
564 535
571 543
566 545
563 543
562 543
565 545
563 543
561 535
561 534
561 539
549 538
544 534
540 532
543 534
536 532
532 523
528 521
527 527
515 526
505 519
501 517
502 518
496 514
491 506
488 505
487 512
478 511
469 505
464 503
467 506
462 502
458 494
456 494
455 498
443 497
438 493
435 492
441 495
442 495
450 494
461 495
468 505
473 507
479 510
495 514
508 523
518 521
529 523
545 527
555 539
559 541
566 545
577 547
588 556
590 551
594 549
600 550
598 555
590 553
585 552
588 551
588 554
582 545
578 541
580 541
573 546
561 541
554 539
552 535
549 537
540 528
536 523
535 521
529 525
518 522
511 521
510 516
505 514
499 504
498 501
495 495
489 498
479 492
474 490
475 488
473 491
466 482
462 477
462 477
457 483
445 480
439 480
439 479
437 483
430 477
426 474
425 474
421 481
410 478
403 479
404 480
402 482
397 476
394 474
394 474
390 480
381 477
376 477
379 476
380 480
379 476
384 475
398 480
408 491
414 494
424 500
442 505
457 514
468 512
480 515
496 521
506 532
510 533
519 537
534 541
543 547
548 543
552 541
560 543
560 551
555 549
553 549
559 548
562 550
559 544
558 541
560 541
556 546
547 542
543 541
546 540
545 541
539 532
536 529
536 528
530 533
519 528
512 527
515 525
512 526
505 518
501 513
501 517
495 517
485 513
479 512
480 514
478 511
472 502
469 499
469 504
465 507
452 499
448 498
451 501
452 500
453 495
459 495
472 504
480 511
482 512
495 520
509 525
522 527
531 525
542 528
557 539
566 545
569 545
577 549
591 557
599 558
602 553
606 551
612 558
605 561
600 557
596 557
601 558
597 557
595 549
592 547
592 551
582 551
575 546
570 545
571 546
564 543
559 533
554 530
552 534
541 534
532 528
525 525
526 527
519 524
514 515
508 511
508 516
497 516
489 511
483 510
485 512
478 508
475 499
471 496
470 502
460 502
454 496
450 495
452 498
447 495
444 487
441 484
445 491
442 494
446 494
454 498
471 505
480 508
493 507
505 511
522 523
527 529
537 530
549 536
567 545
576 548
587 545
596 547
609 558
608 563
610 560
611 561
619 566
614 563
612 556
610 553
611 559
601 559
595 555
591 554
593 557
585 551
581 542
575 539
574 545
562 544
552 537
547 534
547 535
538 531
532 522
526 518
523 522
511 522
502 516
497 514
497 515
490 510
485 502
480 500
478 505
467 504
459 498
458 500
457 500
450 496
446 488
442 485
440 490
431 491
424 487
421 486
424 488
419 485
417 478
414 476
415 483
404 481
400 477
400 478
407 482
409 480
419 477
434 481
447 494
454 497
465 503
484 508
501 518
513 518
527 522
545 527
556 538
562 541
570 546
585 551
595 557
598 553
603 551
609 552
609 560
601 556
598 556
601 555
603 559
598 552
596 548
597 546
593 552
583 548
576 548
577 546
574 546
568 539
563 534
562 533
555 538
544 532
536 529
535 528
532 530
524 522
518 516
518 515
512 520
502 517
494 514
494 512
492 513
486 506
482 501
482 500
477 505
466 500
461 500
462 499
461 502
459 495
463 493
473 497
483 509
487 511
497 516
515 521
531 530
542 529
555 532
572 537
583 549
588 551
596 556
611 560
621 566
627 563
631 562
639 565
637 572
629 568
625 567
628 566
627 569
621 561
618 557
618 556
612 562
599 557
592 555
592 553
588 553
581 545
575 541
573 539
566 544
552 538
545 535
544 533
540 534
531 524
526 519
524 518
517 524
505 519
498 516
499 514
496 515
490 508
485 504
485 503
480 508
469 504
464 503
465 502
463 503
457 494
456 492
461 498
464 503
465 503
475 508
493 517
507 522
518 521
534 525
551 536
563 544
570 547
582 553
601 561
615 565
623 562
635 567
646 576
650 580
647 577
646 577
652 581
651 580
645 571
642 566
643 571
637 572
626 567
619 564
619 565
616 562
607 553
601 550
598 553
585 552
575 546
567 543
566 545
557 541
550 530
544 527
541 530
529 530
519 524
511 521
511 523
504 519
499 511
493 507
491 511
480 511
472 505
466 504
468 506
461 502
457 493
454 491
454 496
444 496
437 491
432 489
435 492
430 490
427 482
424 479
426 484
417 485
412 481
411 481
420 487
426 488
438 486
451 491
469 504
478 512
490 514
506 521
528 532
542 537
558 536
574 541
592 553
599 561
608 562
617 566
632 573
636 573
639 568
640 567
643 573
634 573
629 568
626 569
628 571
624 568
618 557
615 557
615 563
601 561
591 554
584 550
585 552
577 550
571 539
563 536
561 540
549 540
541 535
533 533
531 533
523 527
518 519
516 519
515 526
498 521
490 514
484 511
486 514
480 510
476 502
472 499
472 506
461 505
453 500
449 498
452 499
448 497
451 491
457 494
469 505
473 509
483 511
497 517
517 528
531 532
545 529
559 534
577 548
584 556
592 556
605 561
619 567
626 569
635 569
642 569
643 576
635 572
630 571
631 570
631 572
625 564
623 559
623 558
617 563
605 558
597 556
595 553
593 557
585 548
579 541
576 538
567 541
555 538
545 535
544 533
538 533
531 526
528 523
522 519
515 523
505 519
495 515
496 516
492 517
484 508
480 504
479 501
474 507
464 502
457 502
458 499
458 501
452 494
449 491
450 490
446 495
438 492
431 490
433 489
435 493
436 488
445 488
461 495
470 505
477 507
489 514
510 519
528 529
542 530
559 535
579 541
592 553
600 555
613 563
629 568
641 574
646 570
653 569
661 573
661 581
652 577
649 577
650 575
649 577
643 571
638 564
640 563
631 567
617 562
610 560
607 557
603 557
591 546
586 543
582 541
573 545
558 539
549 537
547 534
540 533
532 524
524 519
522 518
512 522
500 518
490 514
489 512
486 511
478 503
473 500
473 499
465 502
456 499
448 497
447 495
446 498
439 488
435 483
436 484
430 488
419 483
415 482
417 481
417 483
412 476
412 474
413 477
411 481
401 475
401 477
413 484
425 487
437 485
453 490
475 506
486 512
495 515
512 523
535 534
551 538
565 537
580 541
599 552
609 560
615 563
621 565
634 572
640 572
639 566
640 565
643 570
639 571
629 566
626 565
629 569
626 566
620 557
616 553
616 558
605 559
597 554
590 552
590 552
583 549
578 541
572 537
570 540
558 540
550 535
543 534
543 535
535 531
530 521
525 518
525 523
513 523
505 517
500 514
501 516
496 515
493 506
489 502
489 506
479 506
473 503
468 501
472 504
471 502
475 497
483 500
497 511
502 517
511 518
523 524
543 534
554 538
567 536
579 539
595 551
600 558
607 559
615 562
628 568
632 568
637 563
638 563
641 570
632 570
627 565
624 565
627 568
621 565
618 555
615 553
614 558
603 559
594 553
589 551
588 552
580 549
574 540
567 537
564 540
552 540
543 534
538 535
537 535
530 530
526 521
520 519
519 524
506 523
497 516
492 514
493 516
485 513
482 504
477 501
476 506
466 506
458 502
454 500
456 502
451 498
452 491
455 493
465 503
468 507
477 508
489 513
510 524
522 527
536 526
552 530
570 543
576 551
586 552
598 556
615 563
623 565
632 563
639 564
645 572
640 574
636 570
633 569
635 572
627 566
622 557
622 555
616 561
603 556
594 554
592 551
588 553
579 545
573 540
570 536
562 540
547 534
537 532
534 529
529 530
520 520
514 515
511 512
503 517
490 511
480 507
478 505
473 507
465 499
459 493
457 490
450 494
438 490
430 490
429 487
425 486
418 478
414 475
414 473
408 479
398 474
392 474
391 471
389 474
384 467
384 463
392 465
400 477
409 482
418 485
437 490
456 500
471 501
488 507
508 512
522 525
530 527
541 533
558 539
571 546
578 543
586 543
596 546
597 555
590 551
587 551
590 550
590 553
585 546
582 543
583 541
578 546
568 543
561 542
561 540
558 540
550 532
545 527
544 527
537 532
523 525
515 523
516 521
511 522
503 514
497 508
496 506
490 512
477 507
470 505
470 503
467 503
460 495
456 492
456 491
450 496
438 490
432 488
434 488
434 491
432 484
438 483
451 488
461 501
468 504
479 509
504 518
517 524
528 524
544 529
560 534
572 546
578 548
588 554
604 559
614 565
619 560
625 560
632 567
631 571
622 565
619 565
622 569
619 566
611 557
606 552
605 555
601 558
585 550
578 548
577 550
573 545
564 536
558 532
555 536
546 535
533 529
524 526
522 528
517 525
507 515
501 509
500 513
492 514
481 511
474 509
471 508
469 506
460 496
457 495
455 498
444 499
436 492
432 491
433 494
428 492
424 481
420 477
421 483
412 484
408 481
402 478
406 482
401 478
400 473
397 471
398 475
394 477
397 475
407 482
425 490
439 495
457 495
471 499
493 513
501 521
514 523
529 530
550 540
563 545
576 543
588 546
602 556
606 562
609 561
613 564
622 568
624 569
619 558
618 558
619 562
608 561
601 556
597 556
599 558
593 556
586 545
581 542
582 549
566 546
560 543
550 537
550 538
541 534
534 525
528 521
526 526
514 526
503 518
496 516
499 521
488 512
482 502
476 499
474 504
462 504
454 498
448 495
450 498
443 495
439 486
435 485
433 489
422 489
417 486
414 486
413 485
407 480
406 474
401 470
402 477
393 478
385 471
384 471
388 474
388 474
397 472
406 472
423 485
433 494
445 496
462 503
484 514
496 517
513 518
527 523
543 535
549 540
559 543
567 546
584 556
585 553
590 547
592 548
594 554
590 557
584 551
583 550
589 554
585 551
583 545
584 542
579 546
570 542
565 543
564 541
564 544
555 535
551 530
551 528
545 535
532 529
524 527
522 524
520 526
512 518
507 513
507 511
501 515
488 511
481 510
481 508
479 509
473 501
470 498
471 498
465 503
454 497
449 497
449 495
451 500
446 491
449 489
462 493
472 505
477 507
488 512
507 518
525 526
538 527
552 530
572 537
583 549
588 550
597 555
613 560
627 569
631 565
637 564
645 566
645 574
637 571
630 568
634 567
632 569
628 563
624 557
625 558
617 561
606 557
598 555
597 553
595 556
585 544
579 540
578 540
569 543
555 537
548 536
545 532
542 535
531 525
526 520
523 517
516 522
502 517
494 514
494 513
490 513
483 505
478 501
478 500
472 507
460 502
453 499
455 498
453 499
447 490
444 486
444 486
438 491
427 487
423 486
426 484
429 487
432 484
439 485
453 490
466 503
474 506
487 513
508 519
526 529
539 529
554 532
575 541
588 553
592 554
602 559
617 562
629 570
634 567
638 565
645 573
644 575
635 571
630 569
634 573
631 569
624 561
622 559
619 561
611 560
599 554
592 552
592 554
587 551
577 541
571 536
568 539
559 539
545 533
540 533
538 534
530 529
520 519
512 515
510 518
503 519
489 512
479 507
481 511
475 506
468 497
463 493
462 497
450 498
442 494
435 492
435 491
428 489
424 480
422 478
421 483
410 482
405 478
400 477
403 480
400 479
399 470
401 467
417 480
423 487
433 488
448 495
471 506
486 512
503 512
518 516
537 528
545 537
555 539
566 544
583 552
590 554
598 550
604 552
611 560
606 562
603 557
600 557
606 560
601 558
600 552
597 547
597 552
589 554
582 549
577 548
580 551
573 547
567 536
563 534
562 539
550 538
542 533
538 533
537 533
527 528
523 520
517 516
515 521
502 520
495 515
491 514
489 512
482 509
478 501
473 498
473 504
463 504
455 499
450 498
453 500
449 498
452 491
459 495
472 507
477 513
489 515
503 520
524 529
537 534
552 532
566 537
585 550
590 555
599 557
610 562
627 569
631 570
639 566
643 567
648 575
641 576
635 570
633 571
636 572
632 571
627 561
622 558
621 563
609 563
600 557
595 555
595 556
587 551
581 542
573 539
571 544
557 542
548 537
542 535
541 535
532 529
527 522
524 518
516 522
504 518
494 515
493 512
491 514
483 506
479 501
479 500
472 504
460 499
452 498
453 495
451 498
444 490
441 486
443 485
437 489
426 485
421 485
422 484
421 486
418 480
420 477
429 479
438 490
445 494
458 502
478 508
499 519
513 519
529 522
554 531
567 543
573 544
585 550
604 555
619 565
626 563
637 563
648 567
651 576
646 574
643 574
648 573
647 575
642 568
638 564
639 564
632 568
617 560
610 560
608 558
603 559
593 550
590 546
585 542
576 546
563 542
552 538
550 535
547 537
536 527
527 519
526 517
517 521
505 516
496 514
494 511
490 512
481 502
477 499
474 497
467 501
456 497
449 494
449 493
448 496
441 489
437 484
438 483
433 489
423 486
418 485
420 483
419 484
415 478
413 475
420 478
421 485
424 487
434 492
451 495
471 507
484 507
499 511
519 518
533 530
541 534
555 541
573 545
588 553
594 549
604 553
615 556
619 563
614 562
612 561
618 562
619 566
614 557
612 554
617 560
613 563
603 559
594 553
596 557
594 553
585 544
581 541
581 545
574 546
560 541
553 539
554 542
550 537
542 528
537 524
536 529
528 529
517 524
511 522
510 524
510 524
499 511
498 508
495 511
488 512
476 505
470 502
473 504
470 500
462 492
460 490
463 497
458 499
457 495
465 500
482 510
492 515
505 512
521 519
537 531
547 540
556 540
569 547
587 556
598 561
610 559
619 560
632 569
632 573
636 574
635 574
642 578
639 574
636 565
632 563
634 571
621 570
615 565
610 564
611 565
600 560
598 553
592 549
587 549
576 551
565 544
556 542
555 544
546 538
542 531
534 527
529 529
516 526
506 519
498 518
500 520
492 518
484 506
480 503
479 508
466 507
458 500
454 500
457 502
450 499
443 488
440 486
441 493
432 492
429 488
429 487
441 493
450 496
464 495
479 500
498 514
507 523
518 524
534 530
554 538
564 542
576 539
587 541
602 552
604 557
608 556
613 558
621 562
618 559
621 555
617 550
619 558
610 558
604 552
602 550
605 554
597 550
594 542
590 539
590 544
580 546
571 540
566 538
567 539
559 536
555 527
549 526
546 531
535 530
526 524
520 522
522 527
512 520
509 513
504 510
501 516
488 514
482 512
477 508
477 508
472 507
468 499
471 497
472 506
473 504
480 510
497 516
510 522
523 523
538 526
559 533
574 547
578 546
591 554
609 559
622 565
629 564
637 562
649 564
654 574
649 572
649 575
648 572
647 574
641 566
637 561
636 559
629 565
618 562
607 558
604 555
599 556
589 546
582 540
580 537
571 541
556 536
545 533
542 529
536 527
525 518
518 513
516 511
507 515
493 508
483 506
481 504
476 505
467 496
462 490
459 487
451 493
438 488
430 486
430 483
427 485
419 478
414 473
414 472
413 479
411 479
417 483
433 488
450 497
462 496
478 500
497 508
511 522
518 524
530 529
549 535
564 544
572 543
582 543
595 547
600 556
597 556
596 557
601 556
601 558
596 550
593 547
594 547
589 552
579 547
574 547
575 545
573 548
567 540
564 536
564 535
558 541
546 536
540 535
540 533
538 534
530 526
524 522
525 522
519 527
507 522
500 521
501 519
499 519
493 511
488 508
488 507
481 512
469 507
463 506
465 504
466 508
467 503
476 504
492 514
504 522
510 525
523 531
543 541
560 546
571 543
585 547
601 557
610 564
613 565
621 567
634 575
641 577
641 571
643 569
648 575
644 577
633 573
628 571
631 572
631 568
625 557
622 551
623 553
620 552
610 544
605 540
606 541
603 536
596 526
590 522
586 527
571 529
560 526
549 526
547 531
536 531
527 525
518 522
513 528
500 529
489 525
479 525
477 527
469 524
463 515
457 512
455 516
443 516
436 511
433 510
440 514
444 515
454 511
466 514
484 525
493 532
503 534
517 540
538 549
551 551
565 550
577 553
593 564
597 569
603 567
609 569
620 574
621 574
622 566
621 564
621 568
609 567
600 561
593 559
594 560
587 556
582 546
576 543
575 548
562 547
553 541
545 539
544 539
535 535
528 525
521 521
516 525
502 524
492 517
482 512
481 513
472 508
467 499
460 495
459 498
447 496
440 489
434 484
435 483
426 477
422 466
416 463
418 468
415 472
419 470
431 473
451 482
463 485
480 485
496 490
515 502
523 510
532 513
544 518
561 527
570 530
579 528
584 531
593 541
588 543
585 540
583 540
585 543
579 540
576 532
573 530
571 537
559 537
550 533
546 532
548 535
541 532
535 525
529 524
527 529
516 528
507 523
500 522
500 525
492 520
486 513
485 511
477 516
464 512
456 509
455 508
453 510
446 502
442 497
442 495
437 499
426 494
420 494
424 493
431 498
437 494
449 495
465 500
477 512
483 513
495 519
513 524
528 533
537 532
550 533
566 537
575 548
577 548
582 551
592 553
599 558
599 552
601 551
602 549
595 554
584 548
579 549
576 545
572 547
564 539
559 535
558 533
551 539
539 534
530 532
529 530
525 530
517 522
510 517
509 515
501 519
489 512
480 510
479 507
475 508
468 499
464 493
463 492
455 497
443 492
437 490
436 488
434 489
426 482
422 478
421 476
415 481
403 477
399 479
403 478
410 483
417 479
429 482
446 487
458 501
464 503
476 508
493 514
508 522
518 521
530 523
546 528
554 539
556 539
561 542
575 547
578 548
576 542
574 539
575 540
571 545
559 540
553 538
553 536
551 538
544 529
540 525
540 525
533 530
521 525
514 523
514 520
510 522
501 512
495 508
493 507
486 510
473 504
465 502
465 500
462 500
454 491
448 487
446 492
439 493
427 488
421 486
421 489
418 487
410 479
405 475
408 481
407 484
406 484
414 488
431 496
447 501
459 500
472 504
489 516
500 523
505 524
515 528
531 536
541 538
547 535
555 534
564 543
565 546
559 543
557 542
561 544
560 542
555 534
552 531
554 536
545 537
539 532
534 531
536 533
530 530
527 521
524 518
523 522
511 523
504 517
498 516
499 517
492 514
487 505
482 501
481 506
470 506
462 500
455 499
457 502
451 499
448 491
443 488
443 493
432 493
427 488
425 488
433 493
438 494
449 492
461 494
478 506
486 513
496 516
509 522
528 530
539 534
553 531
564 535
579 546
582 552
589 551
595 554
607 561
607 560
609 554
607 551
609 557
599 558
592 553
587 552
589 554
582 550
578 541
573 538
572 543
562 544
552 537
545 535
545 537
537 532
531 523
525 520
522 524
510 524
499 517
493 515
494 516
486 512
480 503
475 500
476 506
462 504
452 498
447 496
448 498
441 494
437 486
432 484
430 489
420 489
414 486
408 483
409 485
403 482
399 474
396 472
395 477
385 477
381 473
384 474
397 481
407 483
421 482
435 488
453 501
462 508
475 511
490 517
510 527
523 531
537 530
550 534
565 546
568 551
573 550
580 552
591 558
590 556
590 550
592 549
588 554
578 550
572 549
572 547
570 550
564 543
560 538
561 535
556 540
544 534
536 532
536 529
533 530
524 521
519 516
517 513
510 517
498 512
488 510
487 507
484 509
476 500
471 495
469 493
462 498
450 493
442 491
441 489
438 492
431 483
427 480
428 478
423 483
413 479
413 481
424 483
437 490
448 489
463 491
482 496
496 507
505 508
517 513
534 518
548 526
557 524
568 525
581 530
586 540
582 540
581 543
586 544
586 548
580 542
576 539
577 540
572 545
562 543
555 543
556 543
554 545
547 538
543 535
542 534
535 540
523 536
515 534
513 532
510 534
500 526
495 521
494 519
487 524
474 519
466 517
465 515
463 515
456 507
452 502
450 501
444 506
433 501
427 499
429 498
431 500
432 495
441 496
459 504
468 514
474 516
487 522
506 528
521 537
533 536
548 539
567 544
578 553
582 551
591 553
608 557
613 559
615 553
617 550
621 549
619 555
609 549
607 546
613 542
615 540
611 528
610 521
613 522
609 520
599 514
593 510
594 512
591 509
583 501
576 498
572 503
563 505
548 501
539 502
536 508
527 507
512 502
502 503
497 512
485 518
468 517
458 517
456 521
451 520
443 512
437 509
436 513
430 513
424 508
429 507
446 510
462 509
476 503
495 502
517 509
527 515
541 516
556 521
578 529
592 535
605 534
616 538
630 549
633 557
636 559
638 563
644 569
641 570
639 565
635 564
632 571
619 574
610 571
603 571
602 575
594 574
586 566
579 564
576 568
564 570
552 565
542 564
539 565
531 561
525 553
517 549
512 553
499 553
489 546
481 545
480 546
471 542
466 532
461 528
460 531
448 531
440 525
434 522
436 523
431 519
428 510
423 506
423 510
413 509
408 504
405 502
412 505
416 505
427 501
440 504
458 515
467 523
479 525
496 532
518 542
531 545
547 543
561 547
578 558
586 565
592 565
601 568
614 574
617 574
621 568
621 567
622 572
612 571
605 564
600 562
602 564
595 560
590 551
585 547
584 552
572 551
563 544
556 542
556 543
548 538
541 528
534 525
530 529
516 528
505 522
498 519
497 519
489 512
484 502
478 497
476 500
464 497
457 490
452 486
452 486
446 480
441 471
437 468
435 472
425 472
422 467
426 468
439 476
448 477
461 476
480 482
494 495
502 499
514 506
533 512
550 522
560 522
573 524
588 530
597 540
597 541
599 545
607 546
609 551
606 544
603 540
604 539
600 546
589 542
582 540
582 539
581 541
573 534
569 529
569 527
564 531
553 526
545 523
545 521
542 522
535 513
529 510
524 508
517 516
503 511
494 510
492 508
488 510
480 502
475 497
475 495
469 499
457 495
449 493
449 492
448 494
444 488
446 487
456 490
465 501
472 504
483 511
501 517
519 527
532 527
549 530
567 538
579 550
584 552
594 556
609 561
621 568
624 565
629 565
637 567
635 574
626 570
619 569
618 567
616 569
608 561
603 557
601 556
594 561
581 555
573 553
572 551
567 552
558 543
551 538
549 536
541 540
527 534
516 531
515 529
511 529
502 520
496 515
493 513
486 518
473 512
467 510
466 508
462 509
456 501
452 496
452 495
447 501
436 495
430 493
432 491
432 493
426 485
422 481
423 482
421 488
417 487
422 490
437 494
452 502
466 501
482 506
503 518
518 527
527 531
542 537
564 548
580 552
590 550
603 553
619 563
627 569
627 568
631 571
638 575
638 574
633 566
628 562
627 566
620 566
607 560
601 557
602 559
596 556
587 547
581 542
578 545
569 546
555 540
546 537
544 538
538 532
529 523
521 517
519 520
507 519
498 512
491 508
491 510
484 508
478 498
473 493
471 497
459 497
451 492
444 492
444 493
437 491
432 483
427 480
429 488
422 489
425 488
433 492
451 501
464 505
480 504
495 508
515 521
524 529
535 531
548 536
568 545
579 548
590 546
599 548
611 557
610 561
609 558
607 558
611 561
606 557
603 549
600 547
600 552
589 552
581 546
576 544
577 546
569 543
564 534
559 530
557 534
545 534
535 528
528 526
527 526
519 522
515 512
508 509
507 515
493 514
485 507
479 505
479 506
473 502
470 493
467 490
465 493
454 493
447 488
443 486
449 492
442 488
437 479
431 478
430 484
419 486
412 483
407 483
409 485
406 485
402 475
401 475
402 480
398 483
404 484
418 490
436 498
451 504
468 503
487 510
509 524
521 531
536 536
551 540
574 549
588 552
603 550
614 555
628 566
630 570
634 569
638 572
642 575
635 571
630 562
628 561
625 566
612 565
603 560
598 558
598 560
589 556
583 548
581 546
573 551
559 546
548 543
545 542
539 541
528 530
521 524
519 521
511 525
498 519
490 517
488 512
485 514
477 503
472 498
471 493
467 496
457 490
449 487
449 485
447 487
441 480
436 477
434 478
427 485
416 482
411 485
418 487
431 499
438 496
452 498
469 502
485 516
495 521
508 528
529 534
549 544
558 542
571 544
587 549
596 559
598 560
603 562
611 564
614 568
613 563
612 559
611 557
606 562
594 559
588 558
587 555
584 555
578 549
572 543
572 542
568 548
554 540
547 539
545 536
543 538
534 529
530 525
528 522
522 528
508 521
501 520
503 519
497 518
489 510
485 506
483 503
477 508
469 507
460 503
461 502
459 503
451 494
448 490
449 492
446 497
445 498
448 499
465 503
483 516
493 513
511 519
530 524
544 538
553 541
567 548
586 553
601 560
612 559
625 563
638 566
645 576
645 576
646 576
653 577
651 578
646 570
644 567
641 564
634 569
623 563
613 560
613 556
609 556
602 548
595 543
593 543
586 541
573 534
567 532
564 530
560 525
551 513
545 509
541 512
531 513
517 507
508 506
507 509
501 508
490 500
482 498
482 506
471 508
457 505
448 505
447 508
446 508
440 498
444 500
450 506
459 513
467 516
478 520
502 531
516 535
528 533
543 537
565 550
569 555
580 559
587 561
603 567
612 571
617 564
623 567
625 569
618 570
614 566
609 564
612 567
606 564
602 555
598 551
598 556
588 558
578 550
573 549
573 549
566 547
562 539
553 533
550 535
539 535
528 528
521 528
519 529
512 526
506 515
502 512
499 516
490 517
480 509
476 505
480 506
473 501
470 492
467 487
468 491
462 492
459 488
465 490
480 499
492 505
507 506
521 514
540 529
551 541
561 542
573 548
594 560
605 563
618 563
630 567
645 578
647 584
646 580
649 580
656 584
653 582
650 574
646 573
645 577
632 575
624 571
616 567
615 568
607 562
601 552
595 549
592 553
578 552
567 545
560 541
560 540
551 535
545 524
539 519
538 521
525 519
516 513
508 509
507 510
496 506
490 500
481 498
477 504
465 506
454 500
448 498
452 504
452 503
460 500
471 506
487 517
495 525
507 527
522 533
543 542
556 545
572 544
586 549
603 561
608 566
616 566
625 570
638 576
640 575
643 569
648 569
643 573
632 569
624 568
622 565
620 566
610 557
604 552
601 548
595 552
583 549
575 546
570 543
567 545
555 534
548 527
545 523
539 530
522 522
516 522
511 515
508 516
502 507
496 499
499 496
495 496
484 488
477 484
480 483
475 480
473 476
465 469
463 468
456 474
446 472
439 473
437 474
430 478
422 476
416 475
415 478
412 487
411 489
415 495
430 501
449 512
463 513
482 518
502 525
519 540
530 542
544 549
567 556
583 565
596 566
609 566
626 571
635 583
632 579
635 582
638 580
640 582
634 574
631 571
630 569
625 575
613 568
605 567
606 567
599 563
592 556
584 549
582 547
572 550
558 545
547 541
546 539
540 538
530 530
524 526
519 521
510 524
496 518
484 515
482 513
477 514
467 503
462 500
458 497
451 503
440 497
432 493
431 490
429 493
420 483
417 480
418 480
411 484
400 481
393 478
396 478
394 479
389 472
384 467
386 469
380 472
372 469
371 470
375 469
385 476
397 475
413 477
434 490
456 504
465 504
485 514
508 522
529 527
545 525
562 529
584 539
598 546
604 546
613 549
626 555
633 555
635 548
638 547
638 550
632 551
623 547
619 545
622 549
617 547
610 541
603 538
602 543
595 546
579 542
571 543
567 544
562 543
552 535
543 532
538 537
524 537
514 533
505 532
501 532
492 529
486 520
481 516
479 520
467 520
457 514
451 512
451 513
447 510
443 501
438 499
436 502
426 501
421 496
420 496
429 500
435 501
449 499
464 504
483 516
493 524
506 528
521 534
544 545
557 550
573 550
583 551
599 562
604 568
610 568
615 570
625 576
625 574
625 567
622 565
622 569
611 569
604 564
598 561
600 563
592 559
588 550
583 546
581 550
569 549
559 543
551 541
550 541
543 536
537 527
530 523
527 527
513 525
503 519
496 517
494 518
486 514
480 505
475 501
474 507
461 506
452 500
447 499
449 500
443 496
439 488
434 485
433 489
424 490
417 485
413 483
416 487
417 486
426 482
437 486
455 498
464 505
478 508
496 515
519 525
535 530
552 530
569 536
589 549
597 556
607 558
619 562
634 570
640 570
647 566
649 566
653 572
643 572
638 568
633 566
634 568
626 563
622 555
616 552
613 557
600 555
589 549
582 547
580 547
572 543
564 534
559 530
550 534
536 528
525 526
520 523
513 524
503 516
497 510
494 507
485 512
470 506
460 504
458 500
456 503
446 494
439 489
436 487
430 491
418 486
411 485
409 483
407 484
401 477
398 472
398 472
392 476
382 472
376 471
378 470
377 472
372 465
373 462
383 465
393 476
402 479
415 486
437 493
459 504
476 505
496 510
517 518
534 532
545 535
557 541
576 547
590 555
598 553
607 553
618 556
620 563
614 560
609 560
611 558
611 560
606 553
603 549
603 548
598 553
587 549
579 547
579 546
575 547
568 538
563 534
562 533
553 537
540 531
531 529
528 526
524 527
515 518
508 514
505 512
498 517
485 511
476 508
475 506
471 506
464 498
460 494
458 493
451 497
440 492
434 490
434 488
432 490
425 482
424 479
431 481
437 490
442 492
453 498
474 504
492 513
507 514
524 519
544 527
559 540
567 542
578 548
596 554
609 561
617 558
625 559
636 563
638 571
631 569
627 567
629 567
628 568
622 560
617 556
617 560
611 560
600 557
591 553
590 554
586 551
579 543
573 538
570 541
561 541
548 536
539 533
538 533
533 530
524 522
517 517
515 520
507 519
494 514
486 511
485 512
481 509
474 501
468 497
467 501
460 501
448 496
443 494
444 497
441 494
435 486
431 482
431 487
422 488
415 484
410 483
416 486
418 486
427 483
440 486
458 498
470 507
485 510
501 516
525 527
541 532
559 532
576 536
597 548
605 556
615 558
626 561
643 569
650 571
655 567
658 567
661 574
652 575
645 571
639 571
639 572
632 569
627 560
623 557
620 562
607 562
597 556
588 554
587 553
578 549
571 539
564 534
562 536
549 534
538 528
529 523
528 524
519 520
513 510
505 507
501 511
488 510
478 504
470 502
469 504
459 500
454 491
448 488
446 494
433 494
424 489
417 488
419 490
413 487
409 479
404 477
403 481
393 482
387 477
383 476
385 478
382 475
385 470
393 472
409 484
418 492
433 496
451 503
476 514
494 520
512 521
530 527
551 540
560 548
572 551
584 556
601 563
609 564
617 560
622 561
627 568
621 570
616 565
615 564
620 567
615 564
613 557
611 555
613 560
603 560
596 556
591 554
593 556
586 551
583 543
576 540
573 545
560 544
551 538
545 536
545 538
536 533
531 524
530 521
524 526
512 522
503 521
502 518
499 519
493 512
488 507
486 505
480 509
469 505
460 503
460 501
461 505
464 500
474 501
490 506
502 518
511 522
522 527
540 532
558 542
571 542
585 544
602 549
613 560
618 562
625 566
636 568
644 575
645 570
646 566
648 566
645 572
634 567
628 566
628 565
624 566
616 559
610 553
609 551
603 556
590 551
579 548
577 546
572 547
564 538
558 532
554 530
546 533
532 528
523 526
520 523
515 524
505 515
500 509
498 508
491 513
479 507
470 506
470 503
468 504
461 496
456 492
455 491
450 495
440 491
436 491
442 492
452 498
461 496
476 499
497 509
508 520
517 523
529 528
550 534
568 543
580 543
594 546
612 551
623 562
626 563
632 567
643 569
648 574
648 569
648 567
648 566
640 571
625 562
617 560
616 559
611 560
602 551
597 548
596 547
588 552
572 545
564 544
559 539
555 539
548 531
538 524
535 525
524 527
508 520
499 518
497 516
490 515
480 506
472 500
470 503
462 503
448 498
441 498
438 496
434 492
426 484
420 479
419 483
413 483
403 479
402 480
413 486
425 489
438 488
457 495
478 509
491 515
500 517
513 522
535 532
551 536
562 535
576 538
591 549
602 558
599 554
603 558
608 560
608 558
607 553
601 548
602 554
591 554
583 548
578 547
580 550
574 547
569 539
564 534
563 538
552 539
542 534
535 531
534 532
528 528
522 519
515 515
512 518
500 518
494 514
486 511
486 514
475 507
471 498
467 495
466 499
454 500
446 494
440 492
442 494
437 492
437 485
440 485
451 494
457 500
467 503
480 508
500 519
514 523
531 522
547 527
565 539
572 546
582 548
594 552
610 560
617 562
625 558
631 559
639 567
633 569
627 564
621 563
623 565
618 561
614 553
611 553
607 556
594 556
586 549
579 548
578 549
570 545
565 538
557 533
553 535
539 535
529 528
521 526
521 527
513 522
507 513
500 510
497 514
485 513
477 508
471 505
470 506
463 502
459 493
454 491
453 495
441 496
433 490
429 488
431 490
426 487
423 480
420 478
421 482
412 483
406 478
402 477
405 480
400 476
400 470
402 471
412 481
418 487
428 489
443 495
464 505
477 509
493 508
509 514
527 526
536 534
547 536
560 541
578 548
588 550
598 548
609 550
615 559
611 557
609 558
611 557
610 560
604 553
601 548
602 547
597 552
585 549
577 547
576 544
575 546
567 538
562 534
559 531
552 535
540 530
530 528
527 526
522 527
513 518
507 512
505 510
496 515
483 510
475 507
473 505
470 508
461 499
456 495
456 493
450 497
439 492
431 491
431 489
429 490
424 482
421 479
420 478
415 482
407 480
407 481
418 484
430 491
441 490
455 493
474 499
487 511
493 514
504 520
521 524
536 532
546 531
556 533
569 537
576 547
576 546
578 547
584 548
586 552
582 545
580 541
582 541
578 547
568 543
563 543
564 541
564 543
557 535
553 532
553 531
548 536
537 531
529 529
529 527
525 528
518 520
513 516
512 515
505 519
493 513
486 512
486 509
484 511
476 503
471 499
471 497
466 502
455 498
448 497
449 495
448 497
442 489
439 485
440 485
438 492
436 491
442 493
458 498
472 506
483 505
497 509
516 515
527 526
534 529
545 535
562 540
577 547
586 546
595 547
608 556
614 562
613 561
614 562
619 566
620 565
615 557
612 554
614 559
607 560
597 556
590 553
591 555
589 553
581 545
576 541
575 544
568 544
555 538
546 536
546 539
539 534
532 527
525 522
522 524
514 524
502 518
495 516
495 518
491 514
483 505
478 501
480 507
467 505
459 500
452 499
454 501
448 497
446 490
441 487
441 491
432 491
425 487
421 486
423 488
419 486
417 478
414 475
416 480
407 482
401 478
397 477
400 479
398 477
399 471
404 472
417 481
424 488
435 491
448 497
468 507
482 512
498 512
514 517
532 529
540 537
550 538
562 544
580 552
588 555
598 552
605 554
614 562
610 565
607 561
604 561
607 563
603 560
601 552
598 550
598 555
588 555
580 549
575 547
575 549
567 545
562 536
558 533
555 537
542 536
532 530
524 528
523 528
515 524
509 515
500 511
498 515
485 515
476 509
470 507
470 508
462 504
458 495
452 492
451 496
439 496
430 490
425 489
427 491
421 487
417 479
413 476
413 480
404 480
398 475
394 473
398 476
399 474
408 469
419 472
434 483
443 490
454 493
470 499
490 509
501 513
515 513
528 518
543 531
548 537
554 538
563 543
576 549
579 549
582 544
582 543
583 550
574 552
569 548
566 546
569 550
564 546
561 538
562 535
559 540
548 535
542 532
543 529
543 529
539 521
537 515
537 511
533 514
524 507
517 504
517 502
513 502
506 495
500 490
497 491
489 499
475 497
465 498
463 498
460 501
451 495
446 492
444 490
439 496
428 492
421 491
423 491
425 495
429 491
439 492
456 497
467 509
474 512
486 518
504 524
521 534
532 533
546 535
563 540
575 552
579 553
585 557
598 559
607 564
610 559
613 557
616 557
613 562
603 557
599 556
600 555
598 557
591 549
588 545
587 543
581 548
567 543
560 542
559 539
555 539
547 531
541 525
539 523
532 527
519 521
510 519
509 517
505 518
497 509
492 504
490 502
483 508
470 502
463 500
463 498
461 500
454 491
449 488
450 488
444 492
433 487
427 486
428 485
426 486
422 479
419 475
420 475
415 480
408 477
409 478
422 480
434 487
444 485
460 487
480 494
496 507
505 511
518 517
539 523
557 532
567 532
580 538
594 545
602 558
604 560
610 564
621 567
625 572
623 566
623 563
626 567
621 570
608 563
602 562
603 563
602 562
595 553
589 547
589 549
583 550
571 543
562 540
560 541
556 538
547 528
540 525
535 528
525 529
510 523
500 522
498 524
492 520
482 511
475 506
473 510
465 509
453 504
445 500
445 501
442 497
436 488
432 485
430 489
420 489
413 484
408 483
410 486
404 482
400 474
396 471
397 475
389 478
388 476
393 478
409 486
421 490
436 490
450 495
469 507
479 516
491 519
505 525
525 535
537 539
550 536
562 539
577 550
578 555
582 554
585 555
592 559
590 557
589 549
587 546
590 550
584 549
580 544
577 542
580 543
576 539
574 530
570 528
568 533
556 535
547 531
540 530
539 532
530 530
523 521
516 518
516 526
501 523
491 517
482 515
483 517
476 513
474 508
467 503
465 507
454 507
447 501
443 500
444 502
438 498
436 491
431 487
432 492
425 494
425 491
432 493
451 499
464 501
480 498
495 502
515 514
525 520
537 523
550 528
568 537
579 540
591 539
601 543
613 554
612 560
614 559
616 561
624 568
617 565
612 557
609 555
608 561
599 562
591 558
585 557
586 559
579 555
574 548
571 548
566 551
553 551
544 545
538 544
538 545
529 540
523 531
518 528
516 533
504 531
496 526
490 522
490 523
484 518
479 510
478 507
472 511
462 507
456 505
456 504
453 506
447 499
443 495
444 495
439 500
428 496
422 495
422 493
423 496
422 490
427 489
441 492
453 502
461 504
473 510
493 516
512 526
526 526
542 529
562 535
577 548
584 550
595 555
612 560
624 567
631 565
638 565
646 566
647 574
639 570
634 570
636 570
634 570
628 562
624 557
624 556
619 561
606 556
598 554
597 551
594 552
584 544
579 538
577 536
569 540
555 534
546 531
544 529
539 529
531 520
525 516
521 513
514 518
502 512
494 510
493 508
489 509
481 502
477 496
477 496
470 501
458 496
451 494
452 493
451 495
444 487
441 484
441 483
435 488
426 484
420 483
421 481
420 483
415 476
415 472
420 475
425 484
429 485
440 491
459 497
477 507
490 508
508 513
529 521
543 534
552 538
564 544
583 550
598 558
608 557
619 558
630 561
636 570
634 566
635 564
641 562
641 563
636 554
634 550
636 550
630 555
617 551
610 549
608 548
603 552
594 545
586 543
582 547
572 548
558 542
548 541
546 542
540 538
530 529
524 524
522 527
513 527
500 521
493 517
494 518
491 514
483 505
478 500
477 503
471 503
460 499
451 498
449 500
445 499
437 492
432 490
430 495
423 496
413 492
412 492
423 498
434 501
444 500
459 503
479 515
490 524
501 525
515 532
535 540
549 544
563 542
576 545
590 555
594 561
598 560
601 562
608 566
606 565
605 558
604 556
606 561
597 562
590 557
587 556
590 558
585 555
582 546
578 544
578 548
567 548
559 542
552 540
553 541
545 538
540 528
535 524
533 528
521 528
512 522
506 520
507 522
500 518
495 510
490 506
489 510
480 511
472 506
467 504
468 506
463 502
461 495
459 493
463 500
462 505
469 504
481 510
501 519
514 524
532 525
546 529
566 542
575 551
586 553
597 557
616 565
626 567
637 564
646 567
656 575
655 579
654 575
654 574
657 577
652 573
649 565
645 562
643 567
633 570
622 562
615 559
616 561
609 557
602 548
595 544
592 548
579 547
569 540
560 538
558 539
548 534
542 526
535 523
531 527
518 526
508 521
501 519
501 522
492 517
487 509
482 507
480 511
468 511
461 507
455 504
457 506
450 501
446 493
442 491
443 497
438 498
440 496
451 503
469 511
482 516
498 514
519 520
536 533
546 538
560 545
580 550
599 560
611 560
625 562
642 567
652 577
653 576
656 579
663 581
666 584
662 578
659 572
660 570
655 575
643 570
636 566
635 563
633 563
625 554
620 548
617 545
610 548
597 543
585 541
581 538
575 539
565 530
558 525
553 522
543 526
528 521
518 518
515 517
508 517
497 509
490 504
488 503
479 508
466 503
456 502
453 500
449 502
441 495
435 491
433 489
427 495
416 489
410 488
409 486
407 487
403 479
403 476
412 478
421 488
428 489
441 494
464 500
486 510
504 510
522 514
546 520
562 531
574 533
589 539
608 543
623 551
632 549
640 551
649 557
649 566
640 565
633 566
634 566
632 569
625 562
620 557
621 556
616 560
605 554
597 551
597 548
595 549
589 539
584 534
581 532
572 536
558 530
550 528
547 527
540 528
528 520
520 517
516 518
507 524
491 520
481 519
478 517
474 519
464 512
459 509
456 508
449 513
437 507
430 507
429 505
426 506
421 497
421 494
430 503
436 508
442 509
455 515
477 524
497 530
512 530
529 534
551 547
564 553
573 555
585 560
604 569
617 572
625 568
634 568
644 575
644 578
636 573
632 571
634 572
632 569
625 560
621 556
620 559
614 559
601 554
593 552
593 554
588 550
580 541
574 537
571 541
557 540
547 534
538 531
537 532
527 528
521 518
514 514
512 518
500 517
490 512
482 509
483 511
477 507
472 498
467 495
466 499
455 499
448 493
442 492
443 495
437 491
435 483
433 481
439 488
440 494
448 495
460 500
482 511
498 516
516 516
535 522
557 535
569 544
583 547
598 555
618 563
629 565
642 563
653 566
665 576
663 578
664 576
663 575
667 577
661 574
656 566
652 563
651 567
639 567
629 561
621 560
620 561
613 559
604 548
597 545
592 550
578 550
566 543
557 541
555 543
544 537
538 527
531 523
532 528
519 527
508 519
501 516
499 514
493 510
487 500
480 497
478 502
466 504
459 502
449 498
449 501
441 497
439 491
433 487
432 492
422 492
416 488
412 487
415 489
410 486
408 478
405 477
408 482
406 486
411 487
422 491
444 501
458 504
478 504
498 513
520 527
528 533
545 536
562 544
583 552
597 557
613 557
624 560
639 570
644 575
642 571
647 575
652 577
648 573
643 564
644 564
637 567
626 562
616 560
615 559
612 561
603 554
594 545
592 544
584 550
568 544
555 540
553 538
547 537
539 530
530 522
527 518
520 521
507 514
498 511
496 509
490 507
482 498
477 493
475 490
468 495
456 491
450 491
447 488
444 491
436 483
432 480
433 479
425 482
414 478
406 479
405 477
406 480
407 475
414 475
429 481
442 493
453 497
469 506
490 512
510 522
525 523
541 526
563 534
576 546
584 550
591 554
605 559
618 567
620 563
621 560
626 563
621 567
611 563
605 563
604 561
602 562
595 554
591 550
590 549
584 555
570 549
563 547
561 544
558 545
550 537
543 532
541 530
534 533
521 527
511 526
509 524
502 523
495 516
488 510
484 508
476 513
464 508
456 507
455 505
454 508
445 498
443 495
441 492
436 499
424 492
417 491
420 492
416 492
412 484
413 483
420 485
429 495
437 498
449 503
473 511
491 519
508 519
526 523
548 530
565 544
575 546
588 552
608 558
621 563
630 561
638 560
651 570
651 572
643 567
640 566
642 568
640 565
634 556
631 552
630 556
624 557
611 552
603 549
605 553
602 551
591 539
583 534
581 538
571 538
557 532
546 528
545 530
537 526
529 517
522 513
517 516
508 517
494 510
485 507
485 509
480 506
471 498
466 494
465 499
455 501
445 495
441 495
439 494
433 492
430 483
427 482
426 485
418 487
411 481
407 481
411 484
404 481
403 474
400 470
402 475
400 478
403 478
415 483
437 492
454 498
473 499
493 507
515 519
530 530
545 532
563 540
589 553
601 555
615 552
631 557
645 567
648 573
651 571
655 574
661 576
659 576
654 566
651 564
652 570
639 568
630 564
624 562
621 562
614 558
609 551
600 546
597 551
582 548
572 542
566 542
560 539
549 535
541 524
533 519
530 523
515 521
504 515
495 512
494 512
485 508
478 501
469 497
467 504
453 503
443 496
434 495
432 498
426 496
418 486
414 485
411 489
397 488
388 483
385 482
385 483
381 481
374 471
371 469
373 477
361 474
357 471
352 468
357 471
361 470
374 468
389 473
409 486
422 494
439 498
460 506
486 518
503 523
523 524
541 530
565 545
570 549
582 553
590 555
605 562
611 562
614 557
617 559
616 563
607 562
602 559
599 557
601 559
594 554
590 545
591 544
587 549
575 545
568 543
567 540
569 543
563 531
560 525
557 519
552 520
543 512
536 508
535 505
531 504
524 495
519 489
518 487
510 492
496 488
486 488
484 487
480 491
470 486
461 484
458 486
450 493
438 493
427 493
424 492
421 496
420 492
426 493
440 498
452 510
462 514
476 519
500 526
523 534
541 532
563 532
588 534
605 542
615 541
626 543
642 546
654 551
660 549
664 549
667 552
664 559
653 557
644 558
641 559
633 565
622 561
614 560
609 563
600 572
584 569
573 568
569 567
563 569
554 562
546 556
542 554
533 557
520 551
509 548
505 545
501 545
492 535
486 530
484 527
477 531
464 524
456 522
456 519
454 519
446 510
442 505
442 503
437 508
426 503
419 500
420 498
419 499
414 491
411 488
411 486
407 491
398 487
397 487
407 489
420 495
432 494
449 498
472 506
490 520
501 524
518 531
543 538
563 547
579 548
595 551
614 558
626 569
631 569
639 573
652 575
658 580
658 574
658 571
660 575
654 575
643 571
636 569
641 574
635 568
627 559
620 554
618 557
610 557
597 551
587 549
585 550
579 546
573 539
563 531
559 534
549 534
535 528
526 525
525 526
519 523
509 513
503 509
501 512
493 512
480 506
472 504
472 505
468 502
462 493
457 490
456 494
445 494
437 488
431 487
432 489
426 486
423 479
419 475
420 480
410 480
402 476
398 475
400 477
395 475
393 467
390 465
391 469
382 470
376 465
372 465
375 468
375 467
382 463
394 466
412 479
423 488
439 492
458 499
484 511
502 517
522 518
540 525
562 538
574 546
586 549
598 554
616 563
625 565
634 561
640 563
646 570
640 572
635 568
632 567
634 569
628 566
625 558
621 555
620 560
609 560
600 555
594 553
594 554
586 550
581 541
574 538
571 542
557 541
547 535
539 532
538 533
528 528
521 518
515 515
512 519
498 518
489 512
482 509
482 510
475 506
469 498
464 494
462 499
450 498
443 493
437 493
438 494
432 490
428 482
424 479
423 484
412 485
405 480
405 479
415 484
422 486
434 485
450 490
471 504
482 512
495 515
511 522
533 532
547 535
562 535
575 540
589 550
593 557
599 556
606 559
616 564
614 562
614 555
613 555
615 560
606 561
600 557
596 555
599 557
594 553
590 545
590 544
585 548
573 544
566 542
564 541
560 542
552 534
547 529
546 526
538 530
525 526
516 524
514 521
511 522
503 514
497 509
496 507
490 511
479 506
471 505
469 503
466 505
460 497
457 493
458 492
452 497
442 494
434 492
437 491
442 496
446 493
458 494
476 500
492 513
502 518
515 525
535 531
555 541
570 542
586 545
605 551
618 563
624 565
633 569
647 572
656 578
658 574
661 571
666 572
663 578
652 573
645 573
644 571
642 573
635 565
630 560
628 559
621 563
608 557
602 554
601 551
597 550
590 540
585 533
584 530
576 534
562 528
553 525
552 523
547 524
538 517
530 513
525 512
516 519
502 516
493 518
488 515
483 517
475 509
470 505
469 503
463 507
452 501
448 499
451 496
452 497
447 488
445 483
448 482
447 488
436 481
431 479
434 478
440 483
445 480
455 483
472 491
485 503
496 508
511 517
533 526
551 537
566 539
583 544
603 553
616 566
622 570
631 574
648 579
659 586
664 583
668 583
673 588
670 590
660 586
654 585
654 587
651 585
644 576
641 573
638 575
629 576
615 570
607 567
607 568
601 564
590 554
582 549
578 552
568 551
553 544
543 541
540 542
534 537
525 528
518 523
515 527
506 526
493 520
485 517
485 518
480 515
471 506
466 502
464 505
454 505
445 500
437 497
438 499
433 495
430 486
425 483
424 487
415 488
410 484
411 485
423 491
432 495
448 494
463 498
483 511
493 519
505 523
519 528
540 538
553 541
566 540
578 543
593 553
596 558
601 556
605 557
614 561
613 559
616 551
612 546
613 550
604 550
597 544
592 541
595 543
589 540
585 531
580 528
579 532
568 533
561 531
550 527
549 529
541 527
535 520
528 518
524 523
510 524
500 518
492 517
491 520
481 516
476 508
471 505
469 510
456 510
446 504
440 503
442 506
435 501
434 494
435 494
445 503
450 510
462 511
476 517
497 526
512 531
529 529
547 534
567 547
575 553
585 553
596 556
613 562
621 564
629 560
635 562
643 570
638 571
633 567
629 567
632 569
625 565
622 558
617 556
615 561
603 562
593 556
586 553
586 555
577 550
571 541
563 537
559 540
545 538
534 531
527 528
525 528
516 522
510 513
503 509
500 514
487 512
479 505
475 502
476 502
470 496
468 487
469 482
465 487
455 482
449 482
454 484
461 491
469 492
480 495
497 502
510 516
518 520
531 527
549 533
567 543
580 543
595 545
614 551
625 563
629 564
635 568
646 570
653 576
653 571
652 567
654 567
649 571
638 568
627 564
628 566
620 563
611 554
605 548
603 547
596 552
583 548
573 544
570 542
565 543
554 534
547 527
545 525
536 528
522 521
512 517
510 513
508 512
502 503
498 497
497 493
491 496
481 490
475 488
474 485
471 486
464 478
461 474
463 475
463 484
460 486
465 492
477 498
490 511
499 513
511 518
528 526
540 539
546 542
556 548
572 553
585 560
593 558
603 559
615 562
620 571
617 569
615 569
618 568
616 570
609 562
605 557
604 556
597 560
584 554
577 553
576 551
571 551
563 541
557 537
554 535
545 538
531 532
522 529
521 526
515 527
505 517
498 511
496 509
487 513
472 507
463 505
461 503
457 503
449 495
443 491
442 490
436 496
423 490
419 490
417 485
415 489
407 478
403 475
403 479
399 480
391 477
394 480
404 484
417 487
426 485
440 487
457 498
470 505
477 507
488 512
506 521
521 526
529 520
540 522
553 532
559 537
559 536
562 538
569 543
569 542
564 535
561 533
562 537
558 540
547 536
542 535
544 538
542 535
537 527
534 525
534 530
524 530
517 525
511 524
513 526
507 523
503 514
500 511
501 516
493 517
486 510
483 507
488 508
486 504
487 495
485 491
488 495
482 494
480 490
480 489
488 493
491 493
500 489
510 492
523 502
525 509
531 510
540 515
556 524
564 529
572 528
580 532
592 543
594 551
597 552
600 556
609 564
610 565
612 560
610 561
611 568
602 570
596 567
592 566
594 569
588 567
585 559
579 557
578 561
567 561
557 555
550 554
548 555
540 549
534 540
528 537
524 540
512 539
503 532
496 529
497 530
488 524
484 515
480 512
479 516
468 516
460 510
455 509
458 510
452 508
449 500
447 499
452 506
451 509
455 509
461 512
473 519
480 520
490 517
498 519
510 529
512 535
518 534
525 537
539 543
544 544
550 540
556 540
563 547
560 551
552 545
548 544
551 547
543 542
540 534
535 531
534 536
524 536
516 530
511 528
512 530
505 526
502 519
494 515
493 519
481 518
472 513
466 511
467 511
460 506
455 498
454 496
448 500
438 495
430 493
429 491
427 493
421 486
417 481
418 480
413 485
402 480
396 479
398 478
402 482
405 478
413 478
425 481
432 491
436 492
442 496
455 500
466 506
474 505
483 504
496 508
506 520
506 519
507 519
517 522
524 527
524 522
525 520
528 520
527 528
517 523
512 523
513 522
513 525
510 518
507 514
507 512
503 518
493 513
487 512
487 511
485 512
478 505
474 499
473 498
469 504
457 499
449 498
450 496
449 498
443 491
439 488
439 486
435 492
426 487
419 486
421 485
419 487
414 480
412 476
414 476
409 481
400 477
395 477
397 475
398 478
394 471
392 468
394 468
392 474
385 470
381 470
384 469
385 473
382 465
381 463
384 464
383 471
380 469
385 472
400 475
413 483
421 481
432 483
447 488
457 498
460 500
467 504
483 508
495 514
504 511
513 513
525 517
531 526
531 524
535 526
543 527
545 530
542 523
542 520
546 522
544 528
535 526
532 526
535 525
536 528
531 521
528 518
528 523
524 524
514 521
507 521
508 524
504 522
497 514
494 512
493 516
487 519
476 514
470 512
472 514
470 512
464 504
460 501
461 505
457 506
447 501
443 499
446 501
445 498
441 491
439 488
440 493
435 494
427 489
423 488
427 491
427 489
423 482
426 481
435 489
437 494
442 494
449 498
462 506
469 508
477 505
484 507
495 516
497 521
500 520
506 523
518 529
522 529
528 524
532 523
539 530
534 532
530 527
528 526
534 529
533 527
534 519
533 517
538 522
532 523
528 519
526 518
529 521
525 518
522 512
519 511
519 517
508 519
501 514
496 514
498 516
492 514
489 505
485 504
485 508
476 508
470 503
465 502
468 504
464 501
462 494
460 491
461 497
452 497
447 493
445 493
449 495
444 491
445 484
447 482
457 491
458 496
461 496
468 501
479 508
485 510
491 507
497 510
507 519
507 523
510 521
515 523
525 530
527 529
531 524
534 524
539 530
532 532
527 528
526 528
531 531
528 528
527 521
525 520
527 526
520 526
515 522
513 521
516 524
511 521
509 513
506 511
507 517
498 518
492 513
489 512
492 514
486 511
483 503
480 501
481 507
473 507
467 503
463 502
467 505
462 501
460 494
457 493
458 499
449 499
444 495
443 494
445 496
440 493
438 485
442 484
444 492
442 492
446 495
457 498
468 505
474 502
482 503
493 506
500 517
501 516
506 519
517 522
525 528
529 525
536 525
545 527
549 535
544 534
542 535
547 535
548 538
545 532
543 528
546 527
544 534
535 530
531 530
533 530
533 533
529 526
527 522
529 521
525 527
515 523
509 522
511 521
510 524
505 516
502 512
504 512
499 516
488 511
483 511
485 510
485 514
480 505
478 502
478 501
476 510
464 503
460 502
462 502
461 504
457 497
457 494
465 495
468 504
469 505
473 508
486 510
496 517
500 513
508 514
519 518
526 527
525 526
530 530
540 532
548 538
550 534
555 533
562 535
561 542
553 538
551 538
555 536
557 538
553 530
551 526
554 527
552 533
543 529
539 529
540 527
540 530
534 522
533 519
535 518
530 522
522 517
518 514
522 513
521 514
514 506
511 502
511 502
506 509
494 507
487 507
487 508
485 511
479 505
474 504
473 505
468 511
458 508
452 507
454 507
457 512
457 506
463 507
475 515
481 519
483 519
490 520
505 526
516 527
522 523
529 523
540 530
547 535
547 535
551 537
560 543
564 544
563 539
564 538
566 544
560 545
551 542
547 542
551 545
550 544
543 536
540 533
541 539
537 540
528 536
521 533
523 535
521 532
516 524
513 521
511 524
501 525
494 520
489 519
491 522
484 519
480 512
475 509
474 513
465 514
457 509
452 508
455 510
450 506
448 498
445 495
447 500
440 500
439 497
444 499
457 505
464 507
474 503
485 505
499 515
501 521
508 521
515 524
530 530
537 532
545 528
552 529
562 537
561 541
561 539
562 540
566 542
563 540
563 533
562 532
565 538
557 539
552 535
550 534
554 537
549 535
548 528
545 526
545 530
536 531
529 526
525 526
526 528
520 524
517 517
513 514
513 519
503 520
497 515
494 514
496 517
490 513
488 505
485 503
485 508
476 508
470 504
467 503
471 505
471 504
477 500
483 502
496 511
499 517
507 517
516 522
532 529
539 531
550 529
561 532
575 543
576 547
580 547
588 549
601 555
605 556
609 552
611 551
615 558
609 559
604 554
602 554
605 557
601 554
600 546
597 544
597 550
586 550
580 545
576 543
577 546
570 542
563 534
557 532
555 537
542 536
531 530
525 527
525 529
516 523
511 514
509 512
501 515
488 510
480 508
479 505
476 507
468 499
464 494
464 491
459 496
449 492
441 490
441 488
440 490
434 483
431 479
432 478
433 486
432 484
437 488
451 492
461 499
470 497
482 499
497 505
506 516
507 516
513 521
526 523
537 531
542 529
548 530
558 534
560 542
557 540
555 542
557 542
557 545
552 538
551 535
552 534
547 540
538 536
533 535
536 534
536 536
529 529
525 524
526 522
522 528
510 523
502 521
502 520
499 521
493 513
489 508
488 507
482 511
470 506
464 505
466 504
463 506
456 497
453 493
453 492
448 497
438 493
436 494
446 496
456 502
463 499
474 501
488 506
498 518
502 519
510 524
525 528
537 535
543 532
552 533
564 538
568 547
566 545
568 547
575 547
577 550
573 543
570 539
572 538
569 544
560 540
554 539
556 538
555 540
550 532
546 529
547 529
540 534
531 532
522 529
523 526
519 527
510 519
505 514
504 513
499 518
487 514
480 513
484 513
479 511
474 504
470 499
469 503
464 504
453 500
449 499
453 502
458 503
460 497
470 498
485 507
494 515
499 517
509 521
527 530
541 534
551 532
561 535
577 545
585 551
588 551
594 555
606 562
614 562
615 557
617 556
621 562
617 563
607 559
603 558
607 560
605 558
598 550
594 546
594 550
585 551
577 546
570 545
570 546
563 543
559 534
553 529
551 533
538 533
529 527
523 525
523 526
515 523
510 514
504 510
503 514
492 515
483 509
476 507
477 509
471 506
468 497
462 494
461 498
452 500
450 497
454 499
467 506
474 508
485 506
498 509
514 521
520 528
528 529
539 533
557 541
567 544
577 542
587 544
599 554
601 559
604 558
606 559
613 563
611 561
609 553
606 551
605 557
594 556
588 552
583 550
585 552
578 549
573 540
568 537
567 542
555 541
548 537
540 534
540 535
531 531
527 522
521 519
518 522
505 521
497 515
491 513
491 515
484 511
479 502
474 498
473 503
462 503
454 498
453 498
461 503
466 503
476 500
486 504
500 514
505 521
515 522
525 527
541 535
549 537
559 535
569 538
581 549
581 553
583 551
588 552
597 557
594 555
591 547
587 546
588 551
579 551
573 547
569 546
570 547
564 543
560 535
556 533
555 538
543 537
535 533
529 530
531 533
522 528
516 519
514 517
508 522
496 517
488 515
487 512
484 513
477 505
474 501
473 498
467 503
457 498
451 496
454 494
458 498
462 492
471 491
487 494
500 505
507 507
516 511
534 515
549 524
560 523
570 526
584 534
591 546
593 549
597 554
607 559
614 566
613 562
614 560
617 559
613 566
602 562
594 561
595 559
594 561
587 553
582 548
582 546
576 550
564 545
556 543
555 541
551 541
543 532
538 527
537 524
529 528
516 522
509 520
508 517
506 519
498 510
494 505
495 503
490 507
480 502
474 500
475 496
473 497
469 489
466 485
470 486
471 494
473 494
481 498
496 503
509 511
519 511
531 514
548 521
559 534
563 536
572 541
588 546
601 554
608 552
616 554
625 558
627 566
622 564
618 564
620 564
617 565
609 557
605 553
605 552
598 558
585 553
577 551
577 548
574 549
565 540
558 536
555 534
547 537
533 532
523 530
521 527
515 527
506 518
500 514
497 513
488 516
475 511
468 508
467 507
463 507
454 499
449 495
449 498
443 498
431 494
423 491
424 494
424 492
423 485
428 485
439 494
449 501
454 502
465 507
484 516
497 520
507 518
520 521
536 531
546 538
549 539
556 543
570 550
579 551
582 547
583 546
587 552
584 553
575 549
570 548
572 550
570 547
564 539
561 536
561 541
551 541
543 536
537 534
538 536
532 533
527 524
521 520
519 523
508 523
499 518
495 518
491 517
484 514
479 504
474 501
473 505
461 505
454 500
448 498
451 502
444 498
440 489
439 488
446 495
446 499
451 500
459 504
476 512
486 515
500 514
509 516
523 526
527 532
535 533
544 537
559 545
564 546
572 541
577 542
585 549
579 551
574 547
572 546
575 549
571 546
568 538
564 535
564 539
555 540
549 536
544 536
543 537
536 532
532 523
527 520
525 525
513 525
504 521
498 518
500 520
493 517
489 509
483 504
482 509
471 509
464 504
458 503
460 505
457 503
453 494
448 493
448 497
436 497
433 493
429 491
432 494
429 492
432 485
441 488
453 498
455 502
465 506
476 510
493 519
502 521
514 520
524 523
538 534
542 540
550 541
557 543
571 551
577 551
584 547
587 548
589 553
583 557
578 553
574 549
580 553
575 550
568 541
565 541
565 546
554 546
548 542
541 538
541 539
535 534
531 526
530 523
524 528
513 525
507 524
505 518
504 521
498 512
491 505
493 503
489 507
479 502
473 502
472 500
471 502
465 491
464 486
464 486
459 492
448 485
443 486
442 482
443 486
435 479
432 475
433 475
429 480
418 476
410 475
411 475
410 479
404 474
399 470
399 471
399 480
398 481
403 486
418 491
431 500
441 498
454 500
472 506
485 518
492 520
501 521
522 527
535 531
544 527
555 525
568 528
574 535
574 533
574 532
581 533
581 536
579 529
579 529
580 530
573 533
565 533
560 533
562 533
560 537
553 531
548 528
549 529
543 534
532 531
522 529
522 528
518 529
511 524
506 519
502 518
498 526
486 520
479 519
478 516
474 518
468 511
462 505
463 505
458 510
446 504
440 504
441 502
441 504
435 497
432 494
433 494
433 500
432 499
438 503
454 508
468 517
474 512
487 515
500 519
509 530
509 530
516 534
530 537
542 544
545 539
551 540
562 543
563 550
560 549
556 548
562 549
560 548
556 540
556 538
558 542
554 545
545 541
542 540
545 543
544 541
538 533
537 531
536 533
532 535
521 529
513 526
515 528
512 525
505 518
500 515
498 519
492 521
481 518
474 515
476 519
473 514
466 505
463 501
465 505
459 505
451 501
444 498
447 500
448 498
442 489
441 488
444 492
442 495
449 495
458 498
474 507
484 510
497 508
513 514
527 524
532 530
540 531
548 534
565 542
573 545
583 542
592 545
602 552
602 556
602 554
602 554
608 558
605 555
604 548
603 546
605 551
596 552
592 549
586 546
589 548
583 546
580 538
575 535
576 539
566 540
557 534
550 532
551 534
545 530
543 521
538 517
537 521
527 519
520 514
516 512
517 514
510 511
504 502
499 500
498 506
487 508
476 503
471 503
473 506
467 503
463 496
458 493
458 499
449 500
443 496
439 494
441 496
436 493
434 486
436 486
443 494
445 499
452 499
463 503
481 512
492 515
505 515
515 518
530 530
535 536
543 537
553 541
569 548
576 549
586 547
593 549
601 557
598 559
600 559
597 555
601 558
596 555
595 548
593 546
594 552
585 552
579 547
575 545
577 547
571 543
568 536
563 533
561 537
549 535
542 530
537 528
536 530
529 526
522 515
516 513
515 518
502 517
493 512
489 509
490 512
484 507
479 499
478 497
472 502
462 497
456 497
456 496
453 498
445 490
441 485
442 484
437 490
429 487
427 488
436 490
449 498
457 497
468 499
485 504
496 516
502 519
511 524
526 528
538 536
546 534
556 536
570 541
573 548
571 547
572 549
579 549
582 552
578 546
580 546
580 541
578 547
569 544
563 543
566 542
565 545
561 537
559 534
559 532
554 537
544 532
538 531
539 529
535 530
528 522
524 517
523 516
517 521
505 517
498 515
497 513
495 515
489 507
485 503
485 501
480 506
470 502
465 500
468 498
467 498
463 489
462 484
465 483
465 488
462 486
468 489
484 493
497 501
506 502
517 505
533 513
543 526
548 529
558 536
574 540
587 548
596 546
607 548
619 551
624 560
623 559
626 559
635 558
638 560
633 552
632 547
634 546
628 552
616 550
607 551
605 551
601 555
592 549
585 547
581 548
572 554
559 549
550 548
548 546
543 547
533 538
527 533
525 532
518 536
504 530
497 528
497 526
494 527
487 520
480 514
479 516
474 516
464 511
457 510
458 511
457 508
451 500
449 496
449 500
444 501
435 496
430 494
433 497
433 495
427 487
426 485
433 491
438 496
442 497
451 501
471 509
486 514
498 512
514 517
531 528
543 536
550 538
561 543
580 552
592 556
600 554
609 555
621 563
620 568
621 566
621 565
626 568
623 566
623 559
620 556
620 560
611 560
606 555
601 553
602 554
594 550
590 541
585 536
584 541
571 541
560 535
552 532
552 533
545 530
539 520
532 515
529 518
518 517
510 511
502 509
501 510
493 506
488 498
483 495
480 499
468 500
460 495
453 492
455 496
447 493
442 485
436 483
435 488
426 489
418 485
413 486
415 488
409 484
407 477
405 475
407 481
407 486
411 486
422 491
439 498
450 503
466 502
480 506
499 519
508 528
516 530
526 535
544 546
553 549
563 547
571 549
582 558
580 561
580 558
582 558
588 560
586 556
587 547
589 542
594 545
588 543
585 535
585 530
591 530
587 525
584 515
580 513
579 518
568 518
559 514
552 513
548 516
538 515
531 511
523 511
518 518
502 520
492 517
486 517
486 520
479 517
473 509
468 507
467 512
458 511
450 506
446 504
450 505
447 500
446 491
447 489
453 494
455 496
464 496
478 500
497 507
508 510
522 509
540 515
552 527
558 531
565 538
578 543
591 552
598 552
605 554
612 557
615 566
611 567
607 568
610 570
607 572
601 564
598 561
599 560
594 565
582 561
574 560
576 561
572 563
563 556
555 550
552 548
545 554
535 552
522 547
519 544
515 545
506 536
500 529
499 527
492 531
480 525
473 523
473 519
471 520
468 515
463 508
463 504
457 507
447 503
441 501
442 499
442 500
438 493
436 490
436 488
436 495
430 490
436 493
454 500
465 504
477 504
492 506
511 513
525 525
533 528
545 535
563 540
580 550
591 547
602 549
618 555
627 565
628 565
632 567
641 569
643 572
639 565
638 562
638 561
633 566
622 561
615 559
616 557
613 559
606 551
600 546
599 544
592 549
580 544
572 541
571 538
568 537
562 527
559 521
558 517
551 519
540 512
535 509
536 506
531 507
520 500
513 496
510 498
501 505
487 503
477 503
476 503
471 504
464 498
458 495
456 495
450 501
439 497
435 497
436 495
434 496
428 489
425 486
426 489
422 491
412 486
407 485
411 488
416 487
420 482
430 484
449 493
462 499
472 501
486 507
506 517
522 523
535 524
550 530
571 544
580 551
586 555
593 558
608 566
618 569
622 567
624 565
632 573
628 573
620 569
616 569
619 570
618 567
612 555
610 551
611 554
601 553
595 547
590 544
592 547
586 544
580 535
575 531
572 532
560 534
548 527
538 525
538 528
528 525
522 517
514 513
512 517
500 518
489 511
483 510
482 511
473 506
469 498
464 495
464 499
454 500
445 494
439 492
441 494
437 491
433 484
428 481
429 486
422 487
423 487
430 491
444 500
455 503
470 501
486 507
503 518
512 527
522 529
534 534
555 543
565 547
576 545
586 547
598 557
600 562
600 560
601 561
606 564
603 562
604 558
598 553
597 559
587 560
580 556
575 555
577 558
570 554
567 546
564 543
563 546
554 545
546 539
541 536
544 536
538 531
534 522
529 518
527 521
516 520
509 514
504 512
505 514
497 510
493 501
489 499
488 505
477 505
468 500
464 498
466 500
460 498
456 490
453 489
457 496
456 500
461 501
472 506
491 515
503 519
519 519
534 525
552 538
559 545
571 547
585 552
604 561
613 563
623 562
633 564
645 575
644 578
643 575
642 574
646 576
641 572
638 564
640 562
634 567
625 562
619 559
619 556
617 558
610 549
605 543
604 539
598 543
587 537
577 533
576 530
574 530
566 521
561 515
557 511
550 515
538 511
530 510
528 508
521 510
512 503
506 500
504 499
496 505
483 502
474 502
472 501
470 505
463 500
457 496
456 496
450 502
440 499
433 500
434 499
436 504
441 501
452 503
468 509
481 521
489 524
503 531
523 536
542 547
555 547
570 550
588 557
601 569
605 572
612 579
625 583
634 589
638 585
641 582
645 582
644 588
635 582
630 580
635 577
634 576
628 565
626 558
628 554
623 557
612 550
603 546
603 542
600 543
589 534
579 531
572 531
562 537
546 532
535 532
530 530
523 531
514 525
504 519
501 517
491 521
477 515
467 513
466 510
462 511
455 503
449 497
447 496
442 501
432 498
423 494
423 491
421 492
416 484
413 480
414 479
412 484
408 482
415 485
433 489
448 497
461 497
477 501
497 507
513 520
522 523
537 532
554 536
571 545
580 542
592 544
606 554
612 559
611 559
613 561
620 565
619 564
617 559
611 553
612 558
607 559
594 552
588 551
589 552
586 549
579 540
576 538
574 542
565 540
554 536
545 532
544 534
539 530
532 521
524 515
526 522
513 518
501 513
494 511
493 511
490 507
482 500
475 495
475 500
463 500
456 497
452 499
450 498
443 496
440 488
436 485
442 493
436 494
441 494
455 500
473 508
486 513
504 514
518 517
539 529
548 536
558 538
573 547
588 552
597 554
608 551
617 552
627 561
625 565
625 563
624 562
629 566
624 561
623 552
623 548
629 554
617 549
609 542
606 539
608 538
604 534
600 525
593 522
591 525
580 525
571 520
563 519
560 520
552 518
545 510
540 509
538 516
520 516
510 512
502 511
501 515
492 512
486 506
479 504
477 509
467 511
458 506
450 504
451 506
445 504
447 500
448 501
456 509
458 513
465 513
480 520
499 529
515 536
529 534
545 540
565 554
575 561
587 565
599 567
619 575
631 578
641 575
650 578
660 585
656 586
655 582
654 582
657 584
651 580
649 573
646 570
646 576