784 784
786 787
787 786
786 785
786 726
788 622
786 527
785 442
786 376
787 329
786 290
786 255
787 237
788 235
786 231
786 223
787 223
786 229
786 229
786 224
787 226
788 237
786 244
786 246
786 251
786 261
787 264
786 262
787 266
787 276
785 281
786 281
786 286
786 295
786 299
786 295
786 299
788 309
785 314
785 311
786 314
787 320
786 318
786 317
787 319
786 328
785 327
786 328
787 330
787 334
785 326
786 322
787 323
788 333
785 330
785 332
786 337
787 350
786 354
786 365
787 374
786 396
785 407
785 420
786 432
786 449
786 454
785 461
786 469
786 484
785 486
785 489
787 490
787 497
786 492
786 490
786 489
787 494
785 486
785 484
787 480
787 485
785 479
785 477
787 477
787 485
785 482
785 483
787 480
787 484
785 477
785 473
787 472
787 477
785 471
785 470
787 469
787 469
786 462
785 459
788 459
787 464
785 460
783 458
788 457
787 462
785 454
785 450
787 450
787 457
782 454
780 455
787 459
787 469
785 472
785 481
787 494
786 510
785 516
785 524
787 534
787 546
786 545
786 548
787 553
787 564
785 561
785 561
788 559
787 561
785 555
786 550
787 550
787 554
783 548
780 545
786 544
787 544
784 534
783 529
787 528
781 534
765 528
755 526
750 524
742 526
728 518
718 514
711 513
697 518
678 514
665 512
661 515
652 512
639 501
630 498
625 503
613 503
594 498
583 495
580 496
574 494
566 487
567 487
579 498
591 509
600 514
617 523
643 535
664 543
680 545
697 551
716 565
726 571
732 562
738 565
748 576
751 578
744 572
738 569
735 575
721 575
700 566
686 557
685 562
672 558
662 549
652 546
646 552
629 547
619 540
606 537
601 538
588 535
579 524
568 519
562 522
545 521
531 512
520 509
519 510
509 505
503 495
498 494
497 491
487 495
478 489
472 488
474 492
469 490
464 479
461 480
459 483
448 480
444 479
442 480
456 491
469 498
485 491
516 506
542 521
558 534
573 537
592 545
616 557
630 563
644 562
655 565
668 576
666 579
665 574
662 574
665 578
661 568
656 558
647 555
643 562
627 561
615 554
606 551
604 553
594 549
585 533
581 535
576 539
558 538
544 530
535 525
533 525
521 521
513 511
504 508
499 514
483 513
473 506
466 503
465 504
458 501
453 492
448 490
446 495
434 494
421 480
425 483
432 488
434 489
448 488
467 497
492 514
507 525
526 529
549 526
576 548
592 554
609 554
624 559
638 569
631 558
644 569
647 571
652 575
646 572
642 564
635 561
632 567
616 566
605 558
598 555
597 557
586 552
579 542
567 534
571 539
554 537
539 528
532 525
525 527
513 518
504 512
500 508
478 508
476 507
467 503
464 501
460 503
452 496
443 488
449 489
442 495
428 489
418 487
417 485
414 487
407 479
404 474
411 477
420 489
427 491
445 500
473 509
500 520
521 525
543 529
573 539
589 546
595 549
597 541
625 558
631 562
645 556
646 551
655 541
648 531
635 545
625 533
623 538
617 537
606 527
595 511
606 525
590 528
584 523
569 518
565 519
556 517
546 518
532 517
527 515
517 521
493 505
496 510
487 507
489 508
475 502
467 495
463 488
455 502
440 488
430 491
430 486
423 489
406 469
420 476
415 476
419 482
402 472
394 468
394 458
404 477
404 466
415 476
440 483
455 495
482 503
504 513
537 525
560 535
578 532
595 523
616 547
627 550
625 553
628 550
637 555
629 544
638 546
629 543
634 542
623 545
609 530
599 543
594 545
591 540
579 538
573 532
569 531
560 535
548 531
543 530
540 530
534 532
520 511
515 522
513 515
502 522
486 520
474 513
466 506
476 517
460 505
467 501
464 507
456 509
445 478
437 496
438 493
431 499
419 489
413 485
413 489
435 500
434 497
457 506
484 519
506 529
526 530
551 535
576 552
584 561
590 564
596 557
624 576
627 577
639 569
641 568
640 580
629 571
614 573
608 560
606 567
593 562
588 554
571 542
592 560
567 554
565 544
554 541
552 547
539 537
535 534
531 531
520 531
503 534
486 519
491 523
482 523
478 515
472 503
472 502
463 499
448 507
440 493
433 495
432 497
422 498
406 476
425 485
419 490
415 489
404 478
403 483
414 485
426 498
442 498
465 507
493 525
504 531
536 537
554 544
589 555
600 561
616 559
629 558
641 574
642 573
642 569
639 564
643 573
621 559
634 560
622 554
629 557
610 555
599 546
590 537
595 553
582 538
574 534
564 529
558 533
542 532
536 522
532 520
530 521
519 521
506 504
496 510
492 511
475 510
461 500
451 504
443 499
450 507
439 491
443 488
440 493
427 495
416 495
406 495
410 490
401 490
396 478
391 476
389 480
398 491
401 480
423 488
449 501
468 508
493 513
519 521
549 540
560 552
574 550
581 546
614 566
615 566
635 560
638 561
643 574
636 561
624 566
621 556
620 563
606 559
602 552
586 544
605 559
582 554
582 545
579 542
572 548
560 536
554 536
554 531
536 537
521 536
505 524
517 529
506 528
504 517
498 509
494 513
485 511
470 513
464 502
463 501
457 502
449 500
432 485
455 493
441 494
438 489
427 480
429 487
432 488
439 494
464 494
485 498
505 519
514 522
546 532
569 538
598 549
609 549
628 550
642 551
648 571
648 566
648 565
652 562
652 573
628 558
642 561
636 555
634 559
617 549
607 544
605 538
598 551
584 541
577 537
574 533
564 539
548 532
544 528
543 523
535 524
523 519
513 503
510 512
500 513
482 505
469 499
468 502
455 497
460 499
449 487
456 487
448 492
433 493
423 477
428 489
424 482
415 478
405 473
405 476
398 482
403 487
413 483
436 490
459 505
477 510
500 519
529 529
552 542
561 543
577 559
593 559
622 576
624 572
643 567
653 569
653 583
641 581
630 581
632 572
627 571
613 558
609 558
600 551
608 563
587 551
586 545
583 542
577 549
564 538
553 535
553 529
547 538
526 529
506 519
517 528
507 525
500 511
493 503
488 512
482 504
462 505
453 498
454 499
447 495
439 494
422 484
444 497
427 497
422 489
415 480
416 491
413 484
405 483
412 479
420 492
438 504
447 504
481 516
509 529
540 534
558 533
578 545
599 551
610 564
612 560
623 558
637 560
643 569
634 556
649 561
643 564
636 561
624 549
615 551
616 548
606 555
607 546
596 536
594 542
579 543
570 537
564 537
566 534
556 530
549 524
539 510
536 523
520 521
509 509
500 503
500 513
486 506
492 504
480 497
484 499
470 497
459 498
450 481
450 500
439 496
434 485
425 483
437 495
437 499
460 505
478 503
508 518
528 529
550 531
568 543
591 553
602 555
613 551
625 565
636 566
654 576
654 569
661 562
664 568
650 576
637 562
631 566
626 561
616 553
604 543
600 548
590 545
590 553
580 539
571 534
568 535
556 537
548 528
535 528
532 527
513 521
500 527
482 520
494 525
482 523
478 508
471 501
467 511
453 514
440 507
431 502
435 498
424 492
424 493
409 487
427 499
407 497
406 486
400 479
402 492
402 489
408 488
424 489
453 508
467 515
484 517
517 531
545 543
566 546
587 544
604 556
625 563
628 573
631 571
638 569
648 570
647 579
651 575
645 575
641 580
624 577
611 560
607 564
602 561
591 561
585 551
579 548
571 555
555 550
551 548
549 547
546 538
536 528
529 528
525 527
515 531
497 523
485 520
482 516
478 520
454 504
467 505
461 502
460 498
448 489
440 496
436 488
430 498
432 488
422 475
417 477
412 487
400 480
408 487
421 489
439 493
460 499
480 506
505 518
522 532
535 532
552 533
577 553
585 561
609 566
618 568
638 571
641 569
635 572
629 569
627 573
619 574
611 557
600 550
604 556
590 557
589 559
579 555
578 553
574 554
564 544
557 538
548 534
539 534
525 519
521 527
512 518
518 522
506 514
500 504
500 498
491 507
476 496
469 498
463 492
459 487
456 489
449 487
447 487
440 495
426 491
418 489
420 488
419 490
415 484
421 486
438 492
454 507
461 511
479 516
521 530
546 541
568 538
589 538
613 552
627 568
627 567
633 570
645 567
653 565
658 573
644 565
664 573
653 576
645 565
639 558
640 567
636 565
626 561
620 556
629 562
618 559
602 555
602 555
600 561
596 554
586 543
580 543
579 543
564 545
545 537
533 528
531 523
531 534
509 521
520 524
513 531
509 524
496 513
488 519
486 520
481 521
474 511
474 507
488 519
505 531
515 530
537 541
561 550
580 548
596 553
609 555
625 568
629 573
626 565
634 557
651 580
645 575
658 571
651 569
652 571
638 559
627 561
616 557
612 563
609 560
595 539
585 535
592 551
571 545
572 544
560 540
560 541
552 534
545 528
535 526
528 530
511 527
501 507
499 520
493 525
494 521
488 513
484 507
483 505
472 508
463 498
454 501
450 505
441 495
439 480
450 491
453 498
474 508
481 508
504 509
526 517
540 528
556 527
566 535
580 546
582 538
597 551
600 550
621 561
619 560
621 553
619 547
618 558
603 551
594 546
579 541
574 540
564 527
565 533
547 525
560 536
544 532
532 527
522 524
518 525
503 522
496 514
487 510
482 515
466 513
453 505
444 502
442 504
431 496
425 481
420 484
420 491
405 490
396 483
390 481
389 486
384 482
382 474
377 470
375 473
365 466
360 452
358 463
364 467
375 470
386 469
402 476
424 493
435 502
448 503
466 507
489 520
499 522
512 520
522 522
535 534
535 541
534 537
527 515
539 537
538 534
536 530
530 526
530 533
516 531
506 525
508 526
506 528
500 520
495 516
495 513
489 520
462 509
462 511
458 507
455 505
448 496
443 492
446 492
438 497
428 491
419 488
419 487
417 490
410 481
405 476
407 474
402 470
390 472
383 467
380 470
386 473
372 459
369 449
390 466
391 473
411 477
419 482
439 487
457 494
470 497
485 500
498 506
505 520
504 506
520 521
522 527
539 534
540 525
541 522
543 513
539 529
528 515
520 521
525 524
524 527
517 520
506 519
499 514
509 522
493 519
486 517
485 515
483 517
474 508
473 499
472 498
465 504
452 499
442 495
442 493
439 495
435 481
434 480
434 482
427 488
415 483
409 482
411 481
411 485
406 477
404 473
405 472
400 478
391 475
391 475
404 478
415 478
427 486
444 486
469 499
481 512
486 514
495 519
513 525
522 537
530 532
540 533
554 540
556 548
551 543
549 542
554 542
554 542
549 534
547 533
548 532
544 538
532 532
527 532
538 529
532 528
524 519
520 516
520 518
512 523
498 517
494 509
494 510
490 503
488 503
482 499
481 503
473 503
460 499
453 496
454 498
451 494
444 486
441 484
442 492
437 492
421 487
418 486
422 491
423 490
417 480
414 475
415 481
399 482
401 484
406 486
423 493
439 497
452 497
468 503
486 515
489 520
491 503
517 514
536 527
541 531
549 527
555 529
567 513
571 538
567 536
562 536
566 541
561 541
559 536
557 535
560 539
549 539
542 536
538 537
541 541
535 538
532 528
524 525
527 535
516 535
505 525
499 521
500 525
493 523
488 514
477 487
482 509
473 506
467 505
459 503
460 505
452 500
445 496
444 491
445 499
433 499
426 473
423 457
432 480
425 473
419 471
414 467
412 467
419 474
413 465
425 468
436 478
443 484
453 466
467 491
484 499
488 505
490 502
497 507
504 505
525 519
523 513
540 514
545 523
536 521
532 498
532 518
536 512
532 518
531 506
531 500
531 509
527 510
521 501
523 502
531 502
523 484
524 489
522 485
525 494
512 492
505 486
498 471
507 481
500 481
497 473
491 468
489 467
477 450
470 471
465 464
460 479
444 477
451 473
428 460
442 481
422 483
420 479
413 480
416 491
415 491
423 491
433 498
446 510
454 521
458 508
487 522
496 528
512 535
519 533
527 534
537 534
534 553
538 539
543 548
545 551
538 550
527 532
554 541
544 549
544 546
536 539
538 542
537 540
533 541
530 535
528 535
523 543
504 532
512 536
506 533
516 533
503 525
497 521
496 517
488 530
478 520
467 518
474 509
467 515
450 497
471 502
464 498
468 504
454 497
446 491
446 484
446 501
445 488
449 493
465 497
471 508
483 510
489 524
514 527
529 535
538 532
546 518
560 537
569 539
565 541
570 550
576 552
577 555
572 551
572 548
575 548
569 553
556 545
550 544
552 544
552 548
550 535
545 529
544 528
537 536
524 532
513 528
512 525
512 518
501 505
498 511
505 504
494 510
480 506
470 505
471 507
468 510
460 499
457 495
458 497
454 504
440 498
431 493
427 491
432 498
432 494
438 494
451 497
462 509
468 512
482 518
499 528
514 534
522 528
532 530
546 537
551 547
546 542
533 533
560 538
561 538
565 536
560 531
561 531
556 539
546 536
549 526
550 527
546 529
538 522
534 521
539 509
530 511
521 501
512 493
513 494
510 489
500 491
493 484
488 490
483 494
464 485
471 492
467 489
467 494
459 488
455 486
453 482
444 496
434 481
427 483
426 484
425 491
430 484
434 485
440 499
457 510
461 499
471 501
493 504
509 524
524 530
533 533
548 539
554 544
550 543
553 546
561 552
557 549
556 541
556 523
563 542
552 545
544 540
540 538
543 543
542 546
538 536
531 522
540 525
530 531
525 529
517 528
518 530
508 524
497 514
498 518
498 524
483 523
475 515
470 512
474 517
469 515
459 509
456 504
457 509
448 513
443 509
441 505
448 505
458 510
474 507
491 514
510 527
519 534
530 535
545 542
567 553
569 547
576 541
601 547
611 556
608 563
605 559
601 557
609 557
605 556
600 551
593 548
596 548
587 552
584 549
582 550
582 553
571 546
570 540
565 538
562 544
548 543
537 533
523 532
529 537
521 534
520 527
513 522
512 526
497 524
491 519
483 513
481 521
469 516
473 510
474 510
481 516
481 519
493 518
511 525
533 527
551 528
573 526
584 531
602 532
605 554
616 544
624 547
634 552
647 556
631 540
650 558
649 567
634 565
625 560
621 561
623 566
613 562
606 552
601 550
600 559
577 550
581 541
573 546
574 552
561 544
556 538
547 533
532 538
523 538
512 530
514 530
508 530
498 518
492 510
489 511
489 517
477 512
463 504
461 499
461 504
459 500
464 500
480 498
494 513
501 518
516 527
536 533
550 539
562 538
577 531
592 544
601 550
610 546
611 551
619 555
623 564
619 560
612 553
613 552
607 559
596 555
582 536
582 549
585 541
581 533
573 525
578 528
568 529
564 538
553 522
555 519
554 524
540 513
536 513
531 512
529 526
512 520
503 518
498 513
498 518
491 503
493 495
495 503
486 509
475 504
474 507
490 514
512 517
523 520
536 521
559 533
573 549
574 533
588 535
603 538
615 551
621 550
627 558
636 556
633 559
626 565
613 560
628 566
623 561
620 553
615 557
610 557
602 550
586 558
579 555
576 551
567 546
559 543
544 538
567 543
555 538
542 529
532 521
529 531
521 526
509 530
507 524
506 521
499 524
485 513
495 513
500 511
498 503
492 496
493 504
504 508
510 529
517 528
531 528
552 533
578 553
572 546
599 557
610 566
624 572
625 567
625 574
635 575
636 590
634 576
633 569
632 577
626 579
622 572
621 573
608 570
577 563
549 560
520 557
519 576
509 577
500 572
487 569
475 585
469 582
471 590
475 604
497 609
500 589
489 579
480 561
475 570
469 557
460 534
458 522
456 519
454 518
454 522
458 524
476 526
496 525
524 515
554 509
586 503
609 482
641 455
653 463
667 466
706 468
714 446
687 419
657 440
613 474
592 498
583 539
567 553
558 558
549 562
547 576
553 581
543 596
530 577
541 572
544 571
552 572
578 564
611 554
633 527
625 507
618 497
607 485
615 487
599 477
591 463
578 459
568 474
545 472
530 480
527 483
535 483
522 478
514 468
508 469
503 473
492 477
484 469
489 467
470 445
441 448
432 469
434 495
446 527
449 548
460 561
480 569
497 577
518 593
586 597
618 573
648 551
621 531
611 517
602 507
610 510
619 522
637 504
658 498
652 502
641 489
631 479
619 485
617 479
603 490
595 480
583 470
574 485
548 491
535 488
524 495
515 502
498 500
484 500
471 506
462 520
440 524
427 518
424 519
420 525
410 525
403 519
397 520
395 529
382 531
378 527
382 531
398 540
410 543
431 546
438 543
468 566
477 574
491 572
501 576
520 580
534 584
538 574
546 578
550 584
539 580
536 561
543 572
539 570
545 564
545 558
547 548
543 550
533 554
528 537
525 545
524 546
517 530
505 518
512 524
506 527
504 526
495 512
489 503
489 507
481 507
476 502
474 501
467 509
454 490
451 503
446 498
458 505
450 496
445 477
450 476
445 494
434 484
436 501
453 504
474 506
486 500
510 517
530 519
553 540
555 537
572 530
590 536
599 549
605 545
610 550
615 546
616 546
610 552
594 548
602 548
596 550
589 541
585 528
589 538
579 534
565 539
552 538
546 525
541 518
537 526
538 519
542 519
525 520
508 501
499 495
497 508
492 505
483 507
471 502
472 490
467 502
453 501
455 500
456 497
454 498
443 495
442 501
447 493
453 512
457 507
469 511
496 501
525 532
536 529
560 533
578 531
593 536
602 535
606 547
619 540
630 558
630 545
628 537
628 535
624 550
607 541
606 540
607 533
603 525
594 529
585 522
585 534
573 538
553 529
541 511
548 525
532 525
532 519
522 511
518 496
508 500
493 507
483 495
472 510
469 506
459 491
449 478
458 496
448 492
439 486
428 483
427 468
432 478
424 473
418 471
415 479
412 488
411 491
418 497
433 505
455 517
471 519
487 525
511 542
523 549
528 549
541 556
560 564
574 570
578 565
579 559
586 566
583 568
571 562
564 560
565 560
560 558
559 551
555 548
555 553
543 552
537 547
529 543
531 545
523 541
518 531
513 526
513 531
500 530
491 522
480 516
481 518
475 516
472 509
467 504
466 508
454 507
448 502
444 500
447 502
439 497
436 488
435 486
443 495
443 499
451 498
466 503
492 515
511 523
530 523
546 527
567 540
573 547
582 547
592 551
606 558
611 559
617 554
618 554
619 560
606 559
595 551
589 549
591 553
583 550
577 540
572 535
570 541
558 541
547 533
540 530
541 532
533 529
528 519
521 514
517 517
502 515
491 507
484 504
485 507
476 503
471 494
467 492
467 498
454 497
446 489
440 487
444 491
438 489
436 482
436 480
446 489
450 495
463 496
482 504
508 518
525 524
545 525
562 532
582 545
588 551
596 550
606 555
620 563
622 564
625 558
624 556
623 563
609 563
598 555
592 552
593 555
585 551
581 543
577 541
575 544
560 541
552 534
546 531
545 532
535 528
528 518
521 514
517 519
502 517
492 509
489 506
485 508
476 501
471 495
471 494
463 499
450 492
442 490
443 490
441 493
434 486
430 480
431 479
427 486
418 481
418 482
432 486
451 498
468 501
490 507
516 515
534 531
545 535
558 540
578 546
593 556
601 554
611 555
623 559
626 569
618 564
615 564
614 560
612 563
603 555
600 551
600 548
594 553
580 547
572 545
571 542
567 543
558 534
552 530
550 527
542 532
526 523
516 519
514 517
510 520
501 511
493 504
492 501
485 508
471 502
464 499
464 498
463 500
456 492
452 489
453 488
445 491
432 484
425 484
430 485
435 491
442 489
457 492
480 501
498 517
509 520
526 527
549 535
569 546
582 546
595 549
611 553
618 564
617 562
618 562
625 563
625 565
617 556
612 551
612 551
604 556
590 548
582 544
583 543
580 546
571 539
565 534
562 531
554 536
539 529
530 525
527 523
522 523
512 514
506 510
504 509
496 513
482 505
475 503
477 503
475 506
467 497
463 493
462 492
456 498
442 490
436 488
437 490
436 489
433 483
438 484
452 494
466 501
475 504
493 512
519 525
538 533
553 533
567 537
585 548
594 555
594 553
600 555
610 561
615 562
610 555
607 552
607 555
599 555
585 548
579 546
581 549
577 546
569 537
563 533
562 538
553 537
538 529
529 526
529 529
520 527
514 517
507 512
505 517
491 516
481 509
474 507
475 510
468 508
464 499
459 496
460 501
450 502
442 494
438 493
442 496
437 494
434 485
432 483
437 490
436 495
443 494
457 499
480 511
496 518
513 518
529 522
547 534
551 539
557 538
565 541
579 549
581 550
584 543
584 542
585 547
575 547
567 539
563 537
566 541
562 540
559 532
556 529
556 534
544 534
535 526
528 524
529 527
519 524
514 516
507 512
504 517
489 515
478 507
472 504
473 508
467 505
464 497
460 494
462 500
451 501
444 495
442 493
445 496
440 494
437 485
433 483
435 490
429 491
432 488
445 494
468 505
483 512
501 511
516 516
534 529
537 534
544 533
551 535
564 542
566 543
569 538
568 536
569 542
556 540
548 534
543 532
545 535
538 531
535 523
530 522
529 527
516 526
507 518
502 516
502 518
494 516
490 508
486 505
487 510
476 509
469 502
468 502
473 506
469 504
468 496
466 495
467 501
457 501
450 494
452 493
451 497
446 491
446 488
454 489
462 500
467 502
480 508
503 515
523 526
536 527
550 530
567 534
576 546
577 544
581 546
590 548
595 554
592 549
591 545
593 544
589 550
577 544
571 542
572 540
571 543
565 536
562 532
562 530
557 536
543 529
535 526
534 524
532 528
522 520
517 516
515 513
507 519
494 513
486 509
485 508
483 511
476 503
471 499
471 497
464 502
451 496
443 494
445 494
448 499
452 496
465 498
485 504
502 520
511 522
526 529
547 536
563 546
572 546
582 547
596 554
598 562
593 558
592 558
597 558
595 559
587 551
582 546
583 547
573 549
559 542
551 539
552 538
549 539
542 530
536 524
534 522
525 527
509 519
500 515
500 515
494 515
484 507
478 502
477 501
470 506
456 498
448 495
447 494
446 497
436 488
431 483
429 483
421 488
409 481
406 480
417 483
431 491
447 492
467 498
493 506
511 522
521 524
535 529
555 537
570 546
577 543
585 544
595 548
596 556
587 551
582 548
584 552
582 550
575 542
572 538
574 543
567 543
555 536
549 534
551 537
548 535
539 527
533 522
532 526
522 526
506 517
498 514
499 517
495 515
486 507
482 503
481 509
473 509
460 502
455 500
456 502
454 500
447 492
442 488
444 493
444 496
442 494
454 500
478 512
496 522
518 524
537 528
557 541
565 549
575 549
585 553
601 561
609 568
612 560
615 559
617 565
607 564
598 556
591 552
592 554
584 551
579 542
572 537
570 542
557 541
546 532
539 529
539 532
529 529
524 520
518 517
515 521
501 521
491 513
486 511
488 514
481 512
478 503
475 501
477 507
467 507
461 501
459 501
465 506
464 506
472 502
484 505
505 519
517 528
534 530
553 538
578 550
593 557
608 556
621 560
637 572
638 576
640 573
644 575
653 580
650 578
647 569
641 565
639 570
625 569
615 561
608 558
609 561
601 559
596 549
590 546
588 551
572 549
562 541
555 537
555 539
545 534
540 525
533 522
529 526
515 524
504 516
497 513
497 516
489 512
485 503
479 499
479 506
468 506
469 502
478 507
499 519
515 525
536 527
555 534
577 549
586 555
598 557
609 560
628 571
634 574
644 571
650 572
657 581
649 581
643 573
639 571
639 572
630 568
623 559
617 555
615 560
600 558
590 550
588 548
584 551
575 542
568 537
566 534
557 539
540 532
530 528
527 526
522 529
512 521
507 516
506 514
499 518
485 510
477 506
476 504
476 507
468 499
467 495
474 497
481 508
488 509
502 515
525 524
546 537
560 538
577 542
597 547
608 560
609 560
615 562
627 565
634 572
634 567
633 563
633 562
626 566
610 558
601 555
600 553
596 555
588 547
582 543
581 540
572 545
556 538
544 534
542 531
537 533
527 524
521 518
519 516
511 520
496 513
487 510
485 508
482 512
474 504
468 499
467 499
457 502
443 494
434 491
435 489
433 491
429 484
432 483
447 489
459 502
467 505
483 513
510 526
527 533
538 532
551 533
567 538
575 549
573 547
575 547
583 549
584 554
578 547
575 542
572 538
566 544
550 537
544 535
547 534
545 535
535 527
530 523
528 520
520 527
504 518
495 514
494 513
490 514
483 507
477 500
475 498
469 502
455 496
448 493
448 492
444 493
438 488
432 483
432 484
428 491
416 485
409 482
414 485
422 488
430 486
445 489
470 505
487 517
497 520
509 524
534 536
549 542
558 540
567 539
578 548
580 552
573 547
570 548
575 552
573 550
566 541
563 538
566 543
561 542
549 535
544 532
547 534
544 533
536 523
531 519
529 524
522 526
507 517
499 515
503 521
494 517
490 507
486 503
486 508
474 508
467 501
461 500
463 503
456 501
453 493
451 492
452 497
447 500
452 496
466 502
491 515
506 521
528 524
544 528
567 543
574 550
581 548
592 554
606 561
611 564
615 556
617 557
619 563
607 562
596 552
591 552
591 554
582 551
579 543
578 542
578 546
564 544
554 536
545 533
546 537
536 533
534 527
526 521
520 523
508 523
498 514
492 512
491 513
483 511
478 502
471 497
470 503
458 504
450 499
448 497
453 499
460 503
475 501
494 509
517 524
530 535
543 535
557 541
580 553
590 557
603 556
610 557
621 567
618 570
615 565
615 566
618 567
607 562
603 555
596 550
595 557
581 554
572 547
568 545
567 546
560 542
555 531
549 527
543 532
529 531
516 522
508 519
506 520
497 516
491 507
485 503
484 508
469 507
460 499
454 497
455 499
446 497
441 490
435 486
432 493
421 493
423 490
431 493
453 504
471 512
492 512
515 521
539 538
547 544
561 545
581 552
598 562
605 559
615 558
627 561
629 567
622 564
613 558
613 557
609 559
602 553
599 549
597 544
590 549
577 543
568 541
568 540
565 542
556 534
550 528
547 525
540 530
521 520
510 518
509 516
505 519
497 512
493 508
493 505
486 510
473 503
464 500
464 499
461 502
453 494
449 490
453 491
456 500
459 500
472 506
497 514
521 527
538 528
557 533
579 541
592 554
595 553
603 557
616 560
625 567
625 563
626 560
628 558
621 563
607 556
597 552
597 551
594 553
586 545
583 543
579 539
571 544
556 537
546 533
544 531
539 532
528 523
523 518
519 515
509 520
493 513
485 511
484 510
482 512
474 503
469 498
469 497
463 501
450 494
441 490
442 490
442 493
442 489
450 491
468 497
485 513
496 516
515 523
541 531
562 542
576 542
591 545
609 552
617 563
616 560
618 562
627 565
630 569
623 560
618 556
617 554
607 558
592 550
584 548
584 546
580 548
571 540
565 536
563 535
553 538
538 530
527 526
526 528
520 524
510 515
502 510
498 514
489 514
473 506
464 503
464 507
460 503
453 495
448 491
447 495
440 494
425 486
419 485
421 489
425 490
429 486
442 489
464 502
482 512
494 514
513 522
538 535
558 542
571 541
584 545
600 556
605 560
603 557
605 559
611 563
605 562
600 553
595 548
594 552
580 551
572 543
565 540
566 543
559 541
554 532
548 527
544 531
531 530
520 522
511 518
509 520
499 517
493 507
486 503
484 508
469 506
459 499
453 497
454 501
448 499
444 490
439 486
438 491
425 492
417 486
411 484
413 487
408 485
410 480
418 482
435 495
445 503
462 506
482 514
510 528
527 534
545 533
560 537
578 549
581 555
586 551
591 553
601 559
598 557
596 549
594 547
591 551
577 549
568 543
563 541
566 544
560 542
556 533
552 530
550 535
538 535
527 526
520 524
520 527
513 525
508 514
503 510
502 515
490 514
483 508
480 507
483 510
478 508
476 499
472 497
473 504
461 504
453 496
449 493
452 497
449 496
454 492
463 495
482 508
496 521
510 521
529 529
555 542
570 547
586 547
600 551
616 562
620 568
621 564
627 566
634 572
631 570
627 562
622 558
621 565
607 564
598 557
594 555
595 558
587 554
582 546
577 544
574 549
558 547
548 539
545 537
540 539
530 530
523 523
522 521
515 526
501 519
492 515
490 513
486 516
479 511
475 506
475 503
469 509
456 503
449 502
452 502
459 508
466 507
481 510
506 518
525 535
537 537
554 543
577 550
596 562
607 560
620 562
636 565
643 576
640 572
639 572
642 571
641 574
632 566
626 561
626 558
619 563
604 556
595 552
594 551
590 553
581 545
574 539
571 537
561 542
544 536
533 532
529 528
523 530
512 522
505 517
502 515
493 520
477 512
469 510
469 509
465 510
457 501
454 497
452 494
444 500
430 493
423 491
425 490
430 496
437 494
454 501
476 507
494 522
507 525
525 532
550 538
570 548
583 546
597 547
613 550
620 560
618 556
618 556
624 556
623 559
615 550
610 546
610 545
604 550
591 544
584 541
586 541
584 543
576 536
571 532
569 531
560 536
544 529
534 526
533 525
529 527
520 519
513 513
511 512
504 519
490 512
483 510
485 509
484 511
478 504
474 501
474 501
466 506
453 500
445 498
446 501
446 499
444 493
452 493
469 505
484 514
494 516
512 523
538 535
557 542
570 542
585 545
601 555
608 560
607 558
610 560
619 565
618 564
612 555
606 551
605 557
595 556
580 548
572 546
572 549
568 547
560 539
553 533
551 537
541 536
525 529
517 527
514 529
503 524
497 515
490 511
488 516
473 514
463 506
457 506
456 507
448 504
444 495
439 491
438 495
427 496
418 489
411 486
413 487
405 484
404 476
402 476
409 483
409 486
420 487
438 496
465 509
484 515
505 515
523 520
544 533
550 541
558 540
566 542
581 550
584 552
587 545
586 543
587 549
574 548
566 541
561 540
563 543
557 540
554 531
550 528
550 534
537 534
527 525
521 522
521 526
513 522
506 513
499 508
496 513
483 513
474 506
467 503
469 506
463 503
462 495
460 495
463 502
452 502
446 495
442 493
445 496
439 495
435 485
429 482
428 488
420 490
421 487
431 491
456 502
473 509
495 510
516 518
539 532
549 540
560 540
574 545
593 555
599 557
608 552
613 552
619 561
609 561
601 553
595 551
596 553
588 550
585 543
581 540
581 545
570 547
558 537
553 536
554 539
545 535
539 525
533 522
529 527
513 526
504 518
499 516
499 518
492 516
487 506
482 503
480 508
470 512
460 501
459 499
457 502
449 494
445 489
446 489
441 496
433 492
437 494
458 502
476 512
495 515
517 520
543 527
560 542
570 545
582 549
599 553
613 561
620 559
629 559
639 560
640 568
629 563
622 560
622 559
618 562
609 554
604 547
603 546
596 552
581 545
571 541
569 538
564 540
553 532
546 526
544 525
534 529
517 522
507 519
506 517
502 519
494 509
489 505
489 504
482 511
468 504
459 501
459 500
455 501
447 494
442 490
443 488
442 496
442 496
454 501
479 509
503 521
521 522
543 529
566 536
581 549
586 548
596 553
612 558
624 566
628 562
633 560
640 561
637 568
624 562
616 559
614 556
610 557
600 548
594 544
593 542
584 546
569 538
560 536
559 534
554 535
544 525
537 520
535 518
526 524
510 517
500 513
498 511
494 513
486 506
482 502
483 501
478 508
466 503
462 502
466 502
465 505
460 497
459 495
462 496
463 504
464 503
476 508
501 516
524 528
542 530
562 535
585 543
599 555
604 556
613 559
628 567
638 570
640 564
644 562
649 569
643 569
628 561
619 558
618 561
614 558
605 550
599 545
598 549
590 550
575 543
565 540
564 542
558 538
547 528
541 525
537 529
527 528
510 520
501 517
500 520
495 517
486 508
481 503
480 508
473 509
459 503
456 504
454 503
447 501
445 494
442 491
441 495
432 496
432 493
442 497
466 509
484 515
507 516
527 522
552 537
562 546
574 545
586 549
604 558
612 562
620 556
626 556
633 563
625 564
616 557
609 555
610 558
602 554
596 545
592 542
591 548
577 547
567 539
560 536
560 539
550 536
544 527
536 522
533 527
517 527
505 519
496 515
495 517
486 514
481 505
476 502
474 507
461 506
451 498
445 497
446 500
438 496
434 487
427 483
427 489
415 489
411 484
416 486
434 495
449 501
469 501
488 508
510 521
519 529
530 529
543 533
560 542
565 543
573 538
577 538
583 547
574 548
566 541
560 539
562 541
555 538
551 530
547 527
545 531
532 531
524 524
519 524
518 525
509 520
503 511
497 509
496 517
479 512
469 504
463 502
463 504
456 502
452 493
446 490
449 499
435 498
428 491
423 489
427 493
421 490
419 481
416 479
417 485
410 487
414 485
430 492
455 504
473 510
494 510
513 516
535 532
542 538
552 537
567 541
579 549
582 546
587 545
594 545
592 552
581 547
575 546
576 545
579 551
571 541
567 536
567 533
561 539
547 533
539 531
537 529
534 532
525 524
520 520
521 519
510 522
496 516
487 512
487 511
484 513
476 505
472 501
473 500
467 506
454 500
445 497
445 495
444 498
437 490
435 487
443 489
453 501
462 504
479 511
506 519
528 530
544 531
561 535
581 540
591 552
592 551
598 553
610 557
618 563
617 556
616 552
619 552
616 561
601 552
594 550
596 550
593 551
588 545
586 541
586 539
579 544
566 539
562 542
561 537
558 539
548 529
542 524
538 522
529 527
511 519
503 519
496 513
492 515
485 508
481 505
482 504
477 511
467 506
462 505
466 504
467 507
467 502
478 503
498 512
515 526
526 529
542 535
565 543
584 553
594 551
608 555
620 557
622 564
617 561
616 562
620 562
617 562
608 554
603 551
603 551
594 553
578 545
570 543
573 543
571 545
563 537
559 533
559 533
553 539
540 532
532 530
531 532
527 528
517 520
511 516
509 520
500 520
485 512
476 510
477 513
473 510
464 500
460 497
461 502
454 503
443 497
441 497
454 505
470 509
485 509
505 515
528 528
543 537
550 537
562 542
579 551
588 552
591 547
597 548
605 555
602 557
590 550
587 551
586 551
579 549
578 542
574 538
577 545
567 546
560 541
556 541
555 541
546 538
542 529
537 526
535 531
521 530
510 523
503 520
504 522
497 520
493 509
488 505
487 511
474 511
464 503
457 500
457 503
448 500
445 492
441 489
441 495
434 497
438 495
451 500
476 511
493 517
514 517
532 522
553 536
559 543
566 542
575 544
589 552
593 553
598 548
599 546
602 552
591 552
582 544
576 543
578 547
569 543
564 533
559 532
558 537
544 536
532 527
524 524
523 526
514 523
507 512
498 509
495 514
481 514
472 507
465 505
465 507
456 504
453 494
448 492
446 497
433 497
424 490
418 488
420 492
415 489
419 484
428 487
448 500
460 509
476 511
494 517
519 529
532 533
546 530
557 533
571 546
569 548
569 544
571 545
578 550
572 546
570 538
567 536
569 544
557 543
551 537
548 536
551 540
545 536
541 528
535 525
532 530
517 529
507 522
500 518
499 520
489 515
484 506
479 503
477 510
463 508
453 500
451 498
448 501
441 494
437 489
437 488
433 494
425 490
427 492
444 497
463 508
481 511
505 515
531 523
548 537
555 539
566 544
582 548
594 555
599 552
603 550
611 550
609 558
597 553
589 550
586 547
582 548
573 540
569 536
569 534
562 540
549 534
540 531
540 529
536 531
526 522
520 516
519 515
511 520
496 514
487 512
486 510
484 512
478 505
474 500
474 499
468 506
456 501
450 500
452 499
453 503
453 497
462 497
482 504
499 519
509 520
525 527
548 535
569 548
577 543
589 544
604 547
610 559
609 557
611 557
619 558
624 565
615 554
612 550
614 550
608 558
594 551
587 549
588 548
586 550
577 541
571 536
569 534
561 540
544 532
533 528
529 525
523 526
511 516
504 511
500 509
489 513
471 505
461 502
458 500
453 501
443 491
436 485
434 484
428 490
416 485
415 484
428 487
444 496
459 496
479 501
502 510
518 523
525 523
536 528
554 533
564 540
569 535
575 535
583 537
581 545
569 539
561 536
561 539
558 537
550 528
545 524
545 528
538 528
523 520
516 518
515 520
509 515
499 505
494 502
492 506
483 506
468 500
460 496
465 503
459 497
452 488
447 485
448 492
443 493
432 487
426 485
429 488
431 487
431 481
441 484
461 496
477 505
491 509
507 514
533 527
547 533
562 531
575 535
591 547
593 553
598 553
599 552
607 556
604 555
604 548
600 545
599 550
588 552
580 545
574 544
577 548
570 544
567 536
563 533
562 538
549 538
540 529
533 527
534 529
527 526
523 517
518 513
517 519
505 519
497 512
491 509
491 512
483 508
479 500
475 498
479 506
474 509
481 509
495 514
520 527
537 533
555 531
571 535
590 548
595 554
602 552
611 556
624 563
627 564
632 558
633 557
635 564
621 563
611 555
604 553
605 556
595 552
590 543
584 540
584 546
570 545
559 538
552 535
550 537
540 532
535 524
527 520
524 525
510 524
500 517
494 515
496 518
486 514
481 505
476 502
475 508
460 507
451 500
448 498
458 505
466 508
483 506
499 511
521 526
529 532
540 532
554 537
571 546
577 547
586 543
597 549
602 554
595 556
592 551
588 550
587 550
578 546
573 537
568 535
567 540
554 540
545 533
542 533
539 533
529 528
523 519
517 518
513 522
497 521
487 513
485 510
482 513
473 504
469 499
469 497
462 503
449 497
440 495
438 493
435 496
429 488
427 484
431 484
433 493
435 492
447 498
470 504
491 516
506 516
523 519
542 524
553 537
555 537
559 539
570 541
576 546
575 540
574 537
574 536
569 542
556 536
549 534
551 534
548 536
542 528
538 524
539 523
531 528
517 522
507 519
505 517
502 520
492 510
485 505
483 503
476 509
462 502
452 500
449 496
445 497
436 489
430 484
428 483
420 488
406 482
399 481
404 481
414 490
421 486
439 490
466 499
487 517
500 520
515 526
537 532
556 543
562 540
574 540
587 544
591 554
584 549
582 549
585 547
586 550
580 542
579 539
582 539
578 546
566 540
559 538
560 536
558 539
550 531
545 527
544 526
536 531
523 525
515 523
516 523
513 525
506 516
502 512
503 513
496 519
482 512
474 509
475 509
473 511
468 504
471 502
486 507
501 521
513 524
531 531
556 538
574 547
587 546
600 549
616 554
622 564
620 561
623 562
632 567
634 567
627 559
622 554
622 558
616 560
602 553
595 551
597 555
595 553
588 544
584 542
583 546
575 546
559 538
551 536
549 537
543 534
532 523
526 519
524 524
516 525
500 518
491 514
492 517
489 514
480 505
475 501
475 506
473 509
473 508
482 512
505 523
520 530
540 529
557 534
578 547
583 553
590 552
597 554
610 561
613 561
618 556
617 553
619 560
606 558
595 551
587 548
587 549
577 546
573 537
569 534
567 539
553 539
543 532
534 529
534 532
524 529
517 518
510 515
508 519
495 519
485 512
476 508
475 510
469 510
462 498
454 493
451 498
437 498
431 492
431 493
444 500
453 503
472 503
491 509
513 523
522 531
533 531
544 535
560 543
566 545
573 538
576 538
581 545
572 545
564 539
558 537
560 540
552 537
549 528
546 526
546 532
534 532
526 525
520 524
522 526
513 522
508 513
502 510
501 516
488 516
479 509
473 506
474 509
466 505
463 498
459 495
458 501
445 500
436 493
432 491
436 496
436 495
446 494
459 495
480 510
492 519
506 520
522 526
544 537
555 540
567 537
578 540
589 550
586 553
585 548
586 549
590 552
583 549
580 540
577 538
578 545
566 544
558 537
554 536
556 538
548 534
543 526
536 522
533 527
519 526
508 518
506 516
501 517
492 509
486 503
486 502
478 508
464 502
454 499
453 497
451 500
443 492
440 488
444 487
448 497
451 496
463 503
485 509
506 519
520 519
536 521
555 526
563 537
563 536
567 538
578 540
583 546
580 540
579 536
582 535
577 541
565 536
558 534
559 533
559 537
553 530
551 526
552 526
546 533
532 528
525 526
524 525
521 527
513 519
508 514
509 514
504 521
490 516
482 513
483 511
481 515
475 508
472 505
473 503
470 511
464 507
470 510
489 516
510 528
522 525
541 529
563 536
576 550
579 549
587 552
601 555
613 563
614 557
617 555
623 556
620 563
606 556
597 553
594 551
589 552
581 543
576 538
575 538
567 543
552 536
543 532
542 530
538 532
529 524
522 518
522 518
514 523
499 516
491 514
490 512
486 512
479 504
475 500
474 499
466 505
454 499
448 497
456 499
464 504
475 503
492 507
517 515
534 530
541 529
553 534
572 540
585 548
593 545
601 547
613 551
616 560
610 556
607 555
609 559
604 556
595 546
590 542
590 547
581 547
565 540
557 537
557 539
552 536
542 527
534 522
531 526
522 525
506 518
497 516
496 517
492 515
484 507
480 505
480 511
471 510
458 503
451 502
452 505
449 501
441 492
439 489
447 498
454 503
460 506
473 510
498 521
514 528
533 525
547 528
564 540
568 546
574 544
581 547
594 554
595 556
595 548
594 545
594 550
582 551
572 543
563 539
564 541
557 539
553 530
547 527
546 532
532 532
523 526
515 523
513 524
503 520
497 510
491 506
489 511
474 510
464 503
457 501
458 504
450 501
446 492
440 489
439 494
427 494
417 488
412 486
412 488
408 486
414 481
425 484
444 497
453 505
467 506
484 512
507 524
519 527
533 523
544 526
559 537
558 541
559 538
560 537
565 541
559 539
556 530
550 526
548 531
534 531
525 524
519 522
519 525
509 521
504 511
498 508
496 515
481 514
469 505
461 503
461 504
452 501
446 490
439 487
437 493
424 493
415 486
410 485
411 488
403 483
402 477
396 474
395 480
382 480
375 474
377 475
391 482
402 485
421 487
436 489
457 504
468 513
477 512
489 515
506 523
512 524
521 520
527 522
533 531
525 532
522 529
517 524
520 527
514 524
513 517
511 515
513 522
503 522
495 515
495 514
493 516
487 509
483 503
483 502
476 507
463 502
455 500
454 499
451 502
443 493
439 489
441 488
436 495
423 490
416 488
416 487
415 489
412 483
414 480
425 483
437 496
446 499
461 505
484 513
503 523
516 523
531 526
550 532
560 544
561 542
566 544
577 547
582 552
580 546
578 542
580 541
575 548
564 542
557 541
557 539
556 541
550 533
546 528
547 527
539 533
524 527
515 525
513 523
510 525
500 516
493 510
493 508
486 514
471 507
462 504
462 503
458 504
451 497
447 493
447 493
442 499
430 494
428 494
439 497
453 505
465 504
484 509
507 516
522 529
529 529
540 533
557 538
572 545
579 542
588 542
599 545
600 554
593 549
588 548
588 546
585 547
575 538
571 534
570 534
563 540
549 533
541 531
541 529
538 531
529 522
522 517
520 516
512 522
496 515
486 512
484 510
480 510
472 501
466 497
464 496
456 501
442 495
433 492
433 490
430 491
422 483
418 479
420 479
420 488
420 486
430 490
452 500
472 506
487 505
506 510
527 522
540 530
545 530
555 533
571 541
581 544
584 539
588 537
593 545
588 546
574 540
567 538
567 541
565 538
558 530
553 527
554 532
546 533
532 526
524 524
523 527
519 524
509 514
503 510
501 515
493 517
478 508
469 504
469 507
463 505
459 496
455 493
454 499
445 502
434 493
428 491
429 493
426 492
429 486
438 487
455 499
464 507
479 508
496 515
519 526
533 531
548 528
562 532
578 543
580 549
584 546
587 548
596 553
593 552
592 544
588 542
587 547
575 548
567 542
560 541
561 544
555 542
551 532
547 529
546 534
532 534
522 525
514 523
514 524
505 520
499 511
494 507
492 513
479 513
469 506
462 504
462 506
454 503
451 494
447 492
447 499
438 500
437 495
446 498
467 508
482 513
501 512
519 517
541 530
549 536
559 536
570 540
586 548
592 550
600 544
604 545
610 553
600 554
592 547
587 545
588 548
579 544
575 535
569 532
569 539
555 538
545 531
537 528
536 530
525 527
519 518
508 513
503 518
486 517
475 509
467 507
466 509
458 506
456 499
449 494
448 501
436 501
429 495
425 492
428 495
423 492
424 485
429 486
444 497
451 505
466 507
486 514
511 525
528 530
545 528
561 533
578 546
580 551
586 549
597 552
604 558
602 552
602 548
603 546
599 553
586 548
578 545
578 543
577 546
570 539
567 534
567 533
560 538
546 532
536 528
534 526
529 528
519 519
514 514
512 511
505 518
491 513
481 510
480 508
477 510
470 502
465 498
465 496
459 502
446 497
438 495
440 495
445 499
451 496
466 499
490 505
508 520
519 524
535 530
559 539
574 546
584 544
596 545
611 548
617 560
614 558
614 558
618 558
617 561
612 553
607 548
607 547
600 553
588 548
580 546
581 546
577 546
568 537
563 533
563 531
554 537
538 529
527 526
526 525
519 525
510 516
504 511
504 511
497 516
483 510
476 507
476 505
473 507
464 497
461 495
461 494
454 499
441 494
436 493
445 495
457 502
469 501
487 505
511 514
528 528
537 530
550 535
570 541
584 548
590 545
599 546
611 550
613 559
605 554
601 552
603 551
600 552
592 543
586 539
586 538
579 544
564 538
556 536
555 534
550 536
541 527
535 522
533 522
523 526
507 518
497 515
495 518
490 515
480 505
474 501
472 505
464 506
450 500
441 496
441 498
438 495
430 486
425 482
425 487
419 488
410 483
413 485
430 495
447 499
460 498
479 504
501 517
515 525
519 525
529 529
544 536
554 538
557 533
559 532
566 541
558 540
546 534
540 532
542 535
536 532
534 524
531 521
534 530
521 529
513 522
506 521
509 525
502 522
498 513
493 510
492 515
480 515
471 507
463 505
465 508
458 505
457 498
454 495
456 502
446 503
440 496
436 495
440 498
436 497
434 488
433 486
440 494
439 498
448 498
462 504
487 515
504 521
524 520
540 525
558 537
562 543
568 541
575 544
586 550
587 550
588 543
586 541
588 547
577 549
570 542
566 541
570 543
564 541
562 532
557 530
557 536
544 535
534 528
527 527
527 529
518 525
513 515
508 513
506 518
492 518
483 510
478 509
479 512
473 508
469 500
465 497
465 503
453 504
446 497
440 494
444 498
440 495
446 490
456 493
475 508
485 515
500 518
518 524
542 536
556 540
571 538
582 541
597 552
598 556
600 553
603 554
609 558
604 556
602 549
596 545
595 551
581 551
574 544
570 542
571 544
563 540
559 531
554 528
551 534
535 533
524 525
516 523
515 525
506 520
499 510
493 508
491 513
477 512
468 505
467 503
463 506
455 497
451 493
451 491
446 498
433 492
429 491
436 493
449 501
460 499
479 503
502 510
519 524
528 528
539 532
556 536
569 545
575 542
584 541
593 543
597 555
584 546
577 544
577 542
575 545
568 537
564 533
566 532
561 539
547 532
540 530
539 528
536 530
528 521
523 517
521 515
512 520
497 514
487 512
486 510
482 512
474 503
470 499
471 497
465 503
452 498
444 495
443 494
442 496
434 488
430 484
432 484
432 492
430 490
439 494
460 501
481 511
497 511
516 515
538 522
550 535
554 536
563 541
574 543
583 549
583 543
585 542
588 541
583 548
570 541
564 539
566 538
564 540
558 532
556 528
557 528
550 534
536 528
528 526
528 524
524 525
516 517
511 512
510 512
503 518
489 511
480 508
480 506
479 509
472 500
468 497
469 497
463 503
451 497
444 495
447 495
450 499
456 497
466 499
488 507
505 521
515 524
531 530
553 537
570 546
580 543
591 544
606 552
607 558
602 555
600 553
604 558
601 555
593 546
589 542
592 548
585 548
573 542
566 541
569 543
565 540
557 531
552 528
551 532
542 533
527 526
519 523
519 525
515 522
508 513
503 509
502 515
493 515
480 508
473 506
474 509
472 506
465 498
464 495
472 504
479 510
485 511
500 516
525 528
541 534
560 533
577 538
597 552
599 556
605 554
611 557
624 564
624 563
625 556
622 552
622 559
609 558
599 550
590 548
591 551
583 548
580 539
575 536
574 540
559 540
550 533
540 530
539 532
530 528
524 518
517 515
515 520
501 520
491 514
483 510
484 513
476 509
472 500
467 497
466 503
454 503
447 496
445 496
457 503
466 506
483 505
502 511
526 526
538 534
550 534
565 540
586 549
595 552
607 549
616 550
627 560
624 564
620 559
616 557
618 559
609 555
604 546
600 544
600 550
586 550
578 543
572 541
573 544
564 540
559 531
553 528
552 534
537 533
527 525
520 523
522 526
514 523
510 513
506 511
505 519
492 517
483 511
477 509
479 512
473 511
468 500
468 499
477 510
482 516
494 516
512 523
538 535
555 540
572 538
588 543
606 556
611 562
617 559
626 562
638 569
637 567
639 559
637 558
635 564
620 561
610 554
604 552
605 554
597 551
592 542
587 540
585 546
570 544
559 537
555 535
549 536
539 527
533 522
531 519
523 525
508 519
499 517
497 515
494 517
486 509
482 505
482 503
476 508
463 503
456 501
462 502
472 509
483 509
502 512
528 520
546 535
557 537
571 543
590 548
606 558
614 555
624 555
637 558
642 568
636 565
631 564
632 562
628 563
619 555
613 550
612 548
605 554
591 547
582 545
581 543
576 545
566 536
560 531
558 529
549 534
532 527
521 524
519 522
514 524
505 516
500 512
499 510
493 516
479 509
471 508
470 506
467 508
459 500
455 496
456 495
453 504
448 500
454 505
473 510
494 520
511 520
532 525
556 532
572 545
577 545
587 549
604 553
615 559
620 556
625 555
633 556
629 562
616 556
607 553
606 552
602 553
594 544
589 540
589 539
582 545
567 539
557 536
556 534
551 535
541 526
534 521
532 520
523 525
507 518
498 516
498 514
494 516
486 506
482 503
483 503
476 509
463 503
455 500
456 499
454 501
447 493
443 490
445 491
444 498
443 496
452 500
474 511
494 517
512 517
531 522
554 536
566 543
570 543
579 546
594 554
603 555
605 550
606 548
610 554
603 555
588 547
579 544
578 547
573 544
564 535
559 531
557 535
548 535
532 527
523 525
520 527
514 523
502 513
494 508
492 513
480 511
464 504
455 502
455 504
446 501
442 492
438 490
438 495
427 496
420 490
415 489
417 492
411 489
409 481
408 480
412 486
410 492
411 486
422 490
446 501
464 508
485 508
503 513
525 526
532 533
543 536
549 535
562 542
565 543
569 538
571 537
573 543
562 543
554 536
549 534
552 537
545 534
543 526
539 523
539 529
527 529
517 523
510 520
509 523
501 519
496 510
490 506
488 512
474 511
464 504
458 502
459 505
452 502
449 492
445 491
446 498
434 498
427 491
422 489
425 493
420 491
420 483
421 483
432 493
438 500
452 501
472 508
499 520
516 526
535 524
551 529
569 541
573 547
579 545
586 547
597 554
596 552
597 545
594 543
594 549
582 549
573 542
568 540
570 542
564 540
558 529
553 527
552 534
538 534
527 527
520 525
520 527
511 524
504 513
496 510
494 516
481 516
472 509
466 506
467 508
461 504
456 495
452 494
452 500
439 499
431 492
427 491
431 495
428 492
435 488
448 492
469 507
480 515
497 517
520 524
541 534
554 534
570 536
586 539
595 551
595 549
596 550
604 551
606 556
599 547
595 543
595 542
588 548
575 542
566 540
565 538
562 541
554 532
549 528
547 525
540 532
525 525
513 522
510 520
505 522
495 512
490 508
490 505
483 512
470 506
461 503
461 502
458 504
452 496
448 492
448 491
443 497
430 492
423 490
425 490
429 494
435 492
449 494
473 501
491 516
503 519
518 525
540 531
556 540
566 538
578 539
592 542
596 552
591 549
588 549
589 547
587 549
580 542
575 538
575 537
568 542
557 538
547 534
546 533
542 535
533 526
528 521
526 520
518 525
502 518
490 514
488 513
483 514
473 504
468 499
467 498
460 504
446 498
437 495
437 494
434 496
428 488
423 483
423 483
417 489
405 483
400 481
407 483
418 490
431 489
449 493
473 501
492 517
502 518
516 524
536 529
550 537
557 533
565 534
576 537
575 545
566 540
560 538
562 538
559 538
552 531
548 526
550 527
544 533
531 527
523 524
523 527
520 525
512 516
507 512
505 517
496 516
482 509
473 508
473 510
470 508
463 499
459 496
460 502
454 502
441 496
435 493
437 497
435 495
430 487
427 484
428 490
427 493
425 491
435 495
459 506
480 513
498 513
520 520
540 531
551 538
555 538
563 541
577 549
580 550
584 543
585 542
587 547
577 549
569 542
564 540
566 543
560 540
559 532
556 529
557 535
545 536
536 529
528 526
528 529
520 526
515 516
510 512
509 517
496 518
487 511
480 509
480 512
474 510
471 501
467 499
467 504
455 504
448 498
442 496
445 499
442 497
448 492
459 495
480 509
492 518
509 520
527 527
551 538
565 542
580 539
592 543
607 554
607 558
608 554
609 554
615 559
609 556
605 547
600 544
599 550
586 549
577 541
571 539
572 542
564 539
560 530
554 526
552 531
538 531
528 522
521 520
521 520
513 516
509 506
504 502
504 507
490 505
485 501
476 496
477 499
467 496
462 487
457 485
456 493
444 495
438 490
442 494
458 503
472 507
492 508
512 516
535 532
545 542
557 544
571 551
589 561
596 562
606 558
614 561
623 571
615 572
610 565
606 563
606 565
596 560
592 550
587 548
586 553
574 552
566 543
559 540
558 541
547 536
542 528
535 527
531 532
516 531
505 522
501 520
496 522
488 513
483 508
483 506
477 511
464 505
455 503
454 500
451 503
444 494
441 490
442 488
439 497
434 493
441 497
461 502
483 513
502 514
523 518
548 524
566 539
574 540
583 544
600 549
611 555
616 552
622 551
630 552
628 560
616 554
607 551
605 549
602 551
593 542
589 538
590 537
584 544
570 539
560 535
558 533
554 535
544 526
538 520
536 519
527 524
512 518
502 515
501 515
498 517
489 508
485 504
486 503
480 509
467 503
460 502
460 499
458 503
452 496
451 492
458 495
465 506
471 507
486 514
511 521
534 532
550 532
569 536
591 542
603 554
606 554
613 556
627 559
634 565
634 559
633 556
635 554
627 560
612 553
601 549
600 547
595 548
585 539
580 535
579 534
570 540
555 533
544 530
543 528
538 530
528 520
522 515
520 514
512 520
497 514
488 512
487 510
484 512
476 503
471 499
471 499
463 504
450 497
442 495
444 495
449 500
454 496
469 499
493 507
511 522
522 524
538 530
561 541
578 545
588 543
600 545
614 555
619 560
616 557
616 557
620 561
618 559
609 549
603 545
602 549
592 549
577 541
569 539
568 542
564 539
555 530
549 526
546 531
538 531
522 523
513 520
511 522
505 519
495 510
490 507
485 510
477 510
462 504
454 502
455 505
448 503
444 494
442 492
440 496
428 498
420 491
414 490
418 493
418 492
431 490
448 494
474 509
490 519
509 521
530 528
555 540
570 545
587 543
601 546
617 557
618 562
620 558
621 559
626 562
621 560
618 552
611 547
611 553
597 552
589 546
582 544
582 546
574 543
569 534
565 531
563 536
550 536
539 529
532 527
532 530
525 527
521 518
515 514
515 521
502 521
493 514
487 512
487 515
480 512
476 503
471 500
471 507
459 507
452 500
453 501
468 509
480 513
501 512
522 518
548 534
560 542
575 543
590 549
611 559
621 561
633 558
643 560
655 571
651 574
648 569
645 568
646 570
634 566
626 554
619 551
616 556
600 555
589 547
580 543
580 546
568 541
562 532
555 529
552 534
537 534
528 527
522 524
524 529
515 524
513 516
509 515
509 521
497 521
487 513
482 511
483 515
475 510
471 501
465 498
464 504
451 504
445 498
448 499
464 508
477 511
496 510
516 517
539 532
548 539
560 538
578 543
593 552
600 550
611 550
624 553
629 563
624 560
620 559
621 557
619 560
612 552
609 548
610 547
605 553
592 547
584 545
584 544
580 546
573 541
564 532
561 529
551 534
532 526
518 522
512 519
505 520
492 511
485 505
485 506
474 509
461 503
453 501
454 501
454 504
448 496
447 492
450 491
447 499
437 495
431 493
437 494
446 501
456 499
475 503
501 511
520 526
532 529
548 534
568 540
583 549
591 546
601 547
613 550
618 561
610 555
606 554
608 553
604 555
594 546
588 541
587 539
581 546
567 540
559 538
560 537
558 540
551 532
547 527
548 526
542 532
528 526
520 524
520 523
517 525
509 517
505 512
506 512
500 518
487 512
480 511
479 509
477 511
469 502
464 497
463 497
454 502
439 495
429 492
427 490
426 493
424 487
433 487
454 494
470 508
482 511
499 518
524 525
543 534
556 533
570 536
587 542
595 552
595 550
597 552
605 553
606 556
601 548
600 545
603 546
598 551
586 546
579 544
579 547
575 544
565 535
558 529
554 533
543 533
525 525
513 521
510 522
503 518
493 508
486 504
486 509
479 510
466 503
461 502
464 506
463 504
457 496
455 494
457 499
452 501
441 496
435 494
439 498
443 498
448 494
463 498
483 511
500 520
511 523
528 529
549 539
560 543
572 539
583 542
591 549
588 553
585 548
582 548
584 551
576 548
573 538
570 536
570 541
559 542
553 535
547 534
549 537
543 535
540 526
536 523
536 529
523 529
513 522
506 519
506 522
498 519
495 511
490 508
490 514
480 515
473 509
469 509
472 512
467 509
466 501
465 499
467 506
457 507
452 501
449 500
456 506
460 507
472 504
487 507
509 520
518 528
531 528
543 531
560 539
566 541
575 535
581 537
589 546
582 548
577 542
572 540
573 543
564 540
557 529
551 525
548 530
532 529
521 522
512 519
510 521
500 517
494 508
487 504
484 510
469 509
459 503
450 500
450 503
443 501
438 492
433 490
433 497
421 497
413 490
408 487
410 488
402 483
397 474
392 471
391 476
379 476
373 471
375 474
392 482
405 486
427 487
448 494
474 510
484 516
496 516
508 520
525 528
530 528
535 523
539 523
543 531
533 532
528 526
526 525
530 528
527 526
527 518
526 517
528 524
516 524
509 518
508 517
505 520
497 511
493 507
492 504
485 511
472 505
464 503
463 502
461 504
455 498
451 493
453 493
448 499
436 495
428 493
429 492
428 495
423 487
424 485
436 488
447 500
456 502
471 509
495 516
516 527
531 527
546 529
564 534
573 545
574 544
575 545
582 546
585 550
579 543
576 538
577 537
571 544
559 538
551 536
552 535
550 537
543 529
539 525
539 523
533 530
520 524
512 522
512 521
509 523
502 515
498 510
498 509
492 517
476 509
467 506
467 505
465 508
458 500
455 496
457 496
455 505
445 499
448 501
465 506
485 516
504 516
527 521
554 530
573 544
582 546
594 550
612 555
623 562
628 558
634 556
642 557
641 566
628 559
620 556
619 555
616 557
609 549
609 550
608 545
602 551
588 545
580 543
580 542
575 543
565 534
558 528
555 527
546 533
530 525
519 521
518 519
514 521
505 512
500 509
499 508
492 514
478 507
470 505
470 504
468 506
466 499
473 500
491 506
506 520
518 523
536 529
562 541
583 547
596 546
611 549
629 560
638 566
637 564
640 565
649 570
650 569
644 561
640 557
638 562
629 562
614 554
606 552
607 554
603 552
595 543
589 539
587 544
578 543
561 536
551 533
549 535
543 531
534 523
528 518
527 524
520 525
507 519
499 517
499 520
491 517
487 509
478 504
475 508
460 508
449 500
444 498
453 503
462 506
481 506
501 511
527 526
542 535
557 537
574 543
595 554
606 557
619 553
630 555
643 565
640 569
638 563
635 563
638 565
630 563
625 553
620 550
620 555
607 556
598 549
590 546
589 548
579 544
573 535
566 530
562 535
546 534
535 527
526 524
525 526
515 523
510 513
505 510
506 517
495 518
486 511
480 509
480 511
471 508
467 499
461 496
460 502
448 503
444 498
449 500
467 510
482 516
502 515
524 522
548 537
559 546
571 546
584 550
602 559
608 560
617 555
622 556
629 564
621 565
615 558
611 557
613 560
605 557
603 549
600 546
601 553
588 553
578 545
568 541
565 543
555 538
548 530
540 527
536 531
522 531
512 524
506 522
507 525
499 522
498 516
493 512
493 520
480 519
472 512
467 510
467 513
459 509
454 499
449 497
448 503
437 503
433 498
439 499
457 508
470 512
490 511
509 518
530 532
537 537
547 537
562 541
573 548
577 544
582 542
591 543
590 551
579 547
571 544
569 542
565 544
558 537
555 532
556 531
550 537
538 531
529 528
528 527
524 529
514 519
509 514
508 513
500 519
485 513
475 510
473 507
469 509
462 502
459 498
459 496
454 503
443 498
435 496
435 494
432 497
426 489
422 485
425 484
423 493
417 489
422 491
441 496
461 507
478 508
497 511
519 518
534 532
539 532
547 535
560 539
569 545
571 539
574 537
580 537
576 546
561 538
554 536
556 536
555 539
549 531
546 527
548 526
545 535
530 527
521 525
519 523
516 525
508 516
504 512
503 510
496 516
482 510
474 508
475 507
473 509
466 500
463 497
465 497
460 504
448 498
440 496
441 495
440 498
435 490
436 488
446 491
456 503
465 505
482 512
508 519
529 530
544 529
561 532
581 539
592 551
593 550
598 551
610 554
615 558
612 552
610 548
611 548
604 554
591 548
584 546
585 545
581 547
573 538
570 535
570 535
562 541
547 533
539 531
538 533
534 530
524 521
518 516
517 521
508 521
494 514
486 512
486 515
482 512
476 504
473 501
473 507
467 507
454 500
448 499
450 503
450 501
450 494
460 496
480 509
497 519
512 523
528 528
553 539
574 545
588 544
605 552
619 559
627 565
628 563
632 565
640 570
637 569
634 560
630 557
630 562
616 562
607 554
599 551
600 555
593 553
590 543
584 539
582 544
568 543
557 536
548 533
546 535
536 530
530 520
524 517
522 522
508 522
498 515
491 513
492 516
484 514
480 505
476 501
476 507
464 508
455 501
448 499
448 501
442 499
442 492
447 493
461 504
469 511
484 512
504 520
530 532
546 538
564 536
580 540
598 552
601 557
606 555
612 557
623 563
623 563
625 556
623 554
622 559
610 559
601 551
594 549
596 552
586 548
582 539
577 536
575 542
562 542
550 534
543 530
541 532
531 529
525 519
517 515
514 520
500 519
489 512
483 510
482 513
474 509
470 500
467 498
468 505
455 505
449 500
442 496
443 499
437 497
433 488
429 486
431 494
426 497
433 497
444 499
467 509
482 514
504 514
523 520
542 533
547 539
555 537
564 540
579 548
580 547
584 540
584 539
587 547
574 546
564 539
558 536
557 539
549 534
546 527
540 524
539 530
525 528
515 521
512 519
506 521
496 512
490 507
488 504
480 509
465 503
454 500
450 496
445 500
437 491
432 487
431 484
425 490
412 485
403 484
403 483
398 484
391 476
386 471
387 470
382 477
370 472
365 471
373 472
385 480
397 479
414 482
436 487
451 501
458 503
468 507
483 511
493 517
498 514
506 512
515 514
515 522
506 517
501 516
503 516
503 519
498 512
496 508
500 508
497 516
485 511
477 508
477 507
474 509
467 501
463 497
463 497
455 502
441 496
433 494
433 493
430 496
423 487
419 483
423 485
416 490
403 484
395 482
396 481
395 484
390 476
387 472
387 471
383 478
375 473
376 474
391 479
406 487
418 485
434 488
454 494
465 506
467 505
473 508
486 511
496 517
498 512
502 512
508 513
506 520
496 516
491 515
494 514
493 517
489 509
488 507
491 508
486 515
475 509
467 507
469 506
467 508
459 499
454 494
455 494
449 500
436 495
428 493
428 490
426 492
421 484
418 481
417 481
411 487
400 481
393 480
395 483
393 481
387 473
387 471
397 480
405 486
408 486
418 489
437 499
453 504
464 501
476 503
491 513
499 519
500 517
505 519
517 527
523 527
523 521
526 519
530 527
526 528
515 523
510 521
514 524
514 523
508 515
505 512
506 518
500 519
488 513
480 511
480 514
474 513
469 501
464 498
463 503
451 504
442 497
435 494
436 497
430 495
427 486
423 482
424 487
413 488
406 482
400 479
401 481
396 479
397 472
401 472
411 482
413 488
421 487
431 492
448 501
456 504
466 499
476 501
490 512
490 517
493 515
497 517
507 523
509 523
512 516
511 515
513 522
503 523
498 517
495 517
500 521
495 519
495 511
494 509
497 516
488 518
480 511
476 509
483 515
475 510
472 501
468 499
469 505
460 506
453 500
449 499
451 502
445 499
443 490
442 489
442 496
431 497
424 489
420 486
424 489
423 489
428 484
434 485
448 497
452 504
459 503
467 508
481 514
485 514
495 511
500 512
510 523
507 526
510 523
513 525
518 527
516 526
516 517
516 516
520 524
511 525
505 520
503 519
508 523
504 520
504 513
502 512
504 519
491 518
484 512
480 510
482 515
475 510
469 497
466 496
466 503
454 504
446 496
444 496
446 496
443 495
440 487
435 485
436 492
424 491
418 485
417 484
419 488
419 482
429 482
445 488
454 502
455 501
459 501
473 506
483 513
488 510
494 509
506 512
510 520
508 520
507 520
513 521
516 526
512 518
515 518
517 516
517 525
508 520
504 519
506 517
509 523
503 515
500 510
505 511
500 517
490 513
484 511
485 510
483 510
477 503
476 500
477 499
472 505
462 500
456 500
459 499
460 503
453 494
450 491
453 490
448 496
438 493
430 490
432 490
437 494
444 494
451 492
465 496
472 506
473 505
479 509
493 513
502 519
507 515
515 515
527 520
530 530
526 528
528 531
533 529
537 533
533 526
534 525
539 525
538 532
529 526
527 527
529 525
529 527
523 519
522 515
526 517
519 524
508 519
501 516
505 516
504 518
500 511
495 507
498 508
494 514
482 509
476 507
480 506
479 508
470 497
468 495
467 494
461 500
447 494
443 493
442 492
443 496
437 487
437 484
449 489
455 499
456 500
462 501
479 506
489 512
496 510
506 513
518 517
523 527
519 523
524 526
535 532
541 532
540 524
543 523
547 530
544 534
532 527
528 526
533 530
535 530
530 522
528 519
530 525
525 526
513 520
507 519
509 522
506 520
500 511
496 507
499 515
488 512
475 505
469 503
473 508
469 504
462 495
458 492
460 498
454 499
442 494
437 492
441 497
434 493
433 484
430 482
432 489
425 491
427 488
433 490
449 499
457 503
466 498
476 500
490 511
490 516
493 514
496 516
509 522
511 523
514 516
516 516
520 523
511 524
506 518
501 517
505 521
502 522
499 510
497 509
501 516
492 519
485 512
480 510
484 512
479 509
477 501
473 497
474 502
464 503
458 497
453 496
457 499
452 497
451 488
449 487
451 495
440 495
434 489
432 488
437 492
433 490
432 482
428 479
430 486
424 489
423 486
426 487
440 494
446 496
455 491
464 494
476 505
475 508
478 506
485 508
498 515
500 515
504 508
508 508
516 516
510 517
506 511
506 509
513 511
512 508
515 500
517 498
522 503
514 502
511 496
506 492
507 495
498 493
493 486
488 485
487 493
473 494
465 489
460 487
461 490
454 488
451 481
445 480
444 488
430 489
421 484
413 485
413 491
405 490
401 485
397 486
398 495
389 497
388 493
394 495
409 503
416 504
427 502
432 500
443 510
441 514
443 511
453 514
461 519
463 513
467 511
476 513
479 525
467 516
463 519
466 521
471 526
470 518
473 510
480 504
482 506
476 496
475 491
481 486
483 485
479 475
477 469
478 468
472 475
460 471
451 470
450 472
446 478
437 473
432 474
431 476
424 486
412 483
404 484
405 485
404 490
400 483
397 480
399 481
395 488
386 484
383 484
393 486
403 492
409 488
419 489
434 493
440 504
439 502
442 503
453 505
462 510
465 505
468 502
475 504
476 512
470 509
467 509
472 509
473 512
470 504
471 502
477 503
474 510
465 505
461 505
467 505
469 508
464 501
463 497
465 497
463 504
452 499
448 499
450 498
450 500
446 492
445 490
448 490
443 497
433 492
429 492
435 492
435 495
430 487
429 483
433 484
431 491
423 487
424 488
436 491
447 498
453 494
461 495
473 499
476 509
474 507
478 509
489 511
494 516
494 510
498 510
505 512
505 521
496 517
493 516
498 515
500 519
496 511
494 509
498 510
495 517
487 512
483 511
487 515
486 513
482 505
480 502
484 509
479 510
467 504
462 503
466 506
465 506
459 498
456 494
458 500
454 502
444 497
439 495
443 499
442 496
438 489
436 487
438 493
433 495
425 490
424 491
439 499
446 499
451 495
459 496
471 506
475 512
472 510
475 511
488 519
487 517
493 511
496 510
503 519
496 521
494 516
493 516
499 520
494 518
493 510
493 507
497 514
489 517
483 511
481 510
486 513
483 512
483 504
480 502
481 508
471 510
467 504
463 504
467 509
462 505
460 496
459 494
461 501
452 503
445 496
443 495
448 498
444 497
442 489
439 486
441 493
432 494
427 489
425 490
432 494
434 494
444 490
453 493
465 504
464 508
467 505
471 507
483 514
485 514
488 508
492 507
499 516
494 519
491 514
490 514
496 518
493 516
493 509
492 508
494 515
485 517
481 512
481 511
487 516
483 513
481 504
480 503
484 510
474 511
468 505
465 504
469 507
465 505
464 497
462 496
463 502
456 506
448 498
446 497
451 503
446 500
446 493
443 491
445 498
436 499
430 492
429 491
435 496
435 494
438 488
445 490
457 501
460 507
465 505
472 508
484 514
486 513
491 508
495 509
502 518
496 520
495 515
498 516
505 521
502 519
501 511
500 509
504 518
496 519
492 513
495 513
497 517
494 510
493 507
497 507
493 514
483 509
479 509
482 509
483 513
477 505
475 501
479 499
477 508
467 503
461 502
464 501
465 505
461 498
460 495
463 495
460 502
450 497
447 497
451 497
451 500
446 493
447 490
457 492
463 504
463 503
468 506
482 509
493 516
498 512
503 511
512 513
515 522
511 520
511 522
518 523
521 527
518 520
519 518
525 519
522 527
513 522
509 521
515 521
518 526
515 518
514 516
516 516
514 525
503 519
498 518
501 517
501 520
497 513
496 510
498 509
494 517
484 512
480 512
483 510
484 514
478 506
477 503
481 503
479 510
469 506
463 503
467 502
468 505
465 500
467 498
477 501
483 511
484 510
491 514
505 517
513 523
515 517
521 517
531 520
532 529
526 526
525 526
532 527
535 531
532 525
531 522
535 523
533 530
525 525
523 525
528 525
528 528
524 520
523 518
527 519
522 526
511 521
506 520
510 520
510 522
504 514
501 510
502 511
498 518
488 512
484 511
487 514
486 513
481 504
480 503
482 509
476 510
466 504
463 504
468 508
469 507
468 501
474 502
488 512
494 518
495 517
501 519
514 526
522 527
525 522
530 521
538 529
538 532
531 527
531 527
539 534
537 530
531 522
530 519
535 527
531 530
520 524
517 523
523 528
519 525
518 517
517 515
519 521
510 522
504 516
501 515
505 518
501 516
500 507
499 504
503 511
495 512
491 505
489 504
495 509
492 507
493 500
491 498
494 505
487 507
483 502
485 503
496 509
501 510
511 506
520 509
533 520
531 525
533 523
537 525
548 532
547 533
550 527
551 526
557 535
549 537
545 532
543 531
549 536
546 536
547 530
547 530
550 538
537 540
530 540
529 546
535 552
530 549
529 541
526 539
526 544
516 544
509 538
505 536
507 539
501 535
498 526
495 525
495 531
485 532
478 525
475 524
479 527
473 523
474 515
480 515
493 526
494 529
497 525
504 526
518 532
522 531
528 525
533 525
541 533
539 536
539 532
542 532
551 537
549 535
551 527
552 526
557 534
551 536
547 529
548 530
555 534
554 533
553 526
553 525
557 532
547 533
543 527
542 526
546 528
541 526
541 518
539 518
540 525
529 526
523 520
522 520
526 524
520 521
517 512
516 510
519 519
513 521
513 517
524 520
536 528
543 526
553 528
567 531
574 542
574 542
578 545
590 549
596 557
597 553
600 554
609 557
608 568
600 567
595 566
600 566
603 568
601 560
602 555
607 554
605 559
597 554
593 552
597 551
595 553
589 545
587 541
590 541
585 548
573 542
566 541
568 539
569 543
561 535
557 530
559 528
555 534
544 530
537 528
539 527
538 529
537 522
542 520
553 524
560 534
560 532
567 534
583 538
598 543
607 538
613 533
625 534
631 544
628 543
629 544
635 546
638 552
636 550
627 543
625 548
618 561
607 560
604 560
612 559
613 559
608 547
608 541
612 538
607 543
594 537
586 534
587 534
585 536
575 528
569 526
568 527
560 535
546 530
538 531
538 531
535 534
527 526
523 523
524 524
519 530
507 525
505 525
516 527
528 534
533 529
542 530
556 534
564 546
565 544
571 548
584 551
592 556
596 551
603 551
613 554
612 563
604 558
602 557
609 556
611 558
609 548
611 542
621 541
624 541
617 524
618 521
625 521
625 515
620 504
616 499
613 510
595 513
575 511
562 515
561 528
560 534
549 527
544 527
544 535
538 539
522 534
515 532
517 535
518 534
518 527
522 525
534 532
541 535
543 533
551 537
565 547
572 549
575 546
583 549
595 561
597 568
593 567
595 570
607 578
606 576
608 570
608 566
612 570
605 569
604 559
605 552
614 546
613 535
614 522
614 515
618 518
608 518
599 512
591 509
590 514
581 514
572 506
563 505
559 514
545 517
534 512
525 513
523 517
514 515
510 509
504 507
503 515
491 516
487 511
491 514
505 523
513 526
524 522
537 525
553 535
557 541
564 540