777 777
779 781
778 779
779 779
778 779
778 779
778 781
777 777
779 778
780 781
778 780
779 779
779 777
780 782
778 782
778 778
779 779
779 780
780 782
780 776
779 774
778 781
778 781
777 779
778 779
781 782
777 780
779 775
780 773
782 779
777 775
778 770
778 771
781 780
780 776
778 771
780 770
781 784
778 774
777 774
778 775
780 777
780 774
778 754
778 758
778 757
778 746
779 748
778 732
779 738
780 718
776 707
780 705
780 705
778 694
779 687
780 679
780 682
779 662
778 662
779 646
779 650
779 640
778 625
778 628
780 617
779 603
777 597
780 580
781 592
779 576
779 570
777 567
779 559
777 558
780 551
778 558
779 573
778 569
778 574
779 580
780 591
777 586
778 583
782 586
781 596
778 592
779 587
780 578
780 586
777 575
777 570
779 567
779 572
775 561
776 560
779 559
779 561
778 559
774 545
780 549
780 551
773 543
768 547
763 534
773 547
760 525
748 520
744 523
724 523
718 528
709 520
703 514
689 518
670 500
667 499
669 501
671 516
665 517
657 517
681 532
690 542
696 543
697 549
703 546
715 569
709 562
705 566
701 565
693 561
691 559
681 549
687 551
676 559
650 544
649 548
644 544
657 552
637 541
632 543
627 536
630 551
627 543
615 537
616 536
607 537
599 532
600 525
595 526
592 527
566 514
562 515
569 521
561 516
553 510
538 494
550 509
550 509
544 511
557 525
569 528
596 550
606 543
616 552
629 571
631 567
644 580
644 575
648 579
644 578
626 561
631 566
637 572
634 571
617 564
602 554
612 564
611 565
609 555
602 551
598 550
597 558
590 549
588 550
586 553
575 538
571 536
562 530
572 537
552 537
541 522
534 517
534 520
532 518
520 507
510 504
509 503
506 510
514 505
514 508
535 529
542 527
566 545
589 549
605 563
608 572
606 568
625 585
635 586
631 587
631 579
622 570
632 583
623 583
612 576
607 574
601 568
608 577
600 562
599 558
595 568
580 558
587 564
584 558
584 556
569 553
559 534
565 542
569 544
556 542
540 528
522 518
530 525
521 520
523 508
510 501
504 499
494 502
491 500
496 502
503 506
502 504
519 515
538 528
568 549
572 556
586 555
593 567
612 580
620 586
616 580
618 582
622 580
616 585
614 579
601 574
599 581
589 567
594 567
595 558
591 562
581 568
568 552
583 566
587 561
575 555
566 543
553 535
563 549
556 545
544 535
528 524
525 520
520 519
517 510
513 507
511 515
488 502
489 501
483 495
487 499
475 494
468 477
483 492
505 507
516 520
523 525
539 530
566 550
575 558
594 559
602 562
600 571
598 569
598 572
611 570
603 571
591 560
583 554
589 560
595 564
579 553
570 546
567 547
573 557
572 550
564 541
569 539
558 542
556 542
548 539
541 535
540 539
524 518
529 521
527 511
516 518
499 513
485 499
501 508
499 503
486 492
476 489
472 476
487 503
495 502
503 508
519 517
527 524
549 534
568 545
589 553
593 565
582 555
588 566
595 567
599 572
586 561
574 546
582 550
578 556
570 551
556 546
559 538
563 550
556 540
561 538
557 536
550 543
541 536
538 537
547 534
535 535
523 526
516 513
522 522
525 521
503 511
496 506
488 501
496 514
492 497
481 488
485 487
484 496
492 503
504 512
522 523
545 540
551 538
580 557
597 559
604 579
599 579
594 568
608 580
617 579
603 567
589 566
585 553
594 570
584 558
575 556
576 552
561 548
567 548
567 543
575 543
564 547
545 534
542 535
541 533
547 536
530 521
517 508
518 507
516 517
509 514
496 505
498 499
494 503
483 492
484 487
478 490
476 491
466 487
480 494
505 509
521 526
533 533
551 534
582 561
601 568
597 568
597 576
600 572
619 588
617 572
605 567
604 571
591 566
593 575
590 568
588 564
578 561
566 545
566 545
576 554
571 554
558 543
543 533
554 545
555 542
545 530
531 526
527 519
523 527
519 517
508 514
501 512
484 500
488 495
485 491
488 497
474 496
456 480
459 483
461 487
472 489
472 482
480 493
506 506
524 531
548 537
559 544
578 555
582 561
595 569
607 570
609 575
602 573
592 566
595 570
598 572
581 564
578 554
568 545
582 564
574 562
561 554
553 551
551 541
558 552
556 536
548 531
543 540
529 533
536 540
529 527
527 525
511 521
497 502
500 506
506 509
493 506
481 496
466 486
474 491
469 492
473 483
462 476
455 474
455 482
461 481
471 490
488 502
499 502
523 518
543 532
574 554
573 563
581 557
588 564
600 573
604 575
597 566
589 564
590 563
582 570
582 560
571 553
569 561
558 548
563 555
568 546
564 550
554 549
538 537
551 550
552 544
535 531
526 519
521 515
527 526
520 526
506 515
496 506
486 499
489 509
482 494
475 494
474 503
462 492
464 494
465 487
467 487
450 484
443 467
461 477
475 490
486 504
498 509
510 512
542 537
555 546
578 550
585 552
585 562
582 559
585 566
596 567
587 563
573 546
568 545
572 550
576 555
558 545
555 536
554 541
558 547
555 541
544 533
552 532
539 534
535 533
531 529
524 524
517 529
505 509
507 516
510 507
497 509
484 507
468 490
485 504
480 497
466 484
456 478
450 469
458 488
452 479
446 475
450 478
455 483
474 489
497 505
527 518
542 534
543 532
559 549
576 553
584 566
575 558
569 543
580 553
579 560
569 554
554 548
553 537
555 544
545 535
549 533
548 530
537 537
531 529
528 530
541 531
531 530
521 525
513 510
521 519
524 520
503 509
495 504
486 497
495 510
488 497
478 486
479 484
468 486
465 487
461 485
459 481
461 486
453 476
478 493
497 499
512 522
524 530
534 530
564 552
585 559
585 558
582 563
587 555
600 576
594 568
585 564
582 560
567 553
569 551
566 547
574 547
563 551
540 532
541 537
548 540
560 543
545 529
532 520
539 521
536 532
524 529
511 522
509 515
505 521
497 514
501 510
494 509
490 506
473 494
470 491
477 495
467 489
457 483
460 476
483 499
505 510
508 512
529 534
549 542
582 568
594 560
597 563
606 574
599 572
605 581
605 576
606 575
595 572
587 563
581 555
592 566
586 564
571 553
556 544
568 555
568 552
562 544
551 540
549 533
546 544
542 533
535 530
528 531
512 517
516 513
508 507
513 513
494 511
475 495
476 496
473 497
476 496
464 482
456 480
459 481
456 490
467 489
471 492
495 505
506 518
536 534
562 545
580 561
588 568
589 568
602 578
613 588
604 582
607 575
594 564
607 579
598 575
583 566
573 565
573 555
575 566
573 548
568 545
566 556
551 543
561 550
555 540
553 542
539 537
522 518
528 524
532 527
521 526
503 514
489 500
495 506
488 507
489 494
476 489
470 486
465 491
461 484
458 484
457 484
450 472
461 481
474 490
508 513
514 526
536 526
553 544
578 561
592 568
592 565
594 569
602 571
597 580
600 571
588 565
586 572
573 557
570 553
575 547
571 551
561 551
545 538
559 553
563 551
549 542
543 531
535 524
542 536
535 537
526 526
519 521
511 515
509 518
498 500
497 501
492 506
474 491
474 493
471 486
472 488
452 479
440 462
452 471
456 474
453 478
456 478
463 481
496 504
512 519
541 527
557 534
565 549
571 553
579 564
598 568
595 570
585 558
580 556
588 565
590 569
570 558
563 549
563 550
566 557
563 553
552 542
562 539
554 545
553 547
551 543
546 541
544 548
535 528
537 535
542 525
530 529
512 524
494 507
513 519
507 511
491 500
480 495
473 484
480 504
476 494
471 494
477 496
484 501
502 510
527 526
556 537
569 554
570 552
583 565
598 570
606 580
599 571
590 557
602 566
596 571
588 567
571 556
570 544
569 552
560 544
564 542
560 540
550 543
544 535
540 536
548 537
539 532
526 529
516 516
524 523
524 523
503 511
493 507
483 499
491 513
487 500
477 490
476 487
465 490
464 491
465 493
470 493
484 503
490 497
522 522
549 533
566 556
571 558
575 555
598 575
609 578
606 573
596 570
597 559
606 577
596 566
587 562
580 555
565 546
569 548
567 545
576 545
565 548
547 533
544 534
546 536
555 538
536 527
523 515
528 517
529 531
518 523
503 512
500 504
494 510
482 500
483 494
474 492
471 488
453 479
456 485
473 495
481 503
493 512
511 511
545 542
569 554
568 555
576 566
584 565
603 579
601 565
593 561
595 568
583 560
585 567
579 560
576 558
564 554
549 537
551 537
559 545
556 546
542 534
526 526
536 537
535 534
526 526
518 520
512 510
507 520
499 509
492 504
484 505
467 490
468 485
462 476
465 483
446 482
429 467
435 470
446 479
464 490
472 486
487 500
509 513
525 534
542 538
543 540
555 545
547 545
554 550
560 542
558 544
545 541
531 532
533 535
536 535
521 526
517 518
505 508
519 523
507 520
492 511
487 508
483 498
485 507
479 491
471 487
464 493
446 479
451 484
445 471
440 469
424 464
406 442
410 449
414 451
401 450
390 441
383 435
403 448
411 458
431 460
437 462
446 472
454 485
461 488
466 493
471 493
462 483
462 484
461 481
470 490
451 485
446 473
436 472
443 475
442 475
433 464
428 463
427 462
426 470
418 454
411 451
410 460
398 448
405 451
402 438
396 439
386 441
367 426
376 440
383 436
370 427
361 416
352 408
363 420
363 425
361 423
368 428
374 431
393 446
403 442
409 447
416 459
404 453
415 458
416 456
423 459
410 458
400 439
409 446
413 451
406 453
397 447
390 436
402 449
395 446
405 438
405 436
397 442
387 436
386 438
397 439
389 436
377 424
372 422
379 429
383 434
366 424
360 419
358 419
362 425
360 419
356 414
370 419
368 426
378 433
388 438
394 443
402 456
398 444
413 454
421 448
418 459
408 458
397 449
418 463
419 457
408 446
404 442
398 434
410 458
407 451
400 448
400 446
393 444
396 443
401 442
408 443
403 448
381 428
383 433
383 435
392 440
380 432
371 417
385 425
379 431
372 428
361 420
364 418
371 426
377 422
394 430
399 436
400 450
402 452
409 456
428 460
426 461
420 459
416 453
430 462
436 464
419 455
418 453
412 453
423 468
421 457
414 449
421 450
415 455
412 457
412 458
413 454
416 461
403 444
417 451
417 449
415 455
402 453
388 443
404 451
404 449
396 435
386 430
381 423
397 442
390 432
382 428
383 429
372 423
386 432
400 434
418 439
420 452
411 446
419 460
429 465
443 468
433 457
425 451
435 457
434 473
431 467
423 462
428 455
429 464
424 459
432 460
430 467
429 468
415 458
421 464
432 470
426 468
419 463
415 453
428 465
429 459
412 453
407 458
404 457
416 464
411 446
407 442
410 448
397 443
403 454
400 446
405 445
410 448
407 441
423 450
439 468
450 478
446 472
436 466
454 481
454 483
453 475
449 471
446 465
450 478
446 472
442 474
441 477
430 467
443 470
443 468
451 475
440 478
429 464
431 473
438 476
442 471
436 460
432 460
433 467
437 480
431 465
425 460
430 463
417 460
423 461
429 457
426 457
416 453
405 447
411 453
419 460
416 459
431 460
430 456
456 480
456 485
453 484
457 490
458 490
468 500
471 484
467 483
469 495
455 489
467 498
467 488
471 490
465 490
452 472
464 490
475 495
469 491
462 483
452 476
461 486
460 492
466 482
461 475
457 476
458 485
454 485
453 484
455 483
446 468
451 471
446 468
456 478
439 477
430 465
425 463
437 473
439 470
434 462
431 461
432 468
433 472
440 467
445 473
458 489
458 486
475 497
488 497
492 500
488 507
474 497
490 515
497 517
490 507
490 498
485 492
496 507
490 511
485 505
486 504
483 500
494 510
491 501
489 499
495 510
481 501
488 502
485 498
490 504
479 501
471 484
486 491
493 499
482 499
473 492
461 483
469 500
466 495
472 482
471 478
461 482
451 481
453 488
462 486
458 483
450 469
449 468
456 476
463 487
457 479
463 479
472 491
489 504
496 504
497 506
511 511
506 513
507 519
510 518
508 521
511 529
502 516
513 522
521 513
517 523
506 522
493 516
517 532
521 525
511 515
511 514
505 506
516 530
512 523
507 517
507 515
500 513
502 507
504 511
511 510
506 514
487 499
492 505
491 508
493 512
484 501
476 485
489 495
487 501
481 496
469 494
469 485
473 496
468 486
476 482
473 481
467 487
461 493
473 497
496 502
501 509
503 509
506 509
525 527
537 532
523 525
526 525
524 525
537 542
536 533
532 524
540 523
536 527
532 530
531 533
532 533
539 538
526 522
537 529
544 528
534 533
527 532
514 524
532 535
530 534
519 522
513 522
506 515
516 538
510 526
505 522
506 522
496 514
499 519
502 512
510 507
502 509
484 496
478 498
486 502
491 506
482 489
473 478
495 495
497 505
502 511
503 513
520 512
531 529
532 525
542 526
546 537
546 540
533 534
538 539
553 550
545 545
538 541
532 534
548 550
550 548
534 543
532 550
535 548
551 560
552 543
547 533
551 543
537 536
541 542
539 538
542 536
540 532
529 514
532 515
540 527
533 528
522 520
505 508
523 522
514 516
508 505
504 501
498 498
500 509
494 502
491 501
492 505
483 500
503 509
512 511
531 524
529 534
528 527
537 539
551 549
561 547
560 538
558 540
563 548
566 562
568 553
560 548
564 548
556 546
560 549
568 547
568 549
564 547
555 543
560 547
568 555
554 548
560 546
549 534
563 552
556 547
542 543
537 543
531 540
539 546
537 526
530 520
527 528
508 522
519 535
517 523
513 517
505 516
493 498
500 511
515 519
513 520
518 520
521 521
542 538
551 551
565 549
571 548
575 552
580 565
581 564
583 565
587 571
575 550
583 554
584 555
594 566
579 566
571 554
570 556
580 562
583 558
576 552
573 553
575 559
576 564
576 553
566 551
566 558
552 550
559 551
560 543
553 540
543 538
525 528
535 540
536 538
527 527
525 519
518 510
525 521
514 524
502 515
505 515
501 510
521 522
527 518
537 527
550 544
552 549
563 550
580 560
591 570
584 573
583 561
597 572
606 577
598 577
590 571
580 565
591 581
586 575
594 565
595 563
585 567
578 562
580 568
589 567
586 566
576 551
574 553
579 558
583 563
563 552
560 544
557 546
557 548
552 539
543 535
546 534
536 532
531 531
528 524
521 524
518 532
507 515
514 519
520 507
515 517
509 521
507 520
541 543
557 546
560 542
568 550
574 551
591 579
593 575
593 572
598 572
595 569
594 566
599 566
605 568
602 573
585 559
589 566
590 567
595 571
587 563
580 548
594 560
592 566
582 563
572 559
570 552
576 558
565 548
568 541
565 540
553 545
541 542
540 540
546 533
537 533
526 525
517 517
525 525
527 527
508 514
506 508
498 504
504 518
503 510
505 505
520 509
526 522
531 523
546 539
561 548
578 561
573 551
592 564
603 562
603 573
593 575
584 565
602 575
605 573
598 567
590 567
589 562
600 578
595 569
587 565
587 566
573 560
577 564
580 558
587 554
580 559
559 546
559 559
558 554
564 554
549 538
539 525
543 529
541 542
531 532
519 524
523 515
521 522
512 509
515 508
510 512
508 512
490 501
493 502
507 509
508 516
515 520
524 518
551 542
566 547
562 549
569 562
575 566
597 580
598 566
595 562
599 572
586 569
589 581
587 573
590 570
587 568
574 553
580 556
590 563
588 567
578 559
566 551
577 560
576 560
573 549
565 547
558 539
558 548
550 540
543 539
541 539
524 527
530 524
527 518
532 524
514 522
500 509
501 514
502 512
504 505
495 495
486 492
486 497
485 506
492 498
491 500
510 512
509 518
532 532
554 537
568 548
569 555
568 554
580 564
594 573
583 564
589 562
584 556
598 569
589 571
579 564
577 565
574 558
584 567
581 552
577 552
579 565
563 559
573 562
571 554
572 556
558 553
544 533
552 544
555 543
543 538
532 528
516 519
527 529
518 529
521 515
512 505
508 507
494 509
493 508
492 505
495 503
489 495
503 506
500 504
521 520
517 526
529 527
539 544
566 553
576 561
579 560
582 565
590 567
588 575
590 563
581 562
585 572
575 566
582 566
587 554
587 560
576 566
560 552
576 567
582 564
573 553
566 543
557 533
565 551
556 551
549 543
543 538
539 530
537 532
535 527
533 522
530 528
511 516
514 518
506 508
511 513
500 514
487 492
500 502
513 512
517 521
519 523
530 528
555 546
563 553
582 552
589 558
589 569
585 570
590 572
603 570
598 571
590 564
586 558
598 568
601 569
585 560
580 555
577 556
584 567
582 558
576 551
582 549
572 551
568 547
564 547
558 546
555 551
539 530
549 534
548 526
537 532
523 527
506 518
518 524
520 517
506 505
497 504
493 493
505 515
503 508
505 510
517 516
521 524
541 537
558 544
583 552
586 566
581 560
586 567
597 573
611 581
603 572
593 562
605 568
602 580
595 574
586 568
591 559
590 569
584 560
587 557
586 556
586 566
570 555
569 556
575 553
567 555
556 550
546 536
556 539
553 538
535 530
525 531
515 516
528 534
520 513
511 505
510 503
498 505
495 511
491 506
496 504
498 510
498 503
516 510
541 528
560 550
566 554
567 554
593 568
601 576
602 570
598 569
600 563
611 579
604 572
601 573
599 568
593 567
598 567
592 561
603 561
593 570
576 559
573 561
575 558
585 559
570 547
560 545
559 539
561 553
554 543
539 532
542 531
531 527
527 528
529 518
523 518
518 513
500 506
501 510
505 511
497 506
494 500
483 488
500 503
504 508
500 510
511 522
527 528
553 547
565 543
572 548
582 565
583 564
593 573
594 571
599 574
596 574
579 558
588 566
596 569
593 567
576 557
560 548
572 559
571 559
574 550
565 544
563 545
556 549
553 548
551 544
548 543
537 528
536 525
528 521
536 527
517 522
509 508
497 508
505 511
503 510
492 498
486 496
487 496
481 503
477 492
467 489
467 496
458 487
473 493
485 488
498 502
505 521
508 517
539 545
559 550
562 551
567 550
565 545
582 564
582 568
578 562
573 558
572 556
573 557
573 551
572 550
574 557
557 548
565 548
559 546
563 549
549 545
542 528
547 534
552 539
538 535
523 528
510 519
523 529
512 524
515 512
501 506
497 510
484 513
484 507
489 503
486 501
478 499
469 484
472 492
484 497
474 494
480 489
480 497
512 522
528 529
537 528
556 535
570 549
572 559
579 560
575 563
585 570
573 560
586 562
580 553
580 560
567 564
555 548
563 558
574 554
563 551
554 547
549 537
564 554
555 548
548 540
540 536
527 529
529 535
525 523
532 520
521 518
500 508
493 504
492 507
505 514
491 506
480 486
482 489
485 500
477 502
468 493
479 488
486 505
494 510
516 514
530 524
547 544
548 544
561 553
579 562
582 569
580 568
580 558
595 567
601 571
586 563
578 568
573 557
587 574
581 558
571 548
572 546
560 548
564 557
562 551
568 552
552 548
543 537
545 533
549 534
542 539
528 530
509 518
517 519
511 522
503 512
494 504
488 490
494 506
483 498
476 495
470 491
462 486
465 483
466 478
482 484
487 499
487 500
506 514
528 527
555 542
557 542
565 547
578 550
589 569
589 564
581 562
589 559
581 562
584 565
587 559
585 554
582 558
565 549
568 557
572 554
567 555
556 541
548 531
555 533
557 543
541 536
535 535
527 524
529 533
518 516
509 513
502 514
491 513
495 518
492 508
491 504
483 506
466 486
471 492
477 486
475 490
460 477
447 468
461 479
471 491
489 493
499 498
518 507
537 531
549 542
562 551
574 555
576 553
576 556
580 558
593 559
586 566
585 560
567 553
581 556
581 559
566 550
565 550
565 542
567 554
560 544
546 540
547 547
542 539
545 541
545 526
538 529
530 532
507 516
516 529
515 522
507 510
492 498
479 488
485 501
485 501
472 493
463 486
458 479
459 482
457 477
455 471
455 476
445 471
454 478
464 485
485 499
496 511
504 505
527 524
549 540
560 551
554 550
554 548
570 559
569 558
572 550
565 547
562 552
553 552
551 547
554 544
551 544
544 543
537 528
542 540
554 540
539 536
534 527
519 520
533 535
524 526
516 511
509 507
505 507
498 510
491 504
480 501
482 502
465 490
476 490
469 480
467 487
453 488
438 469
445 476
457 479
455 480
456 481
467 483
501 513
513 524
524 527
530 532
532 533
548 549
552 542
562 540
562 549
547 545
545 540
542 538
558 548
544 538
535 521
537 523
543 538
536 538
528 527
526 519
529 530
524 529
524 522
515 520
520 527
502 520
502 514
499 511
494 513
486 513
474 489
479 494
485 491
467 490
459 487
446 478
466 493
462 481
456 469
458 478
465 487
484 516
498 512
514 520
531 534
532 533
548 537
560 543
574 555
568 556
555 546
558 549
565 555
563 551
556 542
544 529
558 544
549 545
544 538
537 536
538 533
535 537
533 526
535 525
531 533
514 529
511 521
508 519
517 518
503 514
494 507
488 499
496 510
489 505
480 494
479 493
470 491
472 500
472 485
471 475
466 480
452 475
464 490
479 495
492 506
507 511
519 516
549 530
562 549
561 555
569 562
573 556
590 573
585 560
582 556
581 560
576 559
575 561
575 556
575 557
570 561
552 544
560 549
567 544
568 552
551 542
535 534
542 539
537 541
542 530
529 522
522 513
521 521
511 522
507 516
501 507
494 503
487 498
478 492
487 489
476 495
466 483
449 477
464 483
461 481
456 475
468 486
481 486
506 517
518 519
523 531
539 545
551 550
569 558
581 551
585 553
581 569
565 553
578 569
581 559
575 555
562 543
549 533
560 544
561 553
551 548
545 545
544 537
550 544
545 539
545 533
544 532
530 526
527 525
518 523
518 520
511 520
496 500
495 505
498 502
500 508
479 499
468 491
472 493
471 494
470 483
461 478
460 474
460 483
464 486
480 491
500 505
510 521
522 522
544 544
571 548
575 559
573 557
568 556
588 570
592 572
584 557
582 554
578 551
582 561
573 556
563 555
567 556
558 549
566 550
562 541
563 550
557 553
540 537
543 545
551 542
542 537
528 528
518 515
531 530
526 524
510 516
498 511
487 504
495 511
486 496
490 491
485 494
472 488
459 483
458 485
472 489
475 490
475 481
490 493
515 520
536 536
540 538
553 541
570 559
581 563
587 560
584 561
594 569
580 568
583 565
580 563
580 567
572 569
566 548
573 555
579 556
564 558
557 558
546 546
567 562
559 551
551 537
544 535
537 531
538 547
532 533
524 527
523 526
505 515
506 507
505 508
508 511
495 508
477 493
478 496
479 499
478 496
473 488
472 480
495 503
501 515
517 523
526 531
541 537
555 548
567 548
584 557
588 569
578 569
579 564
579 563
592 568
582 561
575 555
569 548
579 563
580 564
566 551
565 549
560 550
563 559
566 545
559 535
560 539
543 537
545 538
540 535
538 534
529 533
517 515
521 517
521 521
503 521
498 515
485 501
496 512
490 504
485 493
481 498
489 505
510 525
532 526
544 536
562 552
558 552
579 560
591 564
605 576
593 575
581 563
586 568
589 573
592 570
580 558
572 548
576 556
571 563
569 556
564 553
566 547
562 551
558 543
562 543
558 547
548 542
533 533
535 529
538 534
522 526
515 519
506 505
511 518
501 513
487 500
482 502
476 497
478 505
481 488
481 486
486 500
481 495
509 522
534 529
552 541
558 548
568 548
591 562
603 576
599 576
599 575
594 568
602 577
597 571
597 566
596 565
586 563
587 563
582 560
584 560
577 561
566 545
569 549
573 545
574 553
556 546
540 537
548 539
542 539
541 529
529 519
523 516
515 520
508 516
505 512
499 504
494 501
480 493
480 497
491 493
483 496
477 489
478 495
505 512
527 527
536 530
557 540
571 544
591 567
590 568
589 572
599 577
597 573
604 578
604 568
601 564
588 572
571 560
580 572
584 564
582 566
572 561
562 549
574 558
577 563
566 554
553 549
546 539
548 542
541 534
539 526
534 521
521 518
514 518
505 513
511 512
503 510
487 489
488 493
487 490
485 496
466 487
464 480
471 488
484 498
500 502
512 510
530 525
545 539
555 547
568 554
576 557
577 569
570 554
580 564
592 558
582 562
570 555
554 546
571 559
572 559
559 544
554 540
550 534
553 546
546 542
535 537
537 536
526 528
532 527
526 517
524 522
512 520
492 502
489 508
491 506
485 500
472 495
461 479
474 492
471 488
458 478
447 476
441 470
452 481
448 473
464 476
476 488
481 497
494 504
511 519
538 534
543 538
543 532
552 535
565 551
578 558
559 545
557 539
556 546
557 544
553 535
543 532
549 536
531 532
534 529
533 528
530 532
523 535
518 514
524 522
529 522
512 521
502 518
487 505
505 519
495 505
484 490
473 485
466 482
467 497
464 487
454 480
451 482
437 471
441 466
449 469
465 484
467 493
467 487
489 504
514 520
528 530
533 529
540 523
557 541
554 547
553 543
545 541
546 539
544 541
539 528
542 528
542 536
526 533
525 529
526 530
540 534
528 530
522 524
515 515
523 530
520 528
505 513
500 505
493 507
493 515
493 499
485 492
482 497
468 495
469 490
464 491
462 490
456 487
446 470
460 478
474 490
474 502
486 505
494 505
526 533
541 534
545 533
547 541
553 543
562 560
562 549
558 546
560 551
541 539
549 541
550 536
557 543
541 543
527 527
531 530
536 540
537 537
530 525
520 515
527 526
518 528
514 522
505 516
506 510
500 510
495 500
497 498
491 502
479 497
469 487
468 485
474 488
460 484
453 477
447 468
463 486
467 487
469 489
486 504
499 510
523 531
541 525
551 530
557 543
546 539
560 556
567 552
569 555
561 549
554 538
565 541
566 552
553 545
548 543
539 534
553 548
547 534
541 530
539 531
531 529
529 531
526 524
524 521
516 525
497 507
503 508
506 503
503 509
484 499
466 487
473 492
466 493
470 483
458 474
453 469
450 473
450 479
456 480
466 481
474 487
482 492
496 505
519 512
524 524
525 518
521 524
538 533
538 532
533 529
537 529
535 520
541 533
534 524
518 521
517 524
514 524
521 529
521 516
520 511
514 524
495 509
506 524
507 514
501 510
488 498
474 486
484 493
482 498
468 489
456 482
452 475
453 482
449 475
447 471
446 465
429 462
430 463
426 462
432 463
433 469
432 459
449 474
468 479
483 497
480 501
479 500
497 508
500 513
508 508
504 504
504 506
502 513
498 512
500 508
498 505
496 508
482 496
491 508
503 502
496 506
486 496
475 496
486 502
485 502
475 488
476 485
470 478
472 490
462 484
451 480
452 485
444 474
449 477
442 463
441 469
433 472
414 455
424 464
431 462
431 462
429 461
431 458
459 487
472 491
472 490
473 492
474 494
489 505
488 500
493 499
498 505
491 499
485 498
485 503
496 509
493 507
481 487
489 494
492 504
493 507
479 498
477 490
479 499
482 495
482 489
475 485
473 494
465 493
464 489
463 483
461 485
450 488
444 472
450 478
457 475
440 471
438 466
424 460
449 484
453 482
460 476
468 482
477 490
487 508
495 511
497 513
506 517
498 511
514 514
515 511
517 519
509 524
497 508
505 519
514 521
508 519
496 508
490 500
511 518
503 518
495 510
489 506
486 507
489 511
490 503
491 496
489 503
471 495
466 489
467 496
479 497
466 485
457 469
457 471
463 485
457 482
446 474
443 464
450 478
453 479
466 480
471 487
489 504
487 508
496 511
508 517
514 526
513 531
510 517
525 529
536 528
524 528
520 528
509 520
533 538
529 529
522 512
521 512
515 515
519 529
518 521
511 514
512 518
501 509
504 502
506 505
508 512
497 513
482 495
487 502
489 503
483 499
471 489
462 477
474 490
466 489
460 482
450 478
446 473
450 478
452 472
461 473
465 485
461 489
470 497
481 504
505 511
505 513
503 509
509 511
524 532
523 532
521 525
526 519
525 528
525 531
529 523
529 520
528 526
515 519
518 523
523 524
520 526
517 523
507 507
524 520
522 520
505 515
496 518
492 509
504 521
497 502
489 494
487 496
474 493
477 502
476 494
476 486
470 488
452 473
457 476
465 476
464 482
451 474
440 464
450 471
461 488
472 487
479 488
485 488
508 511
508 514
514 520
518 521
522 518
525 527
524 521
538 524
531 535
517 528
518 530
523 529
531 530
521 525
514 525
518 524
523 540
525 532
519 530
523 526
514 524
518 530
522 520
520 512
516 514
494 506
499 512
503 508
496 509
491 500
483 490
495 494
491 500
476 494
469 493
464 481
474 492
467 475
460 471
460 475
457 481
475 494
481 489
495 496
506 511
500 503
520 520
536 522
546 534
537 530
529 525
541 536
546 546
551 537
544 532
546 526
547 540
543 539
542 539
544 539
541 532
542 535
540 532
553 536
542 542
534 531
526 530
532 529
537 532
523 522
517 522
519 515
519 526
513 514
502 510
500 517
491 509
496 511
498 498
493 500
487 500
468 488
483 505
495 508
502 509
506 508
513 511
537 530
550 544
548 546
554 549
557 549
574 559
572 552
573 552
576 562
569 553
569 558
571 554
573 558
567 555
554 540
566 548
573 551
573 553
556 547
543 537
554 552
550 547
553 537
544 531
539 532
528 532
528 531
525 529
523 526
514 513
507 507
504 512
514 516
498 513
493 498
485 500
492 502
488 498
479 490
481 493
486 495
498 512
510 511
512 516
534 538
540 539
562 550
572 546
578 556
570 564
563 554
580 575
587 574
581 570
580 565
575 559
588 576
584 576
578 567
572 561
573 559
570 558
574 551
574 547
577 554
554 547
560 547
557 546
559 550
546 545
533 523
537 526
539 529
529 531
514 520
504 510
513 517
502 511
513 507
496 500
495 504
484 506
480 499
483 495
479 494
474 493
471 487
487 504
513 517
513 523
526 524
531 534
559 555
567 557
570 552
579 551
580 558
583 564
579 565
573 564
584 572
571 560
583 561
577 552
579 559
567 565
556 551
566 560
574 556
566 550
557 544
546 534
561 554
553 548
544 535
535 530
524 525
523 527
521 518
520 514
514 515
493 501
485 496
484 501
493 509
482 502
470 482
475 485
477 492
469 492
461 486
469 484
483 504
496 510
517 515
532 525
537 539
543 539
550 547
565 550
563 554
559 554
557 545
570 554
576 554
564 550
556 547
550 542
561 561
559 545
554 536
557 534
546 538
544 541
542 540
540 535
541 540
525 524
532 525
532 522
525 528
510 522
495 510
507 517
504 511
490 500
479 499
472 485
483 503
476 491
466 488
464 487
452 482
462 488
467 485
489 494
498 508
494 506
509 524
529 535
551 548
550 543
547 534
559 541
560 557
555 551
547 544
549 533
548 544
539 534
542 534
541 532
544 545
524 531
523 531
531 531
524 532
516 527
510 515
518 517
516 516
498 507
490 509
484 502
493 514
487 493
477 483
476 482
461 483
459 490
454 482
456 476
452 477
440 463
447 467
462 476
470 492
479 496
482 499
510 516
524 530
532 529
536 535
544 531
555 549
554 544
551 546
552 546
547 545
554 543
555 539
565 539
557 545
540 535
540 541
542 536
552 539
539 526
530 524
531 522
534 536
528 524
516 516
520 514
508 514
502 513
501 503
498 504
494 500
475 489
471 490
476 493
467 488
462 483
452 470
467 485
471 486
464 487
473 499
486 506
515 525
527 518
534 522
546 541
547 541
559 555
565 551
571 555
570 554
559 541
566 551
578 558
574 559
564 550
553 542
560 548
562 551
561 542
556 537
550 533
552 545
545 540
539 536
538 538
525 523
524 522
518 515
522 521
504 519
491 505
486 502
487 505
485 498
482 492
477 488
477 494
477 501
479 489
473 486
485 501
486 504
511 518
531 520
548 536
554 546
554 544
574 563
587 571
585 569
589 563
581 555
595 570
587 571
578 565
577 567
572 559
581 568
576 553
572 553
570 564
554 556
561 557
560 550
559 550
548 548
540 531
540 538
547 542
535 538
521 526
503 515
507 520
500 516
499 499
487 491
477 485
466 487
461 483
455 479
453 479
443 466
448 467
453 473
473 490
470 497
479 494
482 501
503 514
511 517
509 512
509 514
513 521
512 526
510 515
504 514
508 525
492 514
502 516
507 503
505 506
497 508
479 494
494 509
500 506
491 500
488 490
481 482
489 496
481 499
471 490
469 485
462 481
470 489
462 476
460 472
459 480
439 470
444 473
439 468
444 473
433 470
423 454
435 462
442 468
442 475
444 475
446 472
468 493
475 498
495 494
504 498
503 508
501 508
506 517
520 520
519 519
511 506
510 509
515 516
521 523
507 515
504 506
506 510
511 518
510 512
506 509
513 509
507 510
502 510
502 507
496 507
493 513
479 497
488 499
494 490
486 496
471 491
457 480
479 496
478 490
466 478
463 472
456 462
461 487
462 487
462 491
474 498
478 503
491 510
509 520
524 525
529 537
515 523
529 534
528 526
532 533
527 531
519 519
538 528
541 534
532 531
519 527
515 523
524 537
519 530
525 524
527 524
522 532
514 528
514 529
526 524
520 521
509 506
502 503
511 510
511 514
495 504
491 494
493 497
494 501
493 497
481 488
488 489
481 493
485 496
493 500
499 506
511 523
512 514
535 527
550 527
552 542
548 546
541 540
566 556
570 552
561 542
559 542
554 533
566 556
561 547
555 541
556 540
548 539
549 536
554 538
561 538
556 544
538 529
540 536
541 536
542 536
530 526
519 512
532 521
527 526
516 520
505 515
505 513
508 516
500 505
505 503
502 506
489 501
479 496
482 499
498 503
500 504
500 504
508 505
536 533
550 538
547 537
553 537
559 550
574 559
575 553
572 549
582 557
575 558
576 558
574 560
575 564
579 569
566 549
576 557
580 558
572 560
564 558
549 549
567 563
568 550
557 540
551 542
544 539
550 554
545 540
537 533
535 535
518 521
517 516
517 513
526 519
512 519
501 504
498 507
499 514
498 509
491 500
480 491
500 510
501 518
512 522
519 529
536 533
546 546
555 543
572 548
578 560
568 563
571 557
576 559
592 565
582 564
579 561
578 560
589 571
587 567
576 557
574 556
571 559
577 570
580 555
574 548
576 552
562 551
563 552
560 550
558 552
552 550
540 529
548 535
547 537
532 537
524 532
508 519
523 531
513 519
509 508
501 507
495 504
501 518
497 503
487 499
492 505
479 495
498 504
511 506
533 520
532 532
534 528
545 539
560 553
573 555
573 548
568 541
581 558
576 563
576 558
571 558
573 551
572 557
569 548
575 551
572 557
563 556
559 547
559 546
569 553
555 549
551 543
543 535
552 544
545 539
532 528
524 530
519 524
522 533
521 515
513 508
514 512
493 507
498 512
493 504
491 502
483 498
473 480
477 483
482 495
474 499
478 499
480 496
510 519
513 519
523 518
529 526
531 532
541 540
543 538
548 538
545 545
530 530
540 535
549 532
553 541
538 530
523 524
532 532
532 537
536 528
527 520
526 513
526 525
521 524
516 521
514 517
512 510
507 509
504 506
513 505
504 509
491 498
477 495
485 496
488 501
476 491
470 490
469 482
473 493
468 483
458 485
464 491
466 493
486 506
498 498
511 502
520 519
509 514
529 536
538 533
542 537
537 530
532 520
545 527
546 539
534 534
529 530
522 520
542 540
525 521
526 519
529 521
520 520
522 525
518 521
523 520
514 523
499 504
509 509
510 504
509 510
493 505
475 493
486 504
476 498
481 488
470 482
468 478
466 490
464 491
458 482
458 479
452 474
453 475
451 476
470 480
476 493
482 493
489 504
509 515
526 527
524 524
533 530
534 521
543 541
542 536
539 542
545 549
540 545
550 548
551 535
552 533
547 544
528 529
543 545
548 536
545 533
537 525
528 515
540 532
537 533
528 528
520 525
516 517
519 521
510 513
510 508
511 513
497 500
494 501
482 494
485 498
482 503
467 482
476 487
477 485
475 488
461 486
453 483
475 503
488 509
509 510
518 515
526 528
534 538
539 541
550 541
554 544
555 541
548 536
554 544
567 550
563 548
554 538
549 541
560 550
563 548
554 537
556 537
551 534
552 542
546 538
536 535
543 543
531 529
541 530
535 518
535 525
520 525
501 512
512 524
515 519
509 515
501 510
490 496
503 516
496 510
488 501
481 495
471 488
471 490
474 487
482 488
494 497
490 499
503 509
516 521
539 537
542 540
542 528
558 541
562 550
564 557
558 551
557 546
566 556
562 553
569 544
565 547
565 553
557 552
556 548
560 545
561 548
551 549
544 535
552 543
562 544
547 542
541 533
528 530
543 544
535 536
528 520
524 517
521 516
516 522
509 513
499 510
504 514
488 500
500 502
491 492
492 500
481 505
466 488
480 502
496 506
500 510
506 510
511 510
544 539
548 542
554 543
557 545
555 546
566 558
570 549
578 548
577 556
562 550
558 547
558 551
572 557
563 552
552 535
560 542
564 554
560 555
549 546
550 535
550 547
546 542
549 535
539 531
537 536
523 529
520 524
521 522
518 523
508 523
501 508
506 512
511 512
494 509
487 506
477 496
491 510
492 503
493 494
509 500
510 512
525 531
539 539
554 543
563 556
559 546
575 553
584 555
586 566
579 565
564 553
584 565
579 564
572 553
566 552
563 542
576 562
568 552
562 553
564 556
554 547
556 549
556 541
569 538
558 544
541 533
537 538
539 536
550 538
534 522
523 515
524 512
523 525
513 514
504 508
506 498
503 505
497 502
506 501
513 503
520 515
517 518
534 532
558 544
567 557
573 558
574 549
596 565
603 574
592 571
592 579
592 570
608 588
602 568
597 563
598 567
586 565
588 572
587 566
588 562
584 564
570 551
572 552
581 554
579 561
567 552
550 539
555 543
554 547
548 537
538 529
532 516
537 531
523 522
516 520
514 517
508 513
503 507
498 502
508 501
499 507
484 498
486 502
499 506
520 519
528 521
537 530
556 538
574 562
584 563
584 563
598 566
596 573
600 578
609 572
610 569
606 576
593 570
597 575
602 574
599 575
593 568
584 555
600 564
594 567
578 561
571 563
569 554
576 562
567 545
559 540
555 548
543 538
544 542
538 532
534 532
527 527
508 508
512 515
518 517
515 516
498 506
483 495
489 502
487 503
488 492
485 489
486 492
502 507
509 512
525 523
544 538
555 537
565 546
573 552
592 566
589 571
583 561
581 563
593 572
600 571
591 563
585 563
586 564
580 569
580 560
571 556
570 564
561 557
569 561
573 552
571 555
562 553
545 540
551 551
553 547
542 536
534 526
523 512
529 523
520 524
509 514
504 512
495 508
503 514
495 498
489 493
487 502
469 491
470 491
468 484
471 487
463 486
460 476
481 494
502 506
511 520
522 525
523 522
553 545
557 551
577 551
570 550
573 558
569 563
571 567
576 568
581 569
573 560
571 555
569 557
580 561
567 559
563 547
554 543
562 551
559 549
552 537
550 537
546 534
543 541
540 531
528 528
523 535
510 523
516 521
516 508
507 508
494 512
477 495
489 508
491 503
483 497
475 483
463 477
473 490
468 490
463 485
464 487
473 489
490 500
509 507
526 516
544 537
541 538
561 549
567 551
581 560
571 560
567 542
577 553
583 559
575 561
564 554
554 545
566 555
558 551
564 542
558 538
555 546
547 548
547 542
551 541
549 541
536 534
531 523
532 529
538 533
519 528
510 513
506 511
511 517
503 513
495 500
500 497
486 500
481 500
477 494
475 493
479 504
475 491
497 505
513 505
529 526
537 537
540 536
574 556
587 560
584 553
582 557
582 550
594 578
589 567
584 570
585 568
571 562
574 560
575 556
583 551
576 556
556 542
553 543
556 544
563 548
552 537
539 523
552 533
541 539
533 533
519 527
518 515
515 522
507 509
504 502
500 501
491 505
479 497
476 496
484 492
478 492
469 488
462 477
476 487
487 493
482 495
496 510
508 512
541 542
557 542
568 545
586 552
586 562
593 570
596 575
598 572
604 578
589 562
599 567
601 563
591 571
581 567
567 555
582 563
577 560
572 551
564 551
563 539
570 556
559 546
550 542
547 542
529 529
530 529
526 521
531 517
519 522
498 507
494 507
495 505
502 507
484 493
476 483
478 484
479 496
468 485
460 482
465 477
472 491
481 496
504 504
525 517
545 536
546 540
568 556
588 561
593 572
595 571
592 560
606 573
609 577
595 572
588 576
585 567
600 580
592 560
584 556
585 564
574 557
576 566
570 556
571 557
566 553
549 537
553 537
557 541
554 543
538 532
520 519
526 527
522 523
514 511
506 506
495 499
502 508
487 500
483 498
478 498
469 482
465 479
468 480
484 492
487 501
487 500
510 512
531 530
558 544
562 545
571 557
583 567
588 582
600 581
595 579
602 582
590 576
594 578
596 570
594 571
582 569
569 559
576 567
581 567
571 560
573 554
560 542
574 557
562 554
550 546
543 545
537 532
538 538
532 521
525 514
520 522
501 510
507 516
502 506
498 507
488 505
473 484
481 492
485 495
477 495
474 492
473 490
500 510
514 523
538 528
552 538
566 549
575 562
582 566
591 571
599 576
590 565
591 563
588 564
598 571
581 569
577 554
570 554
580 562
577 560
572 551
566 549
567 550
560 556
558 546
547 538
546 548
533 533
537 535
535 524
531 526
520 526
501 509
510 522
510 516
499 510
491 499
479 488
487 500
480 500
478 496
485 500
494 505
522 529
538 527
557 541
576 561
576 560
591 572
599 573
610 582
600 580
595 564
606 572
610 577
601 578
592 570
578 557
589 568
578 563
586 555
576 552
572 554
564 554
559 546
563 543
558 540
546 535
539 528
537 530
541 532
523 529
514 512
507 513
511 518
507 512
498 503
502 501
488 499
478 496
473 491
471 490
473 499
471 485
494 502
520 507
533 527
545 543
551 545
592 574
604 576
604 575
607 574
607 568
620 591
615 582
611 581
608 578
597 573
597 568
598 565
603 563
597 570
579 555
582 564
582 559
585 565
571 555
558 538
567 544
562 549
551 542
536 536
533 526
532 529
519 518
520 513
519 513
507 515
496 506
488 504
497 502
490 500
479 495
469 482
480 492
490 498
487 499
500 506
516 517
547 548
565 550
578 556
595 562
599 574
604 583
609 584
610 582
615 589
602 574
611 581
612 573
609 583
593 576
582 562
594 574
595 569
585 560
574 556
569 544
577 563
569 551
559 547
557 545
540 536
542 536
537 529
542 526
530 529
507 512
502 511
501 508
504 512
492 500
478 486
486 489
482 499
474 492
470 489
479 483
487 501
499 505
524 516
542 531
559 546
566 551
580 564
602 571
605 578
600 576
602 567
614 578
617 582
600 572
592 577
588 564
598 580
593 560
583 555
585 559
572 554
572 558
568 555
570 554
562 550
545 533
546 533
549 538
538 538
524 527
503 512
515 523
506 514
493 500
483 495
477 488
481 499
473 490
465 486
461 489
446 474
448 473
450 471
466 485
472 494
470 490
495 507
518 525
544 536
546 536
553 541
566 549
571 563
575 558
571 554
574 554
567 556
569 551
571 547
572 551
563 547
551 542
554 547
565 551
550 545
551 537
542 524
554 541
544 540
533 529
528 533
518 519
526 533
523 515
513 510
511 519
493 504
500 515
495 502
494 503
481 500
470 480
476 486
482 491
473 493
463 483
453 476
475 495
482 499
502 501
509 506
524 517
546 545
557 544
567 553
574 559
575 559
575 554
575 553
586 558
571 556
562 541
552 541
557 548
557 545
545 532
548 529
544 531
544 541
543 536
536 529
541 540
527 524
529 525
528