778 777
779 780
777 779
776 766
778 581
779 404
777 249
776 114
777 3
779 8
777 7
776 2
777 2
778 6
777 4
777 0
776 1
778 8
848 7
777 3
777 2
777 5
778 4
777 0
777 1
779 8
778 8
775 2
777 2
779 6
778 6
778 0
777 2
778 8
777 8
777 7
776 9
778 13
778 14
777 9
777 4
778 13
778 23
777 25
777 32
777 36
777 39
777 39
777 41
778 62
777 70
776 72
778 74
779 82
778 85
776 83
776 80
778 89
777 101
776 111
778 129
778 153
778 174
777 192
777 216
778 249
778 274
777 292
778 314
780 336
778 350
776 355
778 363
779 374
777 382
777 383
776 389
776 395
777 393
777 388
777 386
779 393
778 391
778 384
778 381
779 381
776 376
776 368
777 362
778 367
778 365
778 361
778 357
779 356
779 349
778 338
778 336
779 347
777 352
777 356
778 368
779 388
776 406
776 417
778 431
778 456
777 477
776 486
778 499
779 513
776 518
776 516
778 519
778 527
777 530
777 525
777 523
778 525
778 519
778 507
779 499
779 502
776 501
778 494
777 486
779 482
777 476
777 463
770 457
778 458
777 512
779 441
778 438
780 436
777 424
778 417
778 415
777 428
777 437
777 452
777 466
779 485
778 496
778 513
780 530
779 553
777 565
777 582
777 596
779 608
778 607
776 607
779 610
779 618
776 610
778 609
777 604
779 604
778 590
778 581
778 570
777 573
777 563
778 553
779 546
779 541
778 524
778 511
779 505
778 504
775 490
775 483
778 471
777 477
771 454
772 447
778 448
778 462
775 464
774 476
778 490
778 508
777 515
777 526
778 544
778 563
776 572
777 587
778 601
779 610
778 604
776 599
779 602
777 606
776 601
775 596
778 593
778 596
776 581
776 569
779 561
777 566
757 551
751 547
745 539
740 534
725 520
713 511
707 507
694 511
676 502
665 496
656 491
645 488
628 474
616 466
618 474
613 483
609 488
616 496
631 509
646 528
653 535
665 547
680 563
691 583
692 586
705 597
718 602
720 606
712 599
705 595
702 592
693 591
675 582
662 578
654 574
646 569
632 553
622 541
613 541
597 541
577 525
566 515
559 511
545 501
525 486
513 470
507 463
493 458
473 447
471 447
453 435
444 427
429 413
421 405
424 407
428 412
430 417
442 432
466 448
486 459
500 463
520 477
540 499
553 516
560 523
571 532
582 540
583 542
580 533
578 529
578 534
626 532
560 524
556 519
556 517
548 509
537 494
525 486
518 487
502 479
488 467
477 459
468 453
454 444
442 428
432 416
424 415
408 410
395 400
384 395
382 391
370 384
367 370
366 371
379 385
386 400
405 409
427 426
454 449
473 469
499 480
521 497
548 523
561 546
575 559
593 570
610 583
616 587
617 584
618 582
623 587
613 587
607 579
601 577
600 577
591 568
585 551
575 541
571 543
552 538
543 526
532 517
527 513
512 503
501 488
492 478
486 478
469 474
458 462
449 457
449 455
441 450
442 443
449 446
463 466
473 482
483 491
501 506
528 525
542 540
560 551
583 563
606 584
613 601
621 605
626 614
638 627
638 626
637 616
639 606
645 608
638 608
631 600
624 596
622 594
614 585
604 569
590 561
581 563
572 562
547 540
541 539
534 534
521 526
511 507
499 498
488 496
471 491
459 477
451 466
445 462
433 452
432 442
437 444
453 458
459 473
476 484
494 500
522 518
537 531
556 540
574 557
595 579
604 659
617 601
631 607
635 616
632 609
633 602
635 598
627 601
612 597
603 590
604 579
598 574
578 558
568 547
564 536
555 533
536 520
517 512
516 505
506 497
490 480
476 466
466 460
451 458
433 445
419 435
415 426
404 425
393 415
395 406
405 409
416 429
424 439
440 456
464 471
485 489
503 500
520 516
542 532
560 553
568 561
575 571
588 578
593 585
591 575
590 571
588 572
582 576
571 570
564 564
564 555
557 553
546 540
537 531
534 522
520 523
507 515
495 509
490 501
483 493
472 476
459 467
451 460
440 458
422 447
411 440
408 435
404 433
402 424
409 428
428 438
443 456
454 470
472 487
498 506
523 526
541 536
560 555
585 571
600 587
605 594
615 605
627 610
632 616
622 606
618 603
622 604
613 604
598 595
589 593
586 589
580 585
570 573
562 559
560 549
549 544
533 530
518 522
516 512
501 506
488 492
476 481
470 473
456 476
441 465
434 455
430 447
426 442
420 436
429 434
439 444
451 460
464 478
482 496
506 515
525 529
544 538
561 552
584 574
598 592
599 597
608 603
621 613
629 612
625 598
623 591
625 593
616 592
604 582
599 573
594 571
585 563
569 549
563 535
556 532
541 534
518 516
513 511
505 504
497 494
479 475
466 466
457 464
497 457
430 442
416 435
410 432
399 425
399 416
405 417
418 432
424 448
439 457
461 468
488 486
504 501
521 511
537 524
558 543
567 555
575 558
579 566
585 573
582 569
579 555
576 549
572 555
556 553
547 544
543 536
538 530
525 525
516 511
505 502
503 501
486 494
472 481
460 473
455 468
438 460
428 444
418 433
410 436
392 433
384 420
375 412
373 411
365 408
368 402
377 404
397 419
408 435
423 447
442 464
470 481
487 493
505 498
520 511
536 531
541 543
546 541
548 541
555 547
549 545
542 538
534 533
537 540
526 540
519 531
514 527
513 529
503 522
491 502
483 493
477 495
460 491
448 477
437 469
434 465
424 455
416 437
405 430
401 436
383 431
371 420
368 415
374 416
375 421
388 424
409 437
436 457
452 474
474 488
497 508
528 527
541 542
565 553
584 566
604 587
611 592
618 593
621 599
622 601
617 599
616 585
616 579
616 583
604 583
595 574
586 568
583 565
568 557
552 544
545 537
539 535
522 592
508 511
500 503
493 493
479 477
464 462
453 454
441 465
416 450
409 444
408 439
408 441
408 441
421 444
442 454
459 474
471 485
486 500
518 514
540 533
556 541
573 550
593 563
608 577
609 582
611 588
613 590
615 592
609 581
607 572
601 564
593 570
580 562
572 555
572 548
564 545
551 535
541 524
533 516
524 514
502 502
489 495
483 488
473 484
461 466
448 455
440 452
430 457
415 447
417 448
425 453
435 463
448 464
467 472
489 486
508 510
514 525
534 540
559 555
579 570
590 574
601 583
611 589
616 597
609 592
607 592
611 590
608 589
599 573
594 565
592 562
583 563
567 556
552 549
551 543
537 537
523 526
513 514
506 508
495 513
471 497
459 491
456 481
446 476
431 464
420 454
421 454
414 456
409 451
418 453
437 459
459 472
467 482
487 496
513 514
534 541
552 551
572 569
594 585
613 610
617 607
630 613
641 616
640 625
636 621
634 614
637 609
633 609
622 597
618 588
615 583
606 583
591 574
581 566
577 562
567 549
554 533
539 519
533 517
518 512
501 499
490 488
480 484
469 477
455 463
445 450
443 452
440 455
437 456
448 465
467 478
485 487
501 493
518 508
540 529
556 546
565 558
582 570
599 582
607 589
606 586
608 584
612 587
658 588
595 583
591 579
593 576
583 570
576 559
568 553
563 554
546 549
536 536
523 530
519 525
501 514
493 495
481 485
475 482
458 479
447 465
439 457
434 455
420 448
416 440
418 437
428 448
433 459
446 468
465 483
489 499
511 511
529 519
541 533
566 563
570 574
577 576
583 584
593 592
592 592
595 585
591 585
592 591
583 590
577 579
573 575
573 569
562 560
552 547
543 538
543 540
525 531
514 516
500 510
492 509
483 496
476 476
468 467
456 466
439 462
428 451
422 445
418 443
414 447
419 445
432 454
452 475
463 495
480 507
505 526
537 548
556 560
579 565
596 578
617 599
621 612
629 613
636 614
640 619
637 620
634 610
630 602
630 608
620 605
608 600
600 591
599 587
585 577
575 560
561 550
552 551
535 549
530 531
519 521
511 522
497 512
485 495
478 484
472 482
455 477
445 468
444 463
453 467
458 469
469 474
485 487
507 509
520 525
535 536
554 550
576 569
588 583
601 587
614 595
623 609
620 677
620 612
626 609
623 611
615 601
609 593
607 589
599 589
588 576
578 570
571 560
563 558
549 542
537 529
529 521
516 520
499 508
486 498
483 487
472 482
457 469
445 458
440 449
429 448
416 440
414 441
425 444
437 454
449 458
467 466
486 481
503 503
517 515
533 529
555 544
569 561
576 567
586 570
596 574
597 584
592 583
589 583
592 583
596 581
591 571
583 567
584 563
576 566
560 555
552 550
549 541
542 539
529 522
519 510
513 504
501 504
487 495
476 488
472 477
462 474
447 463
436 456
438 449
438 457
437 459
446 469
467 481
484 494
494 505
510 516
535 537
558 559
573 570
592 585
610 595
624 610
628 613
631 617
636 622
636 628
633 628
630 623
633 616
629 613
619 599
609 591
604 584
591 581
575 571
563 564
557 555
550 545
537 528
528 517
515 511
503 510
486 499
475 489
469 477
458 474
440 461
437 452
442 450
447 461
446 471
459 485
487 498
506 515
520 522
536 537
560 553
580 575
589 586
602 598
617 614
626 619
625 613
628 609
631 613
625 613
613 607
609 602
609 598
600 590
589 575
580 567
575 564
564 556
544 546
531 537
526 532
518 520
504 503
492 494
484 493
470 488
453 475
442 468
440 463
432 454
420 442
420 437
428 446
486 457
442 466
458 480
482 498
498 511
514 523
534 537
556 558
567 573
581 580
594 588
607 598
608 600
609 591
608 590
611 594
597 594
591 586
586 579
588 575
576 567
568 552
559 544
553 541
537 536
525 524
514 516
508 511
495 501
484 484
472 473
466 472
448 468
435 456
427 447
423 443
413 436
409 430
410 429
422 442
429 455
442 465
461 479
485 497
502 511
523 516
540 529
559 554
567 571
571 571
579 582
591 589
587 588
589 582
589 574
588 577
574 577
566 570
560 566
559 565
546 558
542 546
534 536
529 534
512 527
501 513
493 502
487 497
470 485
461 469
453 456
447 455
429 451
417 440
410 436
406 435
400 428
401 424
403 428
421 449
433 461
449 466
470 480
491 500
504 517
532 526
536 533
560 555
564 565
567 566
572 569
580 572
578 568
576 558
572 556
569 557
558 558
550 553
543 546
538 546
536 539
519 524
509 516
507 518
491 512
483 505
473 495
463 484
449 479
439 458
432 460
431 466
406 513
391 442
391 438
406 450
405 443
413 449
430 457
448 478
462 492
481 507
505 524
528 548
548 557
559 560
583 579
601 602
604 606
607 608
610 607
612 609
606 600
602 594
607 590
604 589
592 585
586 577
589 565
587 559
569 544
561 537
556 529
544 529
529 514
516 506
507 503
498 500
484 481
471 470
465 462
453 463
434 453
424 447
436 442
434 446
443 450
453 460
475 476
492 497
507 508
528 525
551 542
569 563
585 571
599 578
619 588
627 605
625 608
625 611
633 609
634 609
629 599
617 592
614 592
611 597
585 583
578 574
573 565
566 570
555 557
537 543
526 530
515 528
498 513
486 504
483 491
475 486
461 470
449 458
446 447
434 446
416 436
413 437
421 436
429 447
438 449
456 457
478 472
500 493
512 508
531 525
556 540
577 559
589 565
602 573
621 587
619 597
623 598
622 598
627 596
627 596
615 586
611 579
610 572
602 573
585 563
573 557
567 549
559 543
545 525
535 512
527 505
513 505
494 496
484 487
479 480
468 473
447 462
438 450
431 445
421 440
409 432
411 432
419 439
434 444
446 447
465 458
486 481
504 499
517 512
536 526
560 544
575 557
584 560
597 567
611 575
612 582
605 579
603 583
603 583
600 576
592 566
582 558
581 562
624 556
557 541
551 533
544 529
530 521
521 504
511 490
506 491
487 486
470 474
461 467
458 459
445 449
430 435
418 425
412 425
399 421
394 413
393 418
409 429
420 436
437 440
454 451
472 475
485 495
501 506
519 518
544 533
556 546
568 546
575 549
586 559
580 566
577 564
575 563
579 563
574 558
567 547
560 538
556 542
542 540
533 527
520 519
517 518
506 519
488 500
472 487
468 488
448 479
439 469
429 463
425 458
413 449
405 434
396 426
394 427
387 428
391 425
402 432
425 445
443 452
464 456
481 469
505 498
516 520
535 530
556 546
579 565
589 574
602 577
608 579
614 589
608 592
602 586
599 582
600 581
593 573
586 562
577 555
574 558
561 552
552 540
543 532
537 529
522 519
512 500
501 491
491 489
472 484
459 473
454 462
450 456
435 449
424 438
414 433
414 435
407 436
410 440
423 452
444 468
461 477
481 483
503 499
527 523
540 544
560 554
582 571
603 587
612 597
617 598
622 601
628 609
618 671
611 600
612 595
610 591
599 577
595 567
591 560
581 562
563 549
553 541
548 533
538 525
520 513
508 499
501 487
489 485
469 478
453 471
449 463
441 455
429 441
417 429
415 424
407 430
402 428
411 433
430 443
446 461
459 469
481 482
504 493
528 518
544 533
559 551
579 567
594 582
601 583
611 583
614 586
612 596
605 590
600 585
602 581
596 580
580 569
576 559
574 560
556 555
541 548
527 539
523 526
512 522
496 508
483 496
478 487
467 486
449 476
436 462
433 453
422 448
409 437
401 425
396 418
387 423
384 424
393 429
411 439
431 449
452 453
472 467
498 486
516 512
531 523
548 535
575 544
591 556
596 561
602 566
607 569
607 578
600 572
598 573
598 572
594 573
588 559
583 548
578 543
565 544
545 532
536 530
530 519
523 511
506 496
496 487
488 479
478 476
456 466
442 458
438 450
426 447
411 427
402 416
398 414
393 419
389 419
397 425
421 436
438 454
450 461
470 476
495 490
515 509
526 522
538 536
556 551
568 557
573 552
578 550
583 557
582 559
570 555
565 553
568 552
563 548
554 536
545 526
540 527
533 522
518 509
509 502
504 497
493 488
478 479
469 465
462 465
449 461
432 452
422 447
415 442
407 430
396 417
387 412
391 418
446 426
401 431
417 445
440 462
456 478
479 487
503 501
530 525
544 542
562 556
580 571
602 587
611 589
619 589
622 591
627 600
619 603
615 593
612 588
614 589
603 582
593 572
587 562
583 561
567 554
554 544
542 538
537 535
522 523
513 505
502 494
494 493
475 487
461 473
451 464
448 459
434 452
423 434
412 431
421 441
426 442
435 450
446 468
468 490
483 502
503 514
524 531
547 555
562 573
583 586
602 599
623 608
630 612
632 606
631 607
635 613
623 607
619 597
615 591
614 592
605 586
597 570
593 565
582 556
566 554
554 541
544 531
540 522
523 509
507 493
495 482
484 481
465 476
453 461
442 453
435 452
421 443
414 431
411 425
416 434
417 444
428 451
446 463
473 477
492 490
513 497
531 515
553 539
565 559
580 564
594 575
607 585
608 589
608 584
607 580
609 585
598 584
593 576
587 572
587 569
577 563
568 550
558 543
551 539
532 533
524 521
510 512
501 510
488 498
479 480
466 471
458 474
440 533
430 457
425 447
418 442
406 430
401 426
409 428
418 439
426 445
440 460
463 473
485 491
501 498
523 511
545 528
558 550
564 557
574 564
586 567
592 573
584 567
585 561
587 560
583 564
573 559
564 556
568 554
564 551
553 538
544 530
537 524
527 525
514 513
504 506
497 500
488 496
473 482
465 470
461 461
452 465
435 457
427 453
426 443
424 445
425 441
429 448
449 459
467 478
480 489
494 504
532 532
539 543
559 558
576 569
601 588
622 618
622 621
628 630
634 630
638 633
642 634
627 619
630 613
626 617
613 610
606 606
606 595
604 587
591 569
580 557
573 551
558 553
543 544
532 533
523 528
516 521
502 503
494 487
486 477
473 479
456 467
445 458
442 451
440 457
440 457
451 465
469 479
488 503
497 517
517 532
543 548
564 566
580 573
598 581
614 592
624 611
631 625
625 622
633 621
633 621
628 612
625 600
626 592
617 594
601 587
593 579
588 568
579 560
565 546
553 534
545 527
533 523
519 517
499 506
489 495
481 489
465 475
448 465
446 470
436 463
415 447
409 442
414 447
420 449
426 451
441 457
464 476
482 491
501 505
518 520
542 539
557 552
569 560
581 568
599 580
601 589
595 591
598 594
602 593
602 587
591 577
585 570
582 572
626 568
561 554
550 548
546 543
533 535
523 516
515 506
506 504
488 501
475 489
464 480
457 474
445 464
433 447
422 438
416 437
405 432
401 425
402 428
420 441
428 449
445 455
466 466
487 487
498 509
515 520
533 535
556 550
567 561
577 564
583 567
589 580
580 583
579 583
575 580
577 579
570 572
570 560
562 555
559 558
545 555
533 544
524 539
525 532
512 523
497 511
487 500
485 496
473 486
462 470
448 460
440 461
426 453
415 439
409 431
408 437
409 441
421 449
438 460
463 475
479 489
498 498
516 514
542 538
557 553
573 566
590 581
610 596
617 603
626 602
630 601
633 608
624 612
618 605
616 601
616 596
608 590
600 577
590 569
587 571
572 564
564 551
554 543
550 541
534 530
525 513
510 503
506 508
490 504
470 481
463 470
462 464
451 458
440 450
441 452
450 467
453 479
465 489
484 503
510 522
525 540
547 545
572 555
595 577
604 597
617 607
625 615
640 623
640 627
640 622
636 619
635 627
624 692
620 623
614 613
609 609
598 594
591 578
587 566
576 563
556 550
541 543
536 531
527 524
512 506
503 494
492 487
481 484
465 470
451 460
441 454
432 452
422 440
424 436
435 438
445 456
450 466
465 482
491 496
513 514
527 524
544 537
566 553
581 574
586 577
594 587
604 592
608 599
603 589
603 583
605 581
601 588
587 580
581 574
579 567
575 561
557 544
547 539
541 531
527 535
505 521
494 511
493 506
480 498
464 485
454 474
450 467
440 467
421 455
417 454
419 452
419 456
425 455
440 460
458 469
477 492
489 507
508 526
536 543
557 564
576 575
592 590
620 606
630 614
633 618
635 622
642 623
639 621
634 611
630 602
629 599
620 601
607 589
600 585
597 577
587 576
572 560
561 549
555 541
541 540
522 528
508 522
506 511
499 502
485 488
475 479
468 476
459 474
446 464
444 458
451 464
462 473
471 472
488 482
510 499
527 526
538 541
559 557
586 574
607 592
618 600
628 611
642 622
649 631
644 629
640 625
643 627
639 622
630 607
625 596
621 596
612 593
595 581
587 569
581 562
571 553
555 539
539 527
533 522
524 514
505 503
493 494
489 488
482 477
467 463
455 453
447 451
439 447
431 440
433 442
445 451
457 464
469 470
486 482
510 504
578 525
537 539
556 556
579 574
593 584
605 584
610 590
620 601
615 604
612 597
610 595
610 597
601 591
594 579
591 570
586 570
568 570
554 558
545 548
542 541
529 528
515 510
503 502
496 499
482 488
469 475
460 469
450 470
430 462
425 454
406 441
406 440
401 443
407 444
419 451
442 466
457 479
474 490
494 505
517 529
528 548
543 558
556 569
573 584
585 588
592 579
590 582
591 591
585 591
583 579
581 569
582 567
569 565
562 553
552 544
550 544
534 540
523 532
514 521
511 514
500 501
487 486
477 478
465 477
447 472
438 461
437 457
426 453
415 445
414 433
418 431
427 444
429 459
443 470
464 481
490 500
505 513
525 524
543 539
570 561
581 579
592 587
606 599
619 608
619 607
621 598
618 595
618 599
605 594
599 581
594 578
591 575
576 569
569 552
561 543
553 544
533 538
516 527
508 516
505 506
489 494
477 477
466 469
462 466
443 459
432 448
423 441
423 440
416 437
419 432
427 439
445 460
455 540
471 484
498 499
519 522
536 531
557 542
580 556
596 578
602 588
608 598
620 600
621 603
617 595
613 590
613 585
607 590
593 579
584 573
580 566
572 561
557 548
546 536
541 525
530 522
510 511
498 502
492 491
484 483
468 467
457 457
451 450
440 448
423 436
413 431
412 427
415 432
417 431
427 431
449 442
465 467
480 484
498 505
515 514
539 531
554 541
569 553
585 567
593 587
591 590
593 593
599 593
603 592
598 579
593 571
588 569
578 574
564 565
552 555
549 547
542 542
526 529
516 517
509 510
502 508
484 493
473 484
467 476
460 469
445 452
434 440
425 432
414 436
399 430
397 430
417 440
421 447
434 454
452 465
475 479
493 499
504 513
522 528
544 543
562 558
570 559
579 564
586 571
588 580
581 574
580 571
584 569
579 569
570 559
564 550
563 545
554 545
539 536
528 528
524 519
516 515
504 495
494 486
487 479
474 480
456 469
445 461
443 452
435 445
422 433
413 424
411 424
411 429
410 431
423 442
445 459
464 472
479 483
501 496
526 522
544 541
558 554
575 570
596 589
607 597
613 595
617 595
621 604
617 604
605 598
602 591
599 592
594 585
581 571
573 561
569 560
562 553
546 541
533 535
528 529
520 520
507 502
497 489
489 487
528 484
459 473
450 466
445 461
435 451
429 437
421 433
426 444
427 454
440 461
459 472
483 490
496 507
518 516
537 531
559 555
571 574
586 582
599 593
610 601
617 606
617 604
619 593
619 597
606 598
598 591
591 588
593 589
579 576
570 561
556 548
547 547
522 541
514 527
503 517
499 512
482 502
478 482
466 467
457 469
439 465
428 451
420 443
420 443
412 435
409 425
413 427
426 441
433 455
448 465
468 478
490 495
507 510
527 517
546 531
569 550
577 570
582 574
592 584
602 592
601 590
599 578
598 572
596 573
585 571
578 562
574 551
573 550
560 543
550 531
540 523
535 520
518 513
507 499
495 492
488 488
474 478
466 460
455 449
451 449
432 448
423 436
419 429
420 430
418 430
423 431
436 442
458 461
469 475
486 487
503 505
528 525
541 540
559 544
574 555
591 572
590 579
592 583
595 585
586 579
584 578
576 565
571 563
569 569
551 563
543 552
536 545
533 542
518 534
509 519
499 511
492 510
478 570
471 490
468 480
459 472
444 456
436 445
433 433
427 432
408 427
401 429
412 432
424 439
435 441
453 456
472 467
496 494
508 507
530 521
555 540
577 560
591 568
605 579
622 588
630 602
625 603
622 602
625 601
623 600
612 588
603 581
598 576
587 573
571 562
561 558
557 548
549 544
535 530
526 513
518 504
505 506
488 494
476 487
472 483
463 480
446 465
440 457
436 449
433 446
423 441
426 442
441 446
454 461
468 467
485 480
509 497
525 524
540 539
562 554
585 565
600 580
606 583
615 585
624 586
621 591
608 588
600 587
601 579
597 575
585 560
580 559
569 548
563 549
547 535
534 527
525 520
515 514
498 493
489 479
482 471
469 469
451 458
439 448
438 442
428 434
412 424
400 416
397 411
395 417
393 417
403 425
426 437
446 451
464 461
481 476
506 495
528 517
537 530
552 547
570 559
581 571
585 566
586 565
593 566
589 574
580 568
577 562
578 556
575 558
561 546
554 536
551 531
541 528
522 518
511 510
507 502
499 492
485 476
473 466
465 467
451 461
438 451
429 443
424 442
414 435
406 422
405 420
413 429
423 441
432 450
452 465
478 484
497 501
512 512
535 528
558 549
574 566
583 574
592 585
604 593
607 591
605 583
604 577
603 582
648 581
584 571
579 564
576 563
564 555
554 541
544 530
541 527
522 520
505 510
497 500
493 494
473 486
467 479
445 460
442 460
433 454
422 440
413 435
413 433
408 432
410 432
419 443
439 467
452 488
473 500
498 516
529 532
548 549
568 559
587 575
608 593
614 603
622 607
629 614
638 620
630 615
625 604
624 599
619 603
602 601
595 587
590 577
588 571
569 559
555 543
545 533
537 530
518 525
504 513
494 506
489 502
475 490
465 468
451 460
445 460
427 455
416 443
412 435
418 439
423 442
435 444
451 456
475 479
488 496
507 510
527 527
554 547
569 560
585 566
597 576
611 594
611 602
610 599
611 594
617 594
608 589
602 575
594 567
591 568
575 563
563 551
552 543
546 536
531 526
522 509
512 497
501 497
482 494
471 480
460 470
456 461
440 452
428 439
417 429
410 426
396 421
391 412
395 418
409 429
424 436
444 446
464 458
487 482
501 503
519 519
541 533
565 551
578 560
589 565
595 571
605 583
596 649
594 580
596 580
593 578
585 569
578 561
577 555
572 554
552 543
542 535
540 525
531 519
517 504
506 493
499 488
484 490
469 478
458 470
452 465
441 461
427 448
421 436
420 429
418 435
415 436
425 446
446 461
462 476
479 484
496 501
520 523
544 543
557 551
569 568
592 584
603 596
606 596
605 597
613 600
609 610
599 603
594 598
592 592
590 587
574 574
563 561
556 553
546 555
526 543
514 540
508 531
500 525
485 510
474 497
468 487
459 484
444 474
435 468
432 459
425 456
412 444
412 441
422 440
431 454
441 462
459 478
485 497
510 520
529 532
552 543
586 570
596 589
610 603
626 611
643 618
651 625
648 617
647 611
648 606
641 611
626 603
618 597
616 590
609 584
594 569
580 559
571 551
560 547
538 533
523 523
520 512
509 506
494 488
484 475
474 469
462 471
442 459
432 451
431 442
426 440
422 433
427 434
440 447
457 467
467 480
484 497
511 515
537 533
554 542
570 557
591 572
604 591
607 595
614 598
621 602
620 600
613 592
610 584
610 581
600 579
589 571
579 566
575 562
567 550
554 534
541 523
532 522
521 511
503 497
492 489
485 483
475 475
460 460
453 447
445 447
431 444
416 434
409 427
416 432
424 432
432 435
444 449
469 473
543 490
504 503
525 521
547 544
562 559
579 565
590 572
599 582
600 593
593 587
596 586
599 587
594 582
587 573
582 569
578 572
562 570
550 560
542 552
538 547
530 537
520 516
509 507
498 506
485 499
472 488
463 472
459 468
444 461
432 449
422 442
418 443
410 446
417 448
429 457
452 473
470 482
491 489
513 506
532 530
547 553
562 568
584 582
607 600
618 606
628 606
634 605
639 614
629 613
622 606
615 601
615 599
605 590
595 574
586 567
580 566
564 555
555 544
544 535
537 529
520 518
511 501
498 488
492 487
471 482
457 470
445 463
441 457
429 448
423 437
423 435
433 447
439 458
454 467
474 485
498 506
515 522
536 530
557 546
582 571
592 589
605 597
617 606
633 614
634 618
632 609
628 605
625 608
613 604
604 592
597 585
593 582
578 573
570 554
557 546
550 544
530 538
515 525
507 512
502 507
486 494
473 480
461 470
456 467
436 460
426 448
417 442
415 441
411 438
419 435
431 441
447 464
459 544
476 493
504 511
528 532
546 544
565 560
587 575
603 597
611 603
618 609
625 614
626 618
622 607
617 597
615 591
606 595
592 586
583 577
581 568
562 561
548 549
536 539
532 530
523 525
508 511
499 501
494 494
485 490
470 477
454 468
448 462
441 466
426 458
425 453
436 448
444 456
452 460
468 470
490 486
510 504
524 517
542 535
567 553
584 573
597 576
612 586
624 596
625 608
616 606
616 601
618 593
609 593
594 581
589 574
590 565
587 568
557 556
549 556
545 549
536 543
523 523
512 510
505 503
492 504
475 490
464 476
462 468
453 464
440 450
431 437
428 432
419 437
413 432
417 441
433 451
453 465
466 470
486 485
508 504
526 530
541 540
559 554
580 568
595 586
601 587
607 586
613 587
611 596
597 592
593 587
594 580
590 575
578 563
570 556
565 552
560 551
543 539
533 533
524 527
516 520
501 504
491 492
484 482
473 483
458 469
448 460
445 453
434 449
423 439
418 431
427 434
433 448
436 453
451 472
468 486
489 504
506 512
522 524
546 544
562 562
563 571
572 582
585 591
591 592
585 582
583 581
584 579
578 578
562 572
559 569
561 561
560 552
542 533
531 523
528 527
520 517
503 504
494 494
489 492
480 486
467 471
459 458
456 455
494 452
427 444
413 437
415 434
411 436
413 432
421 440
441 460
452 480
469 493
489 512
517 531
537 552
560 562
581 575
601 594
608 609
619 613
624 614
634 619
628 613
621 603
619 600
620 599
609 593
598 583
590 579
585 576
572 564
564 542
553 532
545 529
524 523
510 507
498 497
496 489
491 487
469 460
458 457
456 457
439 450
428 437
422 435
427 439
428 442
441 444
457 453
478 478
489 499
506 512
527 527
557 548
571 564
585 574
599 585
616 600
616 607
618 606
615 604
616 606
607 597
604 582
594 574
589 577
573 573
559 562
550 553
544 545
530 536
515 518
503 508
497 503
481 493
468 477
458 468
452 463
439 452
433 434
423 425
417 425
399 422
390 415
394 411
404 415
411 423
424 428
440 446
465 469
479 487
498 503
521 520
546 539
558 555
570 558
582 569
593 583
588 586
586 582
586 580
589 578
582 569
579 556
574 553
573 554
559 546
550 532
542 527
536 524
521 510
510 494
500 483
492 484
472 543
461 468
454 461
446 453
431 440
422 432
415 428
404 430
394 423
397 422
414 428
427 447
441 456
457 466
475 482
500 507
512 524
528 542
552 557
573 566
578 572
585 577
594 580
595 589
587 586
578 587
585 583
585 583
572 571
565 560
565 550
558 548
540 534
527 526
521 519
513 518
499 500
490 487
485 483
471 483
452 471
441 464
441 455
432 451
418 438
405 429
409 427
410 435
412 437
425 447
448 461
475 483
489 487
513 503
539 520
559 548
570 564
585 580
608 592
624 606
628 607
632 610
636 611
633 616
625 608
619 606
616 600
610 599
596 584
589 570
582 560
569 560
548 550
538 540
527 529
519 524
505 508
490 498
483 489
470 487
452 476
440 467
435 459
424 455
411 440
406 431
407 430
411 440
416 442
434 454
456 467
478 487
493 496
512 512
538 531
558 552
568 563
583 576
601 586
612 597
614 593
617 591
620 592
614 597
601 589
592 581
594 573
587 571
567 556
556 546
551 539
541 534
523 521
509 511
506 507
494 496
477 476
467 464
457 463
444 456
425 444
413 434
406 431
396 423
379 411
372 406
376 411
383 419
386 427
399 441
425 459
446 474
461 482
481 495
502 519
517 536
530 545
546 554
563 563
570 568
565 564
566 561
572 562
619 568
555 562
546 557
544 557
532 555
525 545
516 538
514 537
502 527
494 513
483 504
478 497
465 487
457 467
446 455
437 454
418 450
406 438
398 432
392 425
383 422
379 415
380 415
394 428
402 439
417 450
436 467
462 483
483 500
504 510
523 527
547 548
553 561
567 574
575 579
595 588
592 584
591 578
589 575
589 582
577 583
569 575
562 571
560 571
553 565
546 550
537 538
531 537
517 528
505 511
493 505
488 497
472 486
462 471
451 462
445 462
431 454
418 444
412 438
410 432
403 430
409 424
420 431
438 449
446 464
468 475
492 494
523 515
549 538
556 540
580 563
604 586
612 600
622 604
630 611
640 617
635 614
631 602
627 598
625 601
612 598
602 587
594 579
594 575
580 565
569 548
556 538
547 535
528 530
516 515
505 505
497 499
485 488
473 470
464 464
459 461
443 457
430 446
423 440
422 440
421 439
428 436
438 444
460 465
473 483
494 496
515 513
541 536
559 553
577 561
595 578
612 597
617 672
621 609
630 611
629 613
621 605
615 598
614 593
608 595
592 587
580 575
579 572
571 568
559 548
553 534
544 526
530 526
510 513
499 507
495 498
486 492
474 476
466 466
460 458
448 459
432 450
422 442
423 437
423 438
429 439
443 443
463 458
482 481
492 497
514 516
541 531
563 550
576 560
593 573
612 583
619 599
620 600
621 604
626 612
616 608
612 602
605 595
603 589
595 590
581 579
573 573
569 565
560 557
548 541
537 527
532 519
519 517
501 507
488 496
488 486
478 481
464 468
454 456
448 448
439 449
424 438
415 434
420 433
430 442
437 443
453 453
475 469
494 492
504 506
521 524
546 541
563 560
573 567
586 573
598 579
602 591
596 589
594 589
600 586
598 584
589 575
583 567
582 563
573 563
558 553
546 547
540 537
532 533
518 516
507 505
501 495
489 496
473 483
461 476
455 469
446 466
431 453
422 444
416 439
409 440
401 437
409 444
425 453
444 468
462 477
483 493
508 514
529 539
542 554
562 569
588 589
602 603
612 604
622 607
630 617
630 620
620 614
620 612
622 609
618 603
606 588
598 579
593 579
581 574
562 560
553 551
549 544
538 534
531 520
510 502
506 496
495 490
481 477
469 472
467 469
456 463
441 449
431 441
428 444
477 446
423 447
432 458
456 476
475 487
494 495
519 506
543 531
554 546
571 559
586 578
605 595
613 606
618 607
621 610
625 618
612 618
607 611
604 603
604 600
594 590
585 574
576 562
572 560
554 553
543 539
530 529
525 527
512 515
499 496
487 484
479 482
463 477
450 461
439 452
435 448
424 436
412 425
405 419
409 420
409 431
418 437
434 448
456 466
470 482
490 491
509 503
531 531
543 549
559 558
575 569
589 584
593 591
598 585
596 580
597 589
586 586
581 577
576 573
573 571
562 563
555 550
548 541
539 543
520 540
508 529
500 518
493 513
480 505
468 490
456 480
450 478
433 474
420 463
413 456
414 449
408 438
410 428
417 428
430 446
438 461
456 470
476 481
507 499
519 515
539 525
558 538
580 560
589 572
600 573
607 579
616 586
610 584
608 575
605 569
603 570
588 568
578 557
571 550
566 550
553 541
542 528
533 519
522 516
506 509
495 496
487 487
481 483
468 475
457 460
447 451
440 451
425 513
419 442
412 434
412 436
414 432
425 437
445 448
465 468
477 481
498 501
524 520
545 543
561 555
581 568
604 584
619 603
626 608
632 613
641 613
641 613
635 597
630 588
628 581
619 582
598 577
590 570
588 563
579 562
562 546
556 535
541 524
533 525
515 514
500 504
499 492
488 487
469 475
462 463
458 454
447 455
432 446
426 442
429 439
438 444
445 448
462 453
481 467
500 491
514 504
533 520
558 536
576 556
590 565
605 573
617 584
620 599
614 599
614 598
614 590
610 590
604 576
595 566
590 560
579 562
565 550
553 540
549 530
538 524
522 506
511 496
504 486
492 482
476 470
463 462
456 453
451 448
433 435
423 426
418 418
407 420
396 413
398 414
412 419
424 434
436 437
457 448
480 465
499 490
513 504
532 521
556 538
574 555
584 560
589 568
598 571
601 578
592 571
587 572
590 571
588 567
576 556
570 550
569 546
560 545
542 537
534 528
534 516
527 510
512 492
503 480
497 474
486 474
471 464
460 456
455 455
448 447
437 434
428 428
426 435
429 439
433 441
442 456
469 473
490 488
508 498
528 515
550 541
567 562
579 578
593 591
610 603
619 606
624 602
623 603
625 610
621 610
608 603
601 599
602 598
598 588
590 574
582 563
575 561
614 554
549 541
533 528
529 525
514 517
505 501
494 493
489 492
478 490
468 480
459 475
457 469
446 463
442 453
447 450
463 468
467 486
482 494
504 510
531 537
546 550
572 564
592 576
614 597
625 610
637 617
643 625
654 631
651 631
649 620
645 616
644 615
629 613
620 601
612 593
610 590
594 580
587 563
573 553
566 550
548 543
534 528
523 518
518 512
503 500
491 484
479 471
474 470
458 464
445 450
438 443
434 444
426 439
432 440
448 454
461 470
473 488
485 498
505 513
533 534
547 546
567 560
574 564
592 581
596 591
598 590
595 584
598 586
592 578
587 566
577 557
572 561
562 553
552 543
543 536
539 533
523 523
515 510
503 496
502 498
483 494
472 479
463 470
455 470
448 456
442 437
431 430
430 431
419 427
412 423
418 426
435 437
444 449
460 455
479 469
500 494
515 513
531 522
551 533
572 552
583 560
593 566
588 565
598 579
590 580
584 575
580 567
581 566
566 554
559 540
553 535
547 535
532 592
525 515
518 506
507 505
490 493
481 482
476 476
464 478
449 470
446 467
444 458
440 454
428 439
423 429
423 426
421 432
423 436
434 451
456 466
482 483
499 493
525 512
551 537
564 558
578 574
594 587
613 597
626 608
629 601
631 600
632 599
630 604
616 596
607 592
607 588
602 582
590 566
577 555
573 547
561 548
544 535
534 528
527 519
521 514
506 498
487 488
484 484
472 483
455 474
442 475
443 463
435 462
425 455
425 455
437 463
450 482
458 493
479 511
510 525
533 542
551 548
570 561
594 572
609 593
611 602
619 607
631 607
634 611
627 600
624 592
622 587
615 589
600 577
589 572
584 562
576 555
562 538
546 523
544 512
529 511
508 500
506 496
486 479
480 480
467 463
458 452
450 445
441 443
426 432
415 427
415 421
419 422
420 422
430 429
448 443
464 467
478 481
497 497
520 515
541 533
554 541
568 554
585 564
594 573
590 574
589 578
592 575
590 578
580 569
577 561
574 559
565 559
550 546
542 542
537 539
529 526
515 509
505 499
501 494
493 486
471 476
457 467
454 466
449 460
431 443
424 439
418 438
413 438
408 437
412 439
424 446
439 458
454 465
475 478
505 497
526 514
537 529
560 545
581 561
594 571
601 568
606 572
609 582
658 584
601 573
598 572
596 573
591 563
583 547
576 541
572 549
552 537
538 527
532 515
530 510
514 502
504 486
497 475
491 475
476 472
463 460
455 455
452 453
442 443
435 431
433 427
442 439
447 452
458 462
475 480
502 497
519 517
540 527
561 540
586 565
596 584
608 593
618 602
630 615
631 616
631 608
626 604
625 608
616 606
606 596
596 589
593 586
580 578
569 563
559 551
552 548
533 543
518 529
511 520
505 515
491 504
481 487
470 480
464 479
449 471
437 459
429 451
430 447
426 445
430 440
441 447
460 467
468 487
486 499
508 515
532 535
546 547
565 554
578 567
595 586
596 596
598 597
601 596
606 597
594 590
589 575
584 570
581 571
564 565
555 555
546 548
540 546
526 533
515 514
503 505
497 503
480 494
466 484
459 471
457 468
443 458
435 443
426 433
419 435
405 436
397 427
403 429
414 438
424 447
443 448
461 466
484 489
496 511
519 523
539 541
565 558
574 566
584 571
591 581
599 592
591 659
587 594
592 589
588 587
580 573
573 561
568 554
558 552
544 541
532 528
530 517
520 513
507 500
496 487
491 475
480 477
464 467
453 458
448 454
443 450
426 443
41