764 764
760 761
725 761
654 764
587 764
545 761
484 760
437 764
396 764
374 761
330 760
299 764
271 765
264 761
235 760
217 764
199 765
199 761
173 761
157 764
143 765
150 761
135 760
139 764
153 764
191 761
208 761
237 765
265 765
306 761
318 760
335 764
348 765
372 761
365 761
364 764
361 765
376 761
365 761
364 764
376 765
378 761
366 765
365 765
377 766
383 761
374 764
374 764
387 765
390 761
379 765
378 764
390 765
397 761
385 764
384 764
396 765
398 761
392 765
400 765
432 766
464 761
481 764
509 764
543 765
563 761
563 765
568 764
584 766
589 761
575 764
568 764
573 765
568 761
546 765
536 764
542 766
542 761
527 764
522 764
529 764
524 761
504 765
494 764
498 766
495 761
476 764
468 764
472 761
467 761
445 765
434 765
437 765
435 761
424 764
434 764
466 762
494 761
508 765
530 765
565 766
587 761
589 764
597 764
614 762
617 761
600 765
591 765
596 765
593 761
575 764
570 762
578 759
577 761
559 765
552 765
560 763
560 761
543 764
536 759
542 756
537 761
517 765
506 763
510 758
505 760
486 759
476 753
480 751
475 761
458 760
463 760
495 759
525 760
542 764
569 760
607 758
629 761
631 765
634 765
653 760
662 761
645 761
638 755
644 753
637 761
614 760
602 758
609 755
607 761
590 755
583 750
590 760
586 761
564 756
553 753
558 760
553 760
532 749
522 743
526 755
518 758
493 744
479 739
482 743
474 737
454 717
451 713
474 735
496 755
508 754
534 755
576 760
602 761
607 754
618 748
640 760
644 760
627 752
617 749
622 756
613 753
589 732
577 722
581 729
561 728
551 711
542 704
550 708
534 701
527 678
518 665
524 671
505 666
494 644
481 631
486 632
468 621
460 594
450 579
455 581
435 575
425 554
420 547
442 563
452 578
477 582
504 601
545 635
556 657
572 659
583 666
608 683
604 685
605 667
603 661
610 665
590 661
577 638
565 628
572 629
556 622
551 600
546 592
554 600
537 599
527 581
517 574
526 579
508 570
500 548
491 536
497 544
476 540
464 520
453 510
459 513
441 505
434 482
432 477
455 499
462 521
485 530
510 551
553 585
568 606
586 605
600 613
625 635
617 643
616 630
610 625
620 631
601 624
591 599
580 587
586 594
565 592
556 574
547 567
556 574
541 570
534 548
526 540
533 550
513 549
503 530
493 522
499 526
481 519
473 496
463 485
470 493
449 489
438 468
431 462
452 479
458 493
482 497
509 518
552 556
564 581
582 585
595 596
622 616
617 620
619 605
615 599
624 610
603 607
590 584
579 573
588 577
570 572
563 549
568 542
566 553
546 540
536 534
540 527
537 534
519 516
509 505
513 495
507 505
485 489
473 482
474 472
469 477
448 456
440 446
451 444
462 468
467 476
488 496
526 517
558 554
568 559
584 569
609 578
619 602
609 595
606 594
612 588
608 595
588 575
578 562
580 553
575 565
555 551
546 546
552 542
550 551
534 535
528 527
534 520
530 531
509 516
498 509
501 500
496 505
476 485
466 473
468 464
461 473
438 458
431 456
450 462
471 491
485 501
510 520
549 542
574 578
578 584
588 594
609 599
616 615
604 601
600 593
605 585
598 593
574 575
562 567
565 558
562 565
544 547
539 539
546 533
542 545
522 530
511 523
516 515
512 521
492 501
482 489
486 481
478 490
454 472
439 462
441 450
434 454
415 434
414 431
438 440
460 477
471 490
494 513
532 532
557 563
563 564
574 570
593 576
598 597
583 586
573 579
577 569
573 575
552 553
544 542
550 535
547 547
528 533
520 528
529 523
527 532
511 514
504 505
511 511
507 510
484 493
474 485
480 489
475 483
455 462
446 451
452 458
454 464
450 464
467 482
507 516
538 542
553 551
575 568
607 596
622 612
615 609
616 612
630 623
630 622
612 602
604 591
610 598
605 597
583 582
576 578
586 585
587 584
571 567
565 560
574 569
557 569
548 553
537 546
543 549
527 543
516 520
506 507
510 513
490 510
480 492
477 491
501 512
512 529
535 535
559 553
596 585
603 605
611 603
615 607
633 620
623 620
617 599
607 587
610 591
587 586
574 566
561 556
569 561
554 558
548 537
541 530
550 540
533 541
524 525
514 518
523 524
506 519
501 501
491 489
497 497
479 496
469 479
459 473
473 484
472 493
492 497
512 513
553 550
567 577
587 585
602 599
630 622
629 630
633 617
632 613
642 624
621 622
609 600
596 589
602 593
585 586
577 564
571 556
581 566
564 567
555 549
545 543
554 549
537 543
529 521
520 512
525 519
503 516
491 495
479 486
486 491
473 490
478 481
492 491
528 525
540 551
561 558
578 573
609 598
609 607
615 595
616 594
629 607
610 605
597 583
584 572
592 578
572 570
565 548
559 540
568 552
551 554
544 538
538 532
550 540
535 536
527 514
519 506
526 516
505 514
494 493
484 486
492 490
476 486
477 471
500 481
522 514
533 528
555 549
589 568
611 596
612 594
621 597
636 597
638 612
616 597
603 588
603 579
592 577
572 557
563 545
567 537
562 548
543 535
533 529
536 520
533 527
515 508
506 497
511 490
504 498
481 482
467 472
467 462
459 466
438 445
435 440
449 442
465 471
472 481
493 503
528 520
552 550
559 553
567 556
586 559
591 579
576 566
564 558
569 550
560 552
538 530
530 520
536 512
533 526
514 512
509 510
515 503
514 511
498 494
492 486
497 479
493 491
472 475
461 467
465 458
460 462
442 442
432 430
439 425
445 448
445 451
464 470
505 492
535 528
546 535
567 550
593 561
605 587
596 581
591 581
599 575
595 584
574 563
561 551
565 543
561 555
541 542
533 538
541 533
542 545
524 527
520 519
526 513
524 527
502 511
489 501
494 491
491 497
468 474
454 459
457 450
449 458
429 444
428 445
456 456
483 490
500 502
528 523
566 546
590 582
591 584
598 592
616 594
622 610
606 592
599 582
601 584
592 581
567 561
556 556
561 559
556 554
540 536
532 526
540 533
536 532
514 516
503 510
508 515
504 511
483 492
474 481
478 487
468 483
444 464
431 455
438 461
443 462
443 459
465 475
506 513
537 543
549 555
570 574
603 599
620 611
616 603
618 601
631 613
615 615
603 596
591 587
596 590
579 584
571 564
563 555
573 565
556 566
549 551
540 546
549 552
535 548
529 529
522 519
530 526
511 524
500 507
488 500
493 505
475 499
466 478
460 472
479 492
483 512
506 521
531 542
574 576
590 598
610 601
623 610
648 632
642 641
642 629
636 623
646 628
629 621
619 594
608 582
614 589
594 588
584 571
574 565
583 572
567 569
560 549
552 541
559 550
539 548
528 529
516 521
522 525
503 518
493 495
482 483
486 490
465 486
452 465
444 459
465 475
474 490
499 495
528 517
572 555
585 583
601 589
613 602
639 624
635 631
636 618
631 613
640 624
618 619
606 598
595 588
603 591
587 586
580 564
573 556
583 566
565 566
558 545
550 537
558 543
539 538
530 515
520 506
525 514
503 512
490 492
478 483
483 488
462 481
451 459
441 448
452 461
447 472
462 476
485 496
532 533
553 559
580 564
602 580
633 610
631 624
635 617
635 618
650 630
633 626
623 603
626 593
621 604
600 590
591 585
595 579
594 587
579 572
573 564
579 557
574 569
553 555
541 548
542 538
537 543
518 524
508 512
510 503
502 510
479 493
465 484
465 473
460 477
443 459
447 458
474 468
501 506
517 521
544 547
581 568
607 600
614 602
626 607
645 610
651 628
636 617
626 610
628 600
623 604
602 583
592 570
596 562
591 572
573 560
561 552
567 545
563 553
545 535
535 524
539 516
533 527
508 509
494 498
495 487
489 493
469 472
458 459
460 448
454 458
427 439
414 431
422 427
437 452
447 458
475 478
519 504
551 547
563 560
580 577
607 588
621 611
615 602
615 599
623 595
618 605
593 586
580 576
583 565
577 572
559 553
553 543
560 537
556 549
536 534
526 527
531 519
528 526
508 505
499 494
501 486
494 498
470 480
456 471
459 460
453 465
433 445
424 433
428 425
426 439
419 436
436 452
476 474
512 515
532 528
559 548
596 567
615 598
610 597
614 600
634 599
636 612
618 593
607 582
608 586
599 584
573 566
560 559
565 563
561 559
543 540
536 530
543 537
538 536
515 517
504 508
509 510
502 503
481 482
472 470
474 475
467 473
443 456
429 446
434 448
428 442
407 423
407 422
432 448
458 474
472 489
501 515
544 551
573 574
581 576
595 584
620 606
614 615
612 603
606 597
612 601
593 594
583 571
572 558
579 560
561 559
553 543
544 536
552 543
537 539
530 520
521 511
527 519
508 518
496 499
483 489
488 492
470 486
461 463
450 451
453 456
431 453
419 433
406 424
413 429
405 433
419 433
442 452
488 494
510 528
540 542
563 561
600 590
607 603
617 597
622 596
637 610
622 611
613 591
602 579
609 580
591 573
583 551
575 544
583 554
564 555
555 538
545 532
553 538
535 532
526 510
514 500
519 507
497 505
483 484
468 474
472 478
453 470
442 445
431 432
435 438
413 434
403 416
402 415
434 440
453 461
485 474
516 499
560 540
573 566
589 571
598 580
622 599
615 603
612 585
604 578
609 585
584 579
568 556
554 545
560 550
541 543
534 520
526 511
534 519
515 515
504 493
494 485
499 490
479 484
468 460
457 451
462 459
440 456
427 436
414 426
420 430
400 424
389 401
379 391
387 403
378 413
393 417
420 441
471 484
496 515
528 528
568 550
592 585
594 590
602 599
618 600
622 614
608 599
600 589
604 580
597 589
574 573
564 566
570 560
566 567
552 552
545 545
551 537
548 549
525 532
513 526
518 520
515 528
498 512
487 498
492 491
489 503
469 489
461 482
467 477
467 488
460 479
475 489
516 513
555 561
579 584
612 613
654 637
683 672
690 676
702 681
720 684
726 703
709 693
698 687
698 675
691 679
669 656
657 643
663 634
659 643
637 627
627 619
631 610
627 615
608 594
598 581
602 571
594 579
571 560
558 550
560 540
554 544
531 523
518 509
519 498
514 508
502 501
510 510
544 527
575 563
594 575
620 593
655 611
674 642
671 641
673 644
690 646
689 654
671 635
659 621
661 609
652 615
625 595
611 586
613 575
609 581
589 561
580 552
585 545
579 555
556 537
543 529
546 519
540 524
519 504
508 492
510 484
501 492
476 473
461 464
464 453
458 458
443 442
448 445
480 461
509 504
526 521
552 546
591 567
615 599
617 597
625 602
642 617
642 622
621 605
607 595
608 594
600 587
575 561
560 545
564 549
557 546
533 528
523 520
528 522
520 515
499 494
483 477
483 477
473 471
443 448
424 434
424 432
414 421
385 393
370 377
367 376
353 368
326 347
321 343
347 366
370 385
386 396
411 415
450 448
461 472
478 476
484 482
508 502
500 503
497 486
491 478
500 487
481 484
472 468
468 465
479 473
470 474
471 462
472 460
482 472
466 472
460 459
452 454
462 461
448 459
444 445
435 434
441 443
422 442
411 423
398 414
403 418
392 417
397 407
412 417
453 456
473 488
501 502
527 527
563 556
573 574
583 567
588 570
604 585
589 587
579 569
567 560
574 566
559 564
556 549
554 546
573 566
559 570
557 559
551 557
563 567
550 565
544 547
535 538
545 549
524 548
512 530
500 523
508 529
485 521
473 496
466 490
482 507
484 525
505 532
528 554
571 588
589 613
607 613
618 620
638 638
622 637
606 610
585 590
585 587
559 573
544 544
528 528
530 530
503 523
492 502
480 491
488 495
472 492
466 470
461 465
470 476
454 477
445 459
436 452
446 460
429 457
420 434
409 424
415 433
395 432
397 423
408 433
450 466
464 487
490 493
512 507
546 534
545 550
546 542
545 544
556 553
539 551
526 526
524 514
511 518
485 499
470 488
470 478
467 484
447 464
437 451
438 440
430 445
406 421
392 411
390 397
381 397
356 372
343 357
343 344
335 351
312 334
306 331
326 338
351 368
373 385
407 410
456 440
489 483
503 497
522 514
552 527
567 551
564 546
569 545
579 543
579 557
561 546
552 542
560 538
562 550
547 537
542 529
552 527
550 541
531 528
523 524
531 520
531 531
514 515
508 506
514 499
511 512
492 498
485 493
502 493
519 517
532 524
556 539
595 560
622 597
630 606
646 620
672 629
690 655
680 643
680 639
687 633
681 643
655 624
639 613
640 603
632 607
609 583
598 571
601 563
594 572
568 553
556 545
558 534
550 539
528 517
517 504
518 495
510 504
485 485
472 477
477 471
482 486
485 486
507 502
549 528
584 573
597 589
619 610
652 627
671 655
670 651
675 654
690 656
688 670
666 653
651 643
652 631
643 635
620 612
608 599
613 590
605 599
581 581
569 571
573 561
566 566
544 544
533 530
536 534
527 529
500 509
486 499
486 499
479 492
457 468
449 458
463 472
476 487
482 495
504 517
546 551
575 574
585 579
603 592
629 616
642 630
631 623
628 623
639 630
634 624
612 601
598 587
601 591
592 587
567 568
554 558
560 562
556 557
535 536
526 524
531 530
512 527
499 508
486 497
490 500
472 493
462 469
452 458
455 462
433 459
420 439
408 431
419 441
420 451
439 453
463 472
505 510
525 541
543 546
559 560
589 584
592 596
597 585
598 584
610 595
592 596
580 576
568 568
570 569
553 563
544 540
537 533
544 540
526 538
516 520
505 512
511 516
493 510
484 487
474 477
479 484
458 481
447 462
434 452
441 456
423 448
415 425
404 414
411 421
391 419
387 406
393 414
428 442
446 466
475 475
503 497
543 533
553 556
568 558
577 567
601 585
596 589
595 574
589 567
594 575
572 572
558 551
548 543
555 548
538 545
530 524
523 515
532 525
513 524
502 504
491 496
498 501
480 496
470 473
459 465
465 474
444 471
432 451
422 441
429 445
410 438
401 415
392 406
401 417
391 425
402 426
423 445
466 480
485 505
511 512
533 529
566 560
568 576
575 571
578 575
596 589
585 588
578 567
569 558
575 566
553 562
542 541
531 534
542 540
524 535
517 514
522 506
517 515
495 500
484 493
484 484
479 489
459 470
450 457
452 447
445 455
422 439
409 431
409 420
404 425
384 405
376 394
379 385
379 399
375 397
389 410
423 427
453 462
468 472
489 485
519 498
534 526
530 525
534 529
548 529
552 542
538 527
531 516
536 505
531 515
511 501
501 496
505 491
504 503
488 489
483 483
492 479
491 492
473 480
466 475
472 469
472 477
456 460
451 452
457 446
454 458
436 447
429 445
436 441
437 454
425 442
427 439
448 444
467 474
475 482
496 501
533 520
558 551
565 554
580 562
605 571
617 595
608 590
608 591
620 588
620 598
602 579
594 567
598 560
594 571
573 556
564 551
571 544
568 551
549 531
541 521
545 515
538 527
516 511
504 504
508 496
504 504
485 486
475 476
479 469
473 480
450 462
440 451
446 442
441 448
424 433
425 433
449 444
469 478
476 486
495 504
529 519
550 549
553 549
563 554
585 560
594 582
581 574
578 574
589 570
587 579
568 559
561 550
569 556
565 557
545 542
535 539
543 545
540 541
522 522
514 511
520 515
515 510
492 491
479 483
483 484
478 479
457 458
447 446
452 451
446 449
423 431
411 424
417 428
414 424
402 411
409 415
440 444
463 469
470 479
488 497
521 526
540 541
539 538
546 542
563 559
553 566
548 554
540 550
547 555
531 549
523 529
515 519
522 528
506 530
498 516
488 512
497 520
482 517
476 498
470 489
477 497
459 496
450 477
439 468
445 472
428 466
421 447
411 436
416 443
397 441
386 423
375 414
382 420
370 418
372 406
383 412
416 441
425 464
444 469
459 483
489 505
492 515
500 506
505 507
522 524
510 528
505 514
496 508
507 516
492 512
487 492
482 486
493 499
477 500
468 487
459 484
468 493
452 489
446 468
440 460
447 469
430 469
420 450
412 443
420 448
405 444
400 423
392 414
399 422
381 419
371 401
364 397
381 411
379 419
395 420
412 432
445 464
448 482
461 484
467 491
489 506
482 511
482 496
483 495
494 507
480 512
473 494
469 492
486 506
474 504
474 490
473 487
488 502
473 504
467 490
462 486
474 496
462 492
455 471
448 464
458 475
440 476
431 458
422 452
433 461
416 455
409 433
403 426
416 440
407 447
414 442
425 451
454 474
456 485
464 476
481 478
486 495
472 486
466 483
470 478
466 483
447 465
438 455
444 448
442 462
427 451
424 451
430 446
433 457
423 445
420 439
428 434
426 447
409 435
402 432
409 428
409 435
394 420
390 412
397 405
398 415
381 400
374 397
380 393
385 409
382 408
395 417
423 431
437 458
433 457
436 463
448 463
451 476
438 463
432 456
438 450
434 460
413 443
408 440
414 433
416 445
406 433
410 431
424 420
425 437
410 430
404 429
413 428
414 440
400 427
396 420
406 418
403 431
384 418
377 416
385 411
385 421
372 407
372 405
391 413
406 444
402 444
410 451
432 457
443 473
434 462
433 456
446 452
442 456
422 439
409 430
411 420
407 429
393 416
387 409
398 408
400 426
385 416
380 414
391 411
392 423
379 408
374 400
383 395
379 407
358 394
349 388
355 381
354 390
339 373
335 367
345 366
352 386
351 384
368 388
397 398
412 422
408 417
411 419
425 422
425 440
405 429
394 425
400 420
396 429
377 413
373 408
383 420
385 426
374 419
372 422
387 435
390 436
380 424
379 420
394 433
394 436
379 425
379 419
393 424
396 424
382 412
378 407
396 427
405 442
402 445
415 459
445 483
460 494
457 488
461 489
477 506
476 510
457 499
446 491
453 496
448 489
430 469
427 462
440 476
428 478
428 467
427 460
444 464
435 466
432 450
428 448
437 459
421 462
416 451
406 445
416 454
405 455
394 435
389 430
405 448
399 459
411 459
425 470
455 490
456 499
465 492
470 491
487 508
477 510
480 489
473 483
483 493
466 492
461 478
459 478
475 495
468 504
472 500
472 502
494 520
486 520
488 506
488 505
503 517
491 519
488 503
484 499
500 508
493 508
499 494
511 493
544 512
549 532
559 534
570 549
598 573
602 589
610 581
615 583
638 607
628 615
629 607
627 609
644 623
634 625
634 610
637 612
653 627
643 632
642 619
641 618
662 623
654 620
651 603
648 602
661 618
645 625
640 611
636 610
649 620
639 621
644 610
652 614
675 635
672 647
677 639
680 640
701 656
697 662
697 645
698 640
715 655
704 650
698 634
691 632
705 644
694 649
697 640
702 646
724 673
718 688
722 684
727 690
746 708
736 711
736 695
738 694
749 705
736 711
729 693
725 691
740 703
731 703
736 682
754 684
759 709
751 705
748 709
758 709
761 723
750 710
751 709
760 707
759 726
751 716
747 713
757 709
760 720
748 705
746 698
755 692
748 700
724 684
708 673
703 659
691 658
663 632
646 612
643 599
634 604
605 579
590 566
589 553
579 552
555 528
542 510
542 498
535 507
517 494
509 489
517 485
516 493
499 474
494 466
497 457
492 467
469 450
457 440
455 427
448 430
427 406
420 392
427 386
425 400
405 389
400 391
406 386
407 398
394 385
392 383
396 377
393 393
377 385
366 383
370 381
370 394
354 379
349 373
360 372
366 393
360 391
368 398
394 402
407 422
402 415
406 415
419 415
420 431
402 420
394 416
398 410
394 417
375 400
368 395
379 396
376 414
361 406
356 404
367 399
370 412
362 402
358 396
370 396
371 411
359 396
355 394
363 391
365 404
352 392
357 394
376 400
391 430
392 434
402 447
427 457
440 480
435 473
437 473
452 476
454 493
436 479
429 474
438 466
436 474
420 455
418 445
430 453
431 457
416 446
412 443
423 453
424 453
411 438
407 433
419 444
419 448
401 435
395 433
406 444
409 447
403 440
416 448
445 473
465 494
467 496
478 506
503 526
517 534
515 525
522 524
540 542
546 550
533 542
531 541
545 553
550 556
539 543
539 541
554 555
543 560
540 548
535 546
547 556
534 555
529 538
524 532
533 540
517 541
510 524
502 517
512 524
502 523
509 511
521 510
548 533
548 547
554 541
556 546
573 560
566 562
565 547
564 544
576 556
561 560
554 546
545 541
554 549
539 549
534 532
529 525
540 536
525 539
519 524
514 521
525 527
512 522
508 503
502 494
510 501
493 497
482 477
473 470
479 474
463 470
462 455
468 458
492 482
492 498
500 494
505 500
527 516
520 520
521 508
520 505
533 519
518 522
511 506
501 501
509 507
493 503
487 483
481 476
492 488
476 490
471 475
465 472
477 481
465 480
462 463
458 459
469 472
455 476
450 463
445 460
459 472
449 472
450 457
452 458
474 482
475 500
489 503
504 517
536 543
539 555
549 547
556 551
575 571
566 578
565 566
562 565
575 576
561 574
555 554
549 548
558 560
542 563
534 546
528 543
541 554
526 552
521 533
514 526
523 539
504 539
494 521
485 514
495 521
478 516
470 494
475 486
470 496
451 482
442 476
451 473
458 487
457 482
469 487
494 494
508 519
502 516
506 518
521 519
527 531
519 522
518 518
529 516
526 529
510 516
502 511
509 506
511 518
499 505
497 499
508 498
509 515
496 507
491 507
500 505
501 518
487 506
484 501
494 497
494 511
478 500
472 497
480 492
482 503
468 489
465 482
476 479
483 499
480 499
491 509
518 520
537 544
539 540
547 543
566 547
573 567
561 559
559 559
570 558
573 570
557 555
553 547
561 542
559 555
542 542
536 538
547 534
548 546
534 532
531 525
542 523
541 537
525 522
518 518
526 515
524 526
508 510
502 504
509 500
506 514
486 502
477 498
483 492
484 504
475 494
485 498
512 508
528 538
526 538
533 545
554 550
562 567
553 555
555 553
569 552
570 568
553 556
545 551
553 546
552 555
536 539
532 532
543 530
544 547
528 535
524 534
535 531
538 543
524 530
519 523
529 521
525 535
506 520
498 516
506 510
505 519
487 501
482 494
490 502
488 504
471 491
471 493
493 512
511 526
514 525
528 532
556 555
565 566
555 558
554 557
571 567
576 567
564 553
559 548
568 558
564 560
543 545
534 541
545 548
547 549
534 534
528 526
538 537
536 539
517 526
509 521
519 529
518 528
499 509
494 502
500 509
484 512
476 495
468 490
476 496
462 494
457 474
453 469
463 480
452 485
452 476
463 485
494 509
504 525
519 523
532 531
556 552
552 562
554 552
555 553
572 565
561 563
559 546
552 539
562 549
545 551
539 537
534 535
546 543
532 539
531 524
528 518
539 530
526 535
519 519
512 514
521 520
508 517
501 497
496 491
505 502
487 502
482 489
473 483
481 489
467 487
461 469
456 463
471 481
466 492
477 493
492 505
527 532
532 545
544 541
554 548
575 567
564 571
566 562
563 562
575 570
564 570
559 550
552 543
562 553
545 555
541 542
533 539
547 550
534 547
532 531
525 523
537 537
523 537
514 519
507 514
518 520
503 515
499 496
490 488
500 501
481 500
473 483
465 478
474 484
460 483
459 467
464 471
490 497
499 519
513 519
529 533
559 556
562 567
569 556
575 559
593 576
584 581
581 567
577 564
591 575
574 569
566 546
564 542
574 555
555 556
551 543
546 539
560 549
548 549
541 527
548 522
547 535
527 519
517 514
522 508
520 516
503 499
496 490
502 484
497 494
477 480
469 475
478 472
488 490
493 490
511 501
542 514
564 545
565 547
574 556
593 560
604 579
596 569
597 565
609 564
608 576
589 563
583 562
589 555
585 560
572 547
568 541
578 537
577 550
559 539
553 536
562 533
559 539
543 523
537 514
543 508
537 519
519 506
507 499
513 492
508 499
490 481
483 474
493 472
503 496
504 500
521 516
554 529
577 558
585 559
595 563
619 571
625 588
613 580
612 580
623 577
623 589
607 573
600 562
607 557
603 570
585 557
577 553
585 548
582 557
566 539
560 531
566 525
560 537
539 521
528 516
532 508
529 516
509 496
500 486
504 478
499 492
475 474
466 470
480 469
495 493
500 493
519 506
552 522
571 552
570 554
577 560
597 563
605 580
594 566
591 560
600 557
595 570
574 553
566 549
575 547
578 562
563 547
560 542
570 539
568 553
548 539
539 532
545 523
542 528
523 508
515 497
521 503
515 502
492 485
482 478
488 482
483 477
468 460
472 460
500 484
521 505
527 511
545 527
578 553
596 566
596 562
602 564
621 579
625 584
610 569
602 566
609 573
603 569
583 550
575 543
583 552
579 554
560 541
553 538
563 546
562 545
546 529
540 524
547 534
530 535
522 520
512 513
521 520
505 515
498 496
490 487
496 495
481 498
481 490
491 500
526 527
542 547
566 552
587 567
621 595
625 612
635 608
639 613
659 629
653 633
652 618
647 611
655 620
638 620
629 601
618 592
624 594
605 585
595 559
582 545
585 548
560 541
546 518
530 501
532 502
510 492
498 469
485 458
490 465
469 465
461 451
449 443
459 453
452 457
464 453
481 466
518 499
528 523
545 525
558 537
586 557
585 563
592 554
590 552
604 566
585 565
575 546
562 537
568 541
550 534
543 514
536 506
543 516
524 516
517 500
507 492
517 499
498 494
489 473
480 464
487 474
466 471
456 452
442 443
450 450
431 443
422 421
413 412
428 428
425 441
440 445
459 461
502 495
515 515
534 515
549 525
576 551
572 563
574 555
572 555
588 568
572 564
565 544
556 535
563 545
546 547
538 530
531 525
545 535
528 529
524 510
518 503
528 516
510 516
500 497
490 490
498 498
480 494
470 473
474 465
468 474
447 459
437 452
445 448
457 467
464 469
487 484
524 502
552 539
561 548
575 561
599 570
614 589
606 579
607 577
617 573
613 583
592 567
580 560
583 553
581 560
564 542
558 534
565 528
562 542
543 528
534 523
540 515
536 522
517 504
508 493
511 485
505 494
483 478
470 471
472 462
466 468
447 448
441 441
457 444
473 474
481 484
503 505
540 525
568 557
578 561
592 570
616 577
624 599
614 592
610 591
617 586
614 593
595 573
586 561
592 555
588 567
569 553
562 549
569 544
568 553
551 537
546 528
552 523
548 534
527 520
516 513
521 505
517 512
499 493
491 484
496 477
494 491
481 484
491 494
524 510
554 545
570 555
596 572
631 591
650 622
648 623
653 629
671 631
675 645
660 629
653 619
658 611
650 621
627 602
616 595
621 588
618 596
599 575
590 565
596 558
589 569
566 551
552 541
556 531
550 535
528 512
518 500
520 491
512 501
486 482
473 474
481 470
489 488
492 487
513 503
552 536
580 563
588 571
604 586
631 608
644 617
638 607
640 605
653 616
651 618
628 601
617 592
622 595
617 589
598 570
591 561
599 569
595 570
573 555
563 549
571 555
569 552
551 532
543 524
550 532
544 533
521 516
509 508
513 511
508 505
488 485
488 483
513 506
521 529
543 538
565 558
603 589
614 606
629 603
639 608
659 625
649 631
644 617
635 611
641 614
622 607
612 584
601 573
608 580
589 580
581 563
572 558
580 565
566 562
559 541
552 532
559 540
540 538
528 519
515 510
521 513
501 506
490 482
478 470
483 477
469 481
475 477
490 490
529 520
546 541
569 545
588 558
617 583
615 595
616 587
615 586
629 596
614 591
605 569
595 558
599 564
579 562
569 544
560 538
570 545
556 541
551 522
545 515
553 525
535 524
524 504
512 496
518 501
499 494
489 471
477 461
480 468
459 466
447 448
442 446
465 465
472 481
495 485
519 503
557 537
565 558
578 559
586 567
610 585
604 589
603 573
599 567
607 578
586 576
575 556
563 548
572 554
556 549
550 528
543 521
553 533
535 533
526 515
516 508
525 515
508 511
500 489
493 482
498 490
478 488
466 468
456 460
467 468
461 473
474 470
496 488
540 527
559 559
580 566
600 584
634 612
636 623
643 613
660 616
664 634
648 623
638 618
640 610
634 615
615 596
606 583
612 576
605 583
583 566
572 559
576 551
572 559
552 538
543 527
547 518
541 528
519 513
507 505
509 495
503 500
482 481
477 474
487 471
500 499
507 507
530 529
569 549
599 584
610 591
627 602
653 613
664 636
654 629
650 628
658 622
653 629
631 607
620 594
622 583
615 593
594 577
583 570
589 564
586 569
569 551
562 542
566 534
558 543
536 528
523 521
525 511
517 516
495 496
484 486
485 476
480 489
465 479
471 486
503 502
532 537
551 548
576 565
613 585
633 617
630 618
634 623
650 624
658 641
641 622
630 609
634 602
626 611
601 592
590 585
594 576
589 583
573 566
566 556
571 549
565 560
544 546
531 537
533 525
527 532
506 510
494 498
496 490
487 499
461 480
449 473
459 470
473 492
477 492
501 510
543 534
572 574
581 583
595 597
621 607
633 628
625 618
625 615
637 614
629 622
604 603
590 593
593 581
589 588
571 568
564 559
571 565
570 567
546 551
535 543
538 545
532 538
511 516
500 505
504 509
496 507
469 487
455 478
458 480
451 472
433 455
435 455
464 482
489 507
502 520
527 543
566 576
590 594
593 593
603 599
623 616
626 622
608 608
597 601
602 604
594 597
571 574
561 563
568 570
550 569
542 552
532 545
541 551
526 546
519 526
511 515
517 522
497 519
485 501
473 491
478 493
460 487
449 464
439 453
445 459
432 463
440 460
458 476
501 511
523 538
552 547
577 565
612 595
615 613
623 610
626 614
644 627
632 627
626 607
616 596
621 601
599 597
587 578
576 570
584 577
569 573
562 553
555 545
562 553
543 552
532 533
520 525
526 528
509 524
499 501
488 490
492 496
470 492
457 472
448 465
468 479
473 493
496 498
525 520
570 559
584 586
604 593
619 605
647 628
645 635
648 623
646 620
655 631
634 630
620 608
606 597
612 600
593 593
583 571
575 562
582 571
563 569
552 550
541 541
547 546
528 539
518 516
507 504
511 512
487 508
473 485
459 474
464 477
443 469
434 447
433 446
461 472
471 496
497 507
526 531
570 568
584 589
602 589
615 599
639 622
630 629
626 616
619 610
627 615
605 607
593 582
582 572
588 580
566 578
557 560
547 552
557 559
539 554
531 531
535 522
528 531
506 514
493 506
493 496
487 499
466 479
455 467
456 455
447 462
425 446
415 441
430 444
451 472
468 483
498 505
541 529
572 569
582 579
596 593
619 602
630 621
623 611
621 605
626 597
618 605
594 586
580 576
582 565
578 570
560 553
553 543
558 536
554 547
533 532
521 524
524 514
518 520
497 500
486 488
488 478
480 486
457 470
442 459
442 448
433 451
415 433
414 429
438 438
464 475
481 491
509 517
553 542
579 574
588 578
602 587
624 594
631 615
617 606
609 601
611 592
604 597
582 575
571 563
574 555
568 566
547 551
537 545
543 537
539 544
520 524
511 513
515 505
508 515
484 497
471 488
474 477
468 481
447 460
436 446
438 437
431 446
410 431
412 435
441 448
472 484
493 499
525 522
568 545
594 584
598 589
606 598
626 602
633 619
619 604
610 594
615 586
605 595
579 576
566 567
570 557
566 565
547 546
540 538
547 534
543 546
521 530
510 521
516 513
511 520
491 499
482 488
487 492
479 490
455 471
443 462
446 464
442 459
430 445
443 452
481 484
515 516
536 532
566 558
609 592
636 613
643 613
655 620
678 640
684 649
667 637
658 631
663 635
657 630
636 608
626 598
634 605
629 605
607 589
598 582
605 586
600 581
578 559
569 548
573 553
552 550
540 531
527 522
531 526
512 518
502 495
491 483
493 487
475 487
475 478
485 490
524 522
545 548
576 560
603 580
640 614
647 633
657 632
662 638
681 653
672 654
666 635
656 624
658 629
635 624
623 604
610 595
616 599
600 594
591 573
582 563
588 571
568 570
554 551
541 541
546 544
527 538
517 516
504 503
507 509
484 506
470 485
455 474
461 479
442 471
441 457
452 464
488 496
505 524
534 535
560 557
599 590
610 608
622 604
630 607
651 627
636 630
625 610
615 603
618 605
595 595
586 573
577 564
584 571
565 570
555 550
546 543
556 549
540 544
529 520
521 511
525 518
504 516
489 495
477 486
482 491
459 482
448 459
435 448
440 456
421 457
424 449
435 459
477 493
499 520
529 528
552 545
591 579
595 599
603 596
607 599
626 615
613 612
606 591
595 579
601 588
576 583
564 561
552 550
561 556
544 552
539 532
531 524
536 532
516 530
503 509
490 498
498 503
479 496
469 473
470 463
463 472
441 455
428 445
429 435
422 440
413 430
426 437
461 454
493 495
512 513
538 536
573 555
598 584
601 583
610 588
627 591
631 609
614 598
604 592
606 582
600 586
580 566
571 555
576 547
572 557
552 543
542 536
546 528
542 534
523 515
513 504
516 495
508 504
484 488
472 480
473 470
467 475
446 455
436 443
439 434
439 449
434 446
452 462
491 483
527 522
547 534
575 553
609 569
629 600
628 600
632 605
646 605
648 618
630 600
619 588
620 578
610 585
586 567
574 559
578 550
575 557
557 539
549 530
554 522
547 532
524 515
511 506
512 497
505 501
483 479
471 467
471 456
462 464
436 445
421 436
429 431
441 452
449 455
475 473
519 498
551 540
562 550
579 566
607 577
621 600
614 592
615 589
625 586
620 597
595 578
580 566
583 555
578 561
557 539
549 529
556 523
550 535
528 518
516 511
520 501
514 507
494 489
481 475
483 464
473 471
448 451
432 440
434 429
429 436
416 422
426 427
460 456
489 483
503 497
529 519
563 545
583 561
582 557
588 560
605 576
606 580
584 564
570 556
572 557
564 550
541 527
530 514
537 524
532 522
510 506
500 501
508 507
503 502
486 484
475 473
479 477
471 476
448 458
433 448
435 449
430 442
406 419
399 413
417 432
424 453
447 464
473 486
518 523
534 544
554 547
567 553
589 572
583 580
580 567
573 562
578 565
559 558
548 535
537 524
543 531
525 531
517 515
509 509
519 516
503 512
496 492
487 481
493 488
473 486
461 466
448 458
453 461
433 454
423 431
411 420
415 425
397 425
397 415
409 427
449 460
471 486
502 497
529 518
567 552
573 572
582 570
586 575
604 590
593 591
586 571
576 559
581 564
559 561
548 542
539 534
548 540
533 536
527 517
519 509
527 518
506 516
495 497
483 488
490 492
472 486
462 462
450 452
454 459
431 455
419 437
405 428
419 437
417 444
435 445
459 463
507 507
522 534
544 542
561 557
594 582
595 591
601 580
602 578
616 592
594 587
582 566
568 555
576 560
558 554
550 532
543 525
553 536
534 535
523 517
514 509
522 515
504 509
494 485
484 475
489 483
466 481
452 459
439 449
444 453
424 445
415 423
414 421
442 448
452 472
478 483
507 506
554 543
568 563
586 563
611 573
623 596
614 591
611 590
616 584
611 588
592 564
581 552
583 544
575 552
553 539
542 533
545 526
541 534
523 517
512 506
515 497
508 506
484 491
470 482
470 473
466 478
444 456
432 443
433 432
426 439
407 424
409 422
436 433
467 469
487 484
517 508
558 533
586 572
591 580
601 592
622 599
631 617
622 607
616 597
620 590
613 598
590 581
579 571
584 562
582 570
566 552
559 542
570 536
565 542
543 527
532 521
534 514
528 521
506 502
495 493
496 485
486 494
460 478
444 470
444 459
440 464
433 454
448 462
487 481
521 523
539 538
565 560
602 578
625 606
628 602
638 603
656 606
658 624
639 611
627 604
629 593
622 599
602 580
592 568
598 562
592 574
570 559
559 553
563 546
558 554
537 533
527 521
531 511
523 521
498 502
484 492
487 480
480 483
459 457
447 443
448 433
444 446
432 440
444 454
482 474
517 515
536 528
565 550
603 571
624 605
621 606
626 613
642 616
645 630
628 612
618 600
622 604
613 599
589 581
578 572
585 575
584 568
567 549
559 541
565 548
558 548
533 529
520 521
523 523
517 517
492 494
480 482
482 486
472 482
445 464
430 454
433 455
428 450
416 437
428 443
466 475
499 503
518 515
545 537
585 568
608 587
611 587
620 592
640 612
631 620
624 606
613 599
618 603
599 596
589 574
580 564
585 571
567 570
556 551
545 543
551 546
533 539
522 516
511 502
517 505
494 500
480 481
466 470
468 473
448 466
436 443
424 431
425 436
401 432
390 415
389 416
420 440
434 462
465 473
495 496
540 534
553 557
569 561
582 569
608 588
606 593
610 575
607 569
615 579
594 577
581 558
568 549
576 555
559 550
551 529
543 521
549 530
529 529
517 510
504 501
509 505
489 497
477 473
467 461
471 466
449 462
436 440
423 428
430 425
411 417
399 395
388 387
400 402
397 417
418 425
444 449
492 489
515 518
541 525
564 543
596 573
596 590
601 584
603 585
618 596
604 593
596 569
585 558
590 564
569 561
559 542
548 535
557 542
541 538
533 517
525 510
531 519
509 517
497 497
484 488
489 492
468 486
457 463
445 453
450 459
427 455
413 432
400 421
408 425
396 421
407 412
428 428
474 470
495 503
525 517
552 542
593 574
602 592
616 590
638 598
647 620
636 614
630 612
633 603
629 609
609 589
601 578
604 568
603 580
584 564
573 556
577 546
576 546
559 528
550 518
553 511
547 522
522 506
508 499
509 490
503 496
482 477
470 465
471 455
462 464
438 447
431 445
450 451
475 483
494 495
527 518
571 543
603 584
615 592
632 605
657 617
671 639
665 634
664 632
672 630
668 643
642 626
629 618
631 607
625 612
605 592
596 582
600 573
594 583
572 565
559 555
561 544
554 548
533 526
522 510
525 495
517 502
491 484
476 475
476 463
468 468
444 446
433 433
433 423
427 434
416 429
429 443
469 466
504 509
527 525
557 545
597 566
620 600
623 603
631 612
651 615
659 630
646 615
641 602
647 594
638 603
614 587
602 581
606 574
602 583
583 565
573 555
578 548
571 559
545 542
531 533
531 523
522 530
498 507
486 495
488 485
480 493
454 474
439 464
441 452
434 455
412 432
403 421
414 419
428 444
437 454
465 479
513 506
550 546
568 557
590 572
621 598
636 615
629 610
630 612
643 621
641 619
620 598
609 586
613 591
606 590
583 573
573 566
580 572
576 568
558 549
549 539
555 544
548 542
523 522
508 511
512 511
505 502
483 479
471 468
473 472
464 469
436 450
422 439
424 441
416 434
400 417
405 420
439 450
458 481
489 498
519 525
564 561
580 585
599 587
613 595
636 616
631 625
628 614
621 609
628 613
609 605
599 582
589 571
595 577
576 577
568 559
558 552
565 557
549 553
541 532
531 521
536 526
515 524
501 503
488 493
492 495
472 487
461 464
449 452
451 457
429 453
414 432
402 423
417 435
422 448
448 454
479 479
529 523
549 554
574 565
593 583
624 608
625 618
631 608
631 607
643 620
624 619
610 597
595 586
599 588
580 581
571 561
562 551
569 560
549 558
539 540
528 531
534 536
516 530
505 507
495 497
499 503
476 500
463 479
449 469
454 472
432 463
421 438
410 427
419 438
415 448
432 452
460 475
510 515
536 547
566 557
591 577
626 610
628 627
636 623
640 626
657 640
644 638
636 616
626 606
628 610
606 604
593 582
583 573
592 578
575 573
567 551
558 541
565 550
544 547
530 525
517 515
523 518
502 510
490 485
478 474
481 480
456 475
441 452
426 440
434 445
425 447
440 444
477 463
513 506
534 527
563 554
599 574
624 606
629 608
640 615
658 619
663 638
645 625
633 618
632 606
624 609
603 587
591 574
593 565
587 574
567 558
555 550
557 541
552 546
531 525
520 511
521 497
512 503
486 483
469 472
466 458
455 460
429 437
413 421
411 407
399 413
379 398
382 403
413 417
446 455
470 471
502 495
544 518
572 554
576 560
585 570
606 575
613 591
602 578
595 569
599 562
591 569
567 551
554 541
558 532
555 540
536 521
529 512
535 504
530 515
507 499
496 492
498 483
493 488
472 468
462 456
464 447
456 456
431 438
416 428
417 418
412 425
395 407
400 408
430 423
462 465
483 485
516 515
560 540
592 577
603 584
618 594
643 603
652 625
638 615
630 611
635 603
627 609
605 587
595 576
600 567
595 579
573 562
563 554
569 546
565 554
545 534
536 523
539 514
531 524
506 505
492 495
493 485
485 488
462 466
449 452
449 441
437 448
411 428
405 424
429 431
456 465
476 479
509 504
556 544
587 573
595 582
609 595
635 616
645 623
637 611
632 606
639 613
632 611
607 592
595 583
602 587
598 584
580 565
574 558
582 566
577 565
556 548
543 540
547 542
539 536
517 514
505 502
508 507
499 504
472 485
457 474
460 476
452 468
430 446
426 440
450 463
463 488
494 504
528 535
579 576
603 605
629 613
648 627
678 654
678 668
681 662
678 660
687 668
668 661
656 636
643 623
647 628
627 625
616 606
605 598
612 602
596 597
588 575
579 565
584 572
563 570
551 550
537 540
542 543
522 535
510 511
496 497
498 502
473 495
458 472
448 464
467 480
475 495
502 503
533 526
580 568
598 597
621 606
639 621
670 646
671 656
676 646
676 643
687 654
667 651
654 628
640 617
645 620
627 613
620 593
613 585
622 595
603 593
593 576
582 568
590 574
571 569
561 547
550 537
556 546
535 544
523 524
509 514
515 518
493 510
480 485
468 474
475 483
465 491
478 493
500 512
546 551
567 579
595 588
618 607
653 640
654 658
660 654
661 656
675 669
658 665
644 640
628 625
628 629
601 623
583 598
566 585
568 586
546 576
533 551
520 538
522 542
495 535
477 508
460 493
461 492
436 479
420 450
405 434
404 436
376 426
355 399
337 382
337 380
314 367
308 346
330 350
353 382
370 396
399 421
438 442
468 475
478 481
492 489
515 496
524 517
513 508
506 504
508 494
503 498
482 476
470 462
473 453
468 462
447 447
437 442
441 435
437 442
420 425
411 414
414 406
409 417
385 399
371 391
371 380
365 384
343 363
332 350
333 339
324 347
300 329
290 323
305 324
330 353
345 363
378 386
424 414
460 457
473 471
492 488
519 499
534 521
530 514
530 512
540 507
535 518
510 501
497 491
499 481
495 489
478 471
471 463
478 459
474 472
455 458
446 452
451 445
447 452
429 433
421 423
424 414
417 424
394 408
381 399
382 390
376 396
356 376
353 371
375 379
401 416
419 433
451 462
498 490
534 531
550 540
570 554
600 568
614 595
606 591
605 591
614 587
610 595
589 573
577 560
580 552
573 562
550 546
539 539
545 531
543 540
525 521
516 511
520 504
514 514
489 496
476 487
477 476
470 482
447 460
434 447
434 436
425 445
408 432
415 441
451 458
487 499
514 518
552 547
606 594
646 630
665 647
688 668
724 696
741 709
737 700
739 696
751 706
750 708
731 692
724 688
736 697
739 698
726 683
723 679
736 690
734 693
714 678
705 672
714 678
711 675
692 655
684 646
691 654
686 653
663 636
652 629
663 638
671 644
671 642
687 656
722 690
729 712
742 713
745 719
758 732
745 729
734 705
718 689
712 686
676 668
644 631
611 603
595 587
558 564
533 528
512 505
509 506
485 499
471 479
460 469
468 474
452 468
442 447
430 434
433 438
408 430
390 406
370 390
368 388
344 377
329 350
314 336
318 343
302 345
305 339
320 352
358 384
376 409
403 416
425 432
459 462
460 479
467 475
471 479
489 493
479 494
474 476
466 468
473 477
453 476
442 458
432 450
440 455
422 451
414 429
404 419
409 427
389 426
379 408
371 403
381 411
367 408
362 389
355 381
362 389
341 385
327 365
313 353
321 359
317 364
334 363
360 383
405 423
424 454
448 463
468 479
500 504
500 513
503 501
501 497
510 507
488 504
475 484
465 476
474 483
461 483
454 461
447 454
455 465
436 464
426 446
416 438
425 446
411 443
406 424
401 419
413 433
395 433
387 417
378 412
388 420
375 417
379 405
390 415
424 446
430 467
447 470
461 482
489 504
487 511
488 497
497 493
492 502
467 483
448 470
441 453
432 454
408 432
401 424
412 421
417 440
404 432
402 432
412 430
413 440
397 424
388 414
390 404
381 412
354 394
336 382
330 367
316 365
288 338
271 321
275 313
284 335
288 340
307 358
339 375
362 403
366 403
375 407
392 410
396 428
378 415
365 406
362 391
350 390
324 365
311 349
311 338
306 349
288 336
282 334
291 331
296 344
287 333
288 331
302 332
306 352
295 346
294 349
309 349
316 365
312 357
323 364
356 380
384 418
397 431
420 451
454 467
476 495
478 494
488 497
507 501
512 521
498 510
492 507
498 501
497 510
483 495
480 490
493 488
495 506
481 497
478 497
489 494
493 508
480 494
477 489
487 486
485 501
466 488
458 484
465 479
466 490
454 478
463 483
490 496
511 530
513 535
525 547
549 556
563 580
554 569
554 566
566 566
564 581
543 566
532 560
538 552
535 560
518 542
512 535
522 533
523 549
507 537
500 532
509 527
508 538
493 523
487 515
496 525
495 527
474 512
466 506
476 512
477 513
472 504
482 511
511 537
530 556
530 557
537 564
559 580
567 585
556 572
554 567
568 579
563 578
542 561
530 553
536 556
533 551
518 532
514 524
524 534
522 535
503 521
496 515
505 521
504 518
485 497
479 489
486 496
470 497
462 481
452 474
460 480
449 479
454 469
464 476
492 501
494 518
504 516
510 523
530 538
526 543
527 529
526 525
538 537
522 538
515 522
505 517
515 523
503 521
500 505
497 500
509 513
496 518
491 505
486 503
498 512
488 512
484 495
479 490
489 502
473 503
466 488
459 482
471 491
463 492
470 484
481 491
509 517
512 534
522 532
529 538
552 555
548 561
552 548
553 547
569 563
557 567
553 553
548 551
563 561
554 561
552 545
550 540
564 553
550 556
545 542
539 539
552 549
540 548
538 531
535 527
546 541
531 544
526 530
520 528
535 540
527 542
533 532
541 538
564 561
558 573
561 565
561 566
577 580
567 580
564 562
559 557
569 568
551 569
543 551
537 547
549 555
538 555
537 537
536 533
551 547
536 550
532 535
526 530
539 540
525 536
521 517
516 510
525 522
507 521
499 504
493 499
506 509
497 511
501 499
509 505
532 528
527 540
530 531
532 533
551 547
541 548
538 530
547 525
545 538
526 526
519 522
527 519
528 528
515 514
515 510
526 507
527 523
511 511
505 508
512 504
513 513
498 499
494 492
502 488
501 502
484 491
477 488
484 483
486 495
475 483
477 481
492 482
498 502
486 496
483 495
492 491
492 500
475 483
468 473
472 465
466 475
444 459
434 454
443 448
445 460
434 447
433 442
444 440
444 455
427 443
418 438
424 431
421 439
406 422
401 414
407 408
404 421
386 410
380 407
390 404
395 419
388 410
394 412
413 417
422 440
412 434
411 436
423 435
427 448
414 433
409 423
416 418
413 432
394 420
387 417
396 415
398 429
386 416
384 412
393 408
393 424
374 412
367 409
375 403
374 413
359 397
353 389
362 386
360 401
343 390
339 390
357 393
371 414
372 411
383 418
406 425
416 449
407 443
405 443
417 439
417 449
399 431
390 420
395 413
391 425
371 411
365 407
375 403
378 415
365 400
361 392
370 388
367 401
347 386
338 381
345 373
342 382
325 364
319 355
328 364
330 369
322 362
332 372
362 395
382 410
383 410
393 415
415 435
422 445
410 437
406 435
417 443
414 440
396 422
390 414
399 423
400 426
384 415
381 415
396 428
401 430
390 417
390 413
402 425
403 430
386 418
381 416
393 424
395 424
385 413
393 418
419 441
425 460
440 463
448 471
471 489
469 496
474 486
477 485
492 499
479 503
473 489
465 484
477 494
461 489
457 472
455 468
469 482
458 487
456 476
453 474
467 484
457 485
455 470
452 465
464 478
449 481
444 467
439 465
460 481
461 491
475 488
488 496
515 521
514 535
519 529
521 532
538 545
531 547
531 532
528 527
539 540
522 542
516 526
510 522
522 531
510 530
509 513
506 509
520 522
506 526
501 512
496 509
508 518
496 517
492 499
488 494
499 506
489 512
492 505
500 514
529 537
532 548
542 542
549 544
569 564
559 572
557 560
555 560
569 571
557 569
551 550
546 543
556 555
540 557
533 542
528 538
542 548
531 547
527 529
524 524
536 537
520 539
513 523
507 518
519 527
505 523
500 504
500 501
521 523
520 536
530 534
541 542
567 563
566 570
571 559
574 560
591 577
579 582
575 568
570 564
582 573
566 569
560 548
555 543
565 555
549 557
543 542
538 538
551 549
539 548
537 530
546 526
546 539
529 528
522 524
527 519
526 526
511 509
506 501
517 499
526 521
523 522
533 532
558 542
573 563
572 559
579 562
598 565
604 585
593 578
590 578
600 574
600 584
585 568
579 559
586 555
584 569
566 557
559 553
566 550
566 560
552 544
547 538
553 532
550 546
531 532
522 526
526 518
523 525
506 506
498 496
503 488
498 499
480 487
478 488
499 494
517 518
521 518
536 527
562 535
575 561
570 558
573 562
590 564
597 579
589 567
587 562
597 559
596 573
576 560
571 556
579 551
581 563
568 549
565 544
575 541
575 556
557 544
550 541
557 536
556 546
539 529
534 521
541 516
537 528
516 514
506 509
513 503
510 511
493 494
491 489
508 493
522 520
522 522
535 535
564 545
583 570
584 566
593 571
615 577
624 600
613 593
612 595
625 592
626 604
610 587
605 580
614 576
612 590
593 577
586 573
596 569
596 579
579 561
574 553
582 548
579 562
558 547
547 542
554 535
550 543
531 523
522 514
529 520
523 518
500 502
488 494
495 499
491 494
473 475
468 468
484 482
495 496
496 498
511 511
544 536
566 552
571 550
584 557
608 579
619 592
610 586
612 590
629 602
632 603
617 586
613 580
623 590
620 592
601 578
595 575
606 583
606 582
590 564
584 557
593 566
576 566
566 548
555 541
561 545
544 538
536 517
526 507
531 514
512 514
502 496
492 490
500 496
485 492
479 473
473 465
480 474
464 477
463 467
467 472
496 495
506 512
524 511
541 522
570 549
572 564
581 561
588 568
611 585
608 591
614 579
611 575
626 589
608 589
600 572
592 568
603 576
590 575
586 556
580 550
590 560
572 561
563 545
553 538
560 544
543 539
535 518
526 509
531 517
510 516
500 497
488 488
495 494
477 489
470 468
462 460
469 469
451 469
441 452
432 446
447 460
442 464
455 460
472 471
509 504
518 525
535 527
549 540
580 563
584 574
597 569
603 570
624 590
615 596
612 584
607 581
619 590
605 587
601 569
595 563
605 575
588 576
580 559
572 552
583 560
566 555
558 533
550 525
556 534
535 532
524 513
512 504
519 509
501 504
492 482
483 473
489 483
470 482
460 463
450 456
460 463
444 458
437 436
432 430
447 447
443 459
456 459
474 474
513 505
526 524
547 525
576 538
593 566
593 568
599 576
617 581
625 597
617 586
615 580
623 575
622 588
604 575
595 570
601 564
600 573
585 557
580 550
586 544
582 556
562 543
551 537
554 529
550 535
530 515
521 504
524 495
517 504
494 487
481 480
483 471
478 477
460 459
452 449
456 441
451 452
430 437
420 431
428 428
437 444
440 443
460 457
496 475
524 511
533 520
551 537
580 548
598 573
599 569
607 572
625 575
631 595
615 584
607 580
613 573
611 582
595 564
588 556
596 550
592 563
573 550
563 545
569 539
566 548
548 530
540 521
545 515
539 527
517 510
505 503
507 494
501 500
481 480
472 469
476 462
471 472
448 457
437 450
443 443
440 451
424 434
422 431
444 438
463 470
471 479
493 499
530 517
556 547
563 550
577 558
603 568
614 593
606 588
608 591
622 589
625 601
610 582
605 575
613 570
610 585
589 570
581 566
589 559
588 569
570 550
561 539
568 532
561 542
537 525
524 516
527 505
522 510
500 488
489 476
494 480
487 476
464 457
453 450
459 457
454 453
436 435
427 427
434 434
432 436
419 428
428 437
461 464
490 485
505 493
529 510
565 541
585 562
584 563
592 571
615 588
625 595
616 583
615 580
624 591
621 592
600 576
590 570
599 577
597 575
580 556
574 548
582 557
564 557
554 540
543 532
549 535
531 529
522 507
512 495
516 501
494 498
481 480
468 471
472 476
454 469
444 448
434 437
440 444
419 442
409 424
402 421
422 437
429 450
450 454
475 472
513 507
525 531
541 535
555 548
582 568
584 577
589 566
592 567
606 583
592 586
584 571
576 566
585 571
572 569
566 550
562 543
573 555
559 557
553 543
546 539
558 547
544 545
538 525
531 518
538 528
519 527
508 508
497 501
503 505
485 499
476 477
466 467
472 475
451 474
441 456
435 452
457 469
465 484
490 490
518 513
562 552
578 580
598 586
615 600
647 624
650 636
660 627
664 628
682 645
668 647
661 631
652 624
661 630
644 625
636 604
628 594
634 602
613 599
601 578
588 569
593 572
573 564
561 539
548 528
551 535
527 530
513 509
499 499
506 503
486 495
477 470
466 459
471 467
448 463
434 443
426 437
444 451
448 464
470 466
498 488
542 528
557 555
576 560
593 574
624 598
624 607
632 597
649 599
651 615
635 603
625 595
626 586
622 591
603 572
594 560
602 555
594 562
574 548
563 540
564 531
560 537
540 517
529 505
532 495
523 501
501 487
483 474
483 464
475 469
454 449
443 437
444 427
436 437
413 421
399 412
403 405
408 418
411 417
433 433
474 455
507 496
523 512
545 532
577 547
597 573
597 571
604 574
620 576
623 595
605 582
594 577
597 569
593 574
574 554
566 543
571 535
567 546
546 531
535 523
539 515
535 522
513 500
501 488
503 479
493 485
467 467
453 457
454 446
447 450
425 429
414 416
416 406
408 414
384 397
374 391
386 391
403 415
415 422
444 443
489 469
521 511
533 523
549 541
578 552
594 576
590 569
593 569
606 569
604 583
583 567
571 560
575 551
572 559
554 540
547 531
556 526
551 538
530 523
520 517
526 508
522 515
502 494
492 482
496 475
488 484
463 466
449 457
453 447
447 452
426 431
414 418
417 411
410 422
391 409
396 415
428 429
459 465
479 478
510 498
552 534
577 556
580 559
589 568
611 584
619 587
608 572
604 564
612 570
606 566
581 546
568 536
573 538
567 530
545 508
536 497
540 501
531 498
504 477
490 466
490 466
482 458
457 434
444 421
444 424
432 419
404 398
388 388
389 390
378 380
354 357
342 346
356 361
358 378
379 388
405 412
451 449
472 476
499 485
520 501
551 530
553 547
561 545
563 550
581 564
571 564
568 548
563 543
575 555
561 559
558 549
556 548
571 560
563 561
562 548
561 544
572 558
557 562
549 547
541 543
549 550
532 545
524 523
512 510
517 516
496 514
485 497
481 496
507 516
521 536
552 547
586 573
635 616
654 648
678 658
696 675
728 701
732 714
740 705
744 705
759 719
743 718
732 698
719 688
725 691
706 684
696 660
687 651
693 658
672 655
660 635
648 627
655 631
633 620
613 588
589 565
585 564
556 554
539 530
526 520
538 529
537 538
563 547
606 582
667 631
706 675
714 658
592 535
286 287
11 23
10 10
10 10
22 22
10 23
10 10
10 10
22 22
9 22
9 10
9 9
22 22
10 22
10 10
10 10
21 22
9 22