486 699
504 694
510 705
497 688
497 681
509 674
510 684
498 668
497 662
514 657
520 669
513 652
511 647
521 641
527 651
510 636
504 631
516 628
519 639
504 623
501 618
510 613
511 623
495 609
492 605
506 603
517 616
517 601
536 597
567 593
585 605
581 591
590 587
610 598
617 598
602 583
600 579
610 587
611 588
585 574
575 571
581 582
575 583
555 568
545 565
551 573
546 573
525 560
515 558
522 569
515 571
492 557
481 553
484 563
476 563
453 550
443 548
451 560
445 562
428 548
430 546
456 555
474 557
479 544
494 543
522 555
521 557
525 543
527 540
543 550
535 551
534 538
534 536
550 549
537 551
532 537
528 534
538 544
525 546
521 533
517 532
530 544
517 546
510 533
502 530
507 540
490 542
479 529
472 528
478 541
459 543
449 529
438 527
447 538
440 539
453 526
469 525
504 538
514 541
529 526
538 524
558 535
551 537
553 524
555 523
572 536
561 539
561 525
554 523
564 534
549 535
546 522
544 521
560 534
547 537
542 523
535 521
542 532
523 533
511 521
501 520
509 533
489 536
478 522
465 520
468 531
446 533
438 520
439 519
467 533
473 535
489 521
502 519
527 530
522 532
522 519
521 518
536 532
523 535
519 520
514 518
524 529
507 531
500 518
496 517
510 531
497 534
494 519
489 517
500 529
484 531
477 518
471 517
483 531
466 533
459 519
452 516
461 528
445 530
438 517
435 516
456 530
459 532
479 518
499 516
534 528
539 529
551 517
560 516
582 530
573 531
574 518
572 516
585 528
569 529
562 517
567 516
563 530
545 519
538 518
542 516
536 528
517 517
507 517
512 516
509 530
488 519
479 517
480 516
472 528
453 518
443 517
448 516
447 530
429 520
429 518
453 516
474 528
486 518
508 517
542 516
563 530
563 519
573 517
591 515
600 528
594 517
598 516
615 515
620 530
608 518
605 517
616 515
616 527
603 517
599 516
611 515
612 530
594 518
588 516
593 514
588 528
568 516
560 516
565 515
562 530
540 518
531 516
534 514
533 527
526 516
536 515
570 515
594 530
599 518
612 516
633 514
641 528
630 516
630 516
646 515
651 530
635 519
629 517
635 515
629 528
609 517
600 516
610 516
609 531
591 519
581 517
584 515
576 529
552 518
538 517
542 516
536 531
512 519
501 517
503 514
494 528
472 517
460 516
470 515
479 531
480 518
496 517
527 515
548 528
548 517
555 515
577 515
584 530
574 518
575 516
588 514
590 528
574 516
569 515
582 515
582 531
565 518
560 516
569 514
567 528
549 516
541 515
552 528
547 531
526 517
516 516
521 526
516 528
494 516
485 515
493 527
489 531
472 517
476 515
501 526
522 528
529 516
546 515
578 528
592 531
585 518
587 516
603 526
607 528
598 516
594 515
607 528
604 531
585 518
578 516
584 526
581 528
562 516
554 515
564 528
548 531
540 517
528 515
531 526
510 528
499 516
488 515
495 528
478 531
468 517
459 515
467 526
462 528
472 516
490 515
526 528
537 531
552 517
563 515
586 526
582 527
585 515
587 514
606 528
597 530
594 517
589 515
596 526
579 527
571 515
565 514
576 527
561 530
555 516
546 514
552 525
533 527
522 515
513 514
519 527
499 530
488 516
478 514
482 525
461 527
451 515
447 514
470 528
475 531
493 517
512 515
545 527
547 529
555 516
560 516
582 529
574 532
575 518
574 516
586 528
569 529
562 517
558 515
570 529
554 532
547 518
541 515
550 527
532 529
522 516
514 515
522 529
501 532
491 517
480 515
485 527
465 528
454 515
445 515
452 529
434 531
433 517
444 514
474 527
484 528
500 515
519 514
551 528
550 531
556 516
559 514
576 526
567 527
567 515
564 514
578 528
563 530
558 516
552 514
561 527
545 528
539 515
534 515
544 529
525 531
515 517
505 515
512 527
491 529
478 517
483 516
480 531
460 520
449 519
450 517
446 529
436 519
445 518
478 516
506 531
518 520
536 518
560 516
572 528
566 518
569 517
588 515
596 530
583 519
581 517
588 515
585 527
568 517
562 515
571 514
571 529
555 518
548 515
551 514
545 526
524 515
512 515
515 514
509 529
487 517
475 515
475 513
465 526
441 516
428 514
436 514
444 529
445 517
462 515
494 513
516 526
520 516
529 515
553 514
564 529
557 518
561 516
576 514
580 527
567 516
561 515
572 514
571 530
554 518
548 516
554 514
552 527
534 516
526 515
532 515
527 530
504 518
493 516
494 514
487 528
464 516
453 515
458 515
454 530
435 518
436 516
461 514
484 527
496 516
518 515
555 514
577 529
576 517
584 516
604 514
610 527
601 516
602 515
617 514
619 530
599 518
591 516
597 513
593 527
574 516
565 515
572 514
568 530
544 517
530 516
531 514
521 527
496 516
481 515
482 515
474 531
448 518
434 516
433 514
426 528
412 516
421 515
453 527
479 530
487 518
504 515
530 526
542 528
533 516
533 515
550 528
555 531
541 518
536 516
543 526
538 528
517 516
507 516
516 528
514 531
494 519
484 517
487 527
477 529
453 517
442 516
447 529
440 531
419 518
409 516
413 526
407 528
387 516
378 515
391 528
386 530
401 517
422 515
462 526
477 527
498 515
514 514
543 527
544 530
549 517
553 515
570 525
562 527
561 515
557 514
571 527
558 530
553 516
546 515
555 526
539 527
530 515
521 514
528 527
507 530
495 516
482 514
485 525
465 527
454 515
442 514
450 527
431 530
421 516
418 514
439 525
445 527
463 515
484 514
521 527
527 530
537 516
542 514
560 526
552 527
553 515
553 514
569 528
555 531
549 517
542 515
549 527
531 528
522 516
514 515
524 529
506 532
497 517
488 515
492 527
471 528
459 516
447 515
454 528
433 531
422 517
410 514
414 526
398 528
399 515
411 514
446 528
456 531
475 517
491 515
516 527
514 528
518 516
522 515
543 529
535 531
535 517
533 515
543 527
527 528
520 516
515 515
528 529
512 531
507 517
500 515
509 527
492 528
483 515
476 514
486 529
468 530
459 516
450 514
457 526
440 527
431 515
426 514
444 529
442 530
460 516
482 514
521 526
533 528
550 515
577 514
594 529
593 518
600 516
621 514
628 526
620 516
620 515
634 514
637 529
623 518
619 516
627 513
626 526
608 516
600 515
608 514
603 528
582 518
569 516
569 514
561 527
539 516
526 515
529 514
524 529
502 518
491 516
499 514
506 527
508 516
527 515
560 514
582 529
583 518
590 516
604 514
606 527
594 516
591 515
602 515
601 529
582 518
572 516
576 514
571 527
553 516
545 515
553 514
551 530
532 518
525 516
528 514
521 527
501 516
492 515
498 515
496 530
477 518
469 516
472 514
467 528
449 517
449 516
476 515
497 531
507 519
529 516
559 515
577 528
575 517
580 516
599 515
609 530
600 518
603 516
614 514
615 527
599 516
595 515
603 514
602 530
584 517
580 515
586 513
580 527
560 515
551 514
557 514
552 530
529 517
520 515
523 513
518 527
496 515
485 514
492 514
490 530
480 517
490 515
520 513
543 527
550 516
563 515
592 514
605 530
596 517
599 515
614 513
618 527
605 516
601 515
612 527
609 530
587 517
580 515
587 525
582 527
564 516
557 515
566 527
564 531
541 518
530 516
533 526
526 528
501 517
491 516
497 528
492 531
472 518
461 516
469 526
475 527
474 516
493 515
532 527
557 530
562 517
574 515
597 525
606 527
597 515
600 514
621 527
612 530
611 516
606 515
613 525
596 527
588 515
580 514
591 527
577 530
571 516
562 514
567 525
548 527
537 515
527 514
531 527
512 530
499 517
486 515
489 526
468 528
456 516
445 514
453 528
437 530
441 516
454 514
488 526
501 527
521 515
538 514
569 527
570 530
575 516
579 514
596 525
587 527
585 515
582 514
594 527
577 530
570 516
563 514
570 526
552 527
545 515
536 514
545 528
525 531
514 517
503 515
506 526
485 528
473 516
462 515
470 528
451 531
440 517
430 515
434 526
419 528
422 516
434 515
473 528
487 531
509 517
528 515
558 526
559 528
566 515
572 514
595 528
588 531
590 517
588 515
600 526
585 528
580 515
576 514
591 528
575 531
570 516
564 514
571 526
552 528
541 516
531 515
538 529
517 531
505 517
493 515
497 526
475 528
464 516
453 514
461 529
442 530
439 516
446 514
480 526
492 528
514 516
535 515
571 529
572 531
580 517
583 515
601 527
591 529
592 516
607 515
611 529
596 518
592 516
595 515
592 527
574 516
568 515
576 514
574 529
554 518
544 517
544 514
535 527
513 517
501 515
501 514
496 529
473 518
464 515
468 514
457 527
433 516
422 515
437 514
452 529
461 517
484 515
522 513
548 526
550 516
560 515
584 515
591 530
585 518
588 516
600 514
605 527
589 517
585 516
597 515
593 530
576 519
570 517
576 515
574 528
559 517
549 516
559 515
556 530
537 519
533 516
536 515
532 528
512 518
503 517
516 516
509 532
488 520
478 518
482 516
480 528
475 517
488 516
529 515
561 530
578 518
605 516
631 514
643 527
636 516
633 515
646 514
649 529
631 517
624 516
626 513
617 527
594 515
582 514
586 514
580 529
557 517
546 515
541 513
530 527
500 516
481 515
482 514
473 530
444 518
426 516
423 514
411 527
384 516
368 515
369 514
361 529
342 517
347 515
376 513
403 527
411 516
429 515
462 515
480 530
472 518
473 516
489 514
491 528
480 516
480 515
494 528
496 530
477 518
472 516
483 525
482 527
466 515
461 514
473 527
477 530
452 517
444 515
448 526
443 527
423 515
419 514
429 527
431 530
415 517
411 515
420 525
425 527
427 515
449 514
495 526
528 529
543 516
565 514
595 524
609 526
606 514
614 513
632 527
628 529
628 517
625 515
637 525
620 528
616 516
606 516
616 529
601 532
594 519
585 517
588 528
567 530
551 518
535 517
538 530
517 532
503 518
493 516
497 527
472 529
463 517
447 516
457 529
449 532
462 518
483 515
521 526
534 528
552 516
567 514
595 527
593 530
598 516
602 514
618 526
609 527
605 515
600 514
611 528
594 531
586 516
577 514
584 525
567 527
558 515
548 514
555 527
535 530
523 515
509 514
510 525
487 527
473 515
460 514
465 527
443 530
431 516
420 514
431 525
429 527
446 515
468 514
509 528
521 531
539 516
549 514
571 526
564 527
565 515
566 514
583 528
571 531
567 516
561 514
570 525
554 527
549 515
546 514
562 528
549 530
548 516
545 514
556 526
543 527
538 515
534 514
549 528
532 531
528 516
522 514
531 526
513 528
505 515
501 515
524 529
527 531
548 517
570 515
607 527
613 528
623 516
629 515
649 529
637 530
634 516
629 514
638 527
619 528
608 515
611 514
605 529
585 518
575 516
577 514
572 526
551 516
540 515
543 514
536 528
513 517
501 516
500 513
490 526
469 516
457 515
460 514
453 529
431 518
425 516
443 514
459 527
469 517
490 516
524 515
548 530
551 519
561 517
581 514
588 527
582 517
586 516
603 515
607 530
591 519
582 517
586 515
583 528
565 517
559 517
566 516
563 531
542 519
532 517
532 515
523 528
499 517
485 516
489 515
482 530
460 518
447 516
447 514
439 527
421 516
424 515
454 514
480 529
492 517
515 515
548 513
566 526
566 515
572 515
594 514
605 530
597 517
600 515
612 513
611 527
592 515
584 514
592 514
591 529
572 517
564 515
569 513
562 527
541 515
528 515
532 514
525 530
499 518
485 515
485 513
474 527
450 516
435 515
438 514
436 530
425 517
436 515
468 513
494 527
504 516
523 515
555 514
570 530
565 517
571 515
589 513
596 527
584 516
581 515
595 515
594 530
575 517
568 515
576 513
573 528
553 517
544 515
551 528
546 531
521 518
508 517
506 527
497 528
473 517
460 515
465 528
458 531
433 518
421 515
425 526
427 527
426 516
443 515
484 527
514 530
523 518
540 515
565 526
575 528
568 516
572 515
592 528
598 531
586 518
583 515
592 526
589 528
572 516
565 515
577 528
565 531
557 517
548 515
552 526
532 527
519 516
506 515
512 528
492 530
481 517
470 515
471 526
451 527
440 515
434 514
456 527
461 531
483 517
506 515
541 526
550 527
564 515
574 514
600 528
597 531
602 517
606 515
620 526
609 528
603 516
595 515
605 529
588 532
580 518
572 516
579 527
560 528
549 516
537 515
543 528
522 531
508 517
494 515
499 526
474 528
457 516
444 515
450 528
434 531
437 516
449 514
484 526
501 527
520 516
537 514
570 528
571 531
579 516
585 514
604 526
597 528
598 515
596 514
610 528
593 531
586 516
579 514
585 526
567 527
558 515
549 514
557 528
536 531
523 516
510 514
510 526
486 527
472 515
459 514
464 528
441 531
428 516
422 514
442 526
445 527
465 515
488 514
527 528
535 531
549 516
557 514
579 526
574 528
577 515
582 514
601 528
589 531
583 516
577 514
584 526
566 528
558 515
553 514
563 529
544 530
534 516
521 514
525 527
501 528
487 515
488 514
481 529
458 518
445 516
443 514
435 526
421 516
427 515
458 514
486 528
499 517
520 515
549 514
565 526
562 516
569 515
588 514
599 529
590 517
590 516
598 514
597 526
581 516
576 515
584 514
584 529
567 518
561 516
564 514
558 527
536 516
523 515
526 515
519 530
495 518
483 516
483 514
474 527
454 516
448 515
468 514
490 530
499 518
519 516
549 514
567 527
569 517
575 516
597 515
607 530
599 519
599 517
611 515
607 528
589 517
579 516
588 515
585 530
567 518
558 516
562 514
556 527
535 516
523 516
527 515
518 530
494 518
482 516
483 514
473 528
448 517
439 516
451 515
465 530
469 518
488 516
520 514
540 527
541 516
550 515
574 514
585 529
578 517
582 515
596 513
598 527
582 516
574 515
583 514
580 529
560 517
553 515
558 513
554 526
533 515
522 514
527 513
521 529
496 516
483 514
483 512
474 527
449 515
435 515
441 514
445 530
441 517
455 515
487 513
507 527
509 516
520 515
545 528
555 531
546 518
550 516
566 526
569 528
556 516
550 515
560 528
558 530
538 517
531 515
538 526
535 527
516 516
508 514
515 527
511 530
488 517
476 515
478 525
469 527
446 515
434 514
442 527
435 530
418 516
419 514
443 525
463 527
471 515
490 514
524 527
529 530
537 517
542 515
561 526
555 527
557 515
557 515
573 527
561 530
556 517
549 515
558 526
544 527
540 515
536 514
549 528
535 531
527 517
519 515
525 526
508 527
500 516
492 515
503 528
486 531
477 517
469 515
480 526
473 528
482 515
496 515
531 528
537 531
547 517
553 515
570 525
560 527
559 515
560 514
579 528
568 531
565 516
558 514
566 526
550 527
544 515
539 514
552 528
539 531
533 517
526 515
532 526
514 528
503 516
494 515
503 529
484 531
475 517
466 515
471 526
454 528
450 515
456 514
489 528
499 531
521 517
540 515
571 526
573 528
580 516
587 515
611 529
606 531
609 516
610 514
622 526
607 528
600 515
593 514
604 529
587 531
581 516
574 514
582 527
562 528
551 516
541 515
548 529
527 532
515 517
500 515
502 527
480 528
468 516
459 515
476 529
473 531
487 516
505 514
538 526
547 528
557 516
565 515
589 529
583 530
586 516
588 514
604 526
593 527
587 514
595 514
593 528
575 517
568 516
573 514
570 526
553 516
544 515
550 514
545 528
525 517
514 515
513 513
505 526
484 516
473 515
474 514
469 529
454 518
459 516
483 514
504 527
513 516
531 515
559 514
573 529
566 518
569 516
583 514
587 527
575 516
571 515
581 514
582 529
563 518
555 516
559 514
554 527
537 517
528 516
534 515
529 530
507 519
494 517
493 515
482 527
459 517
445 515
447 514
442 529
419 518
412 516
426 513
440 527
447 516
464 515
497 514
516 529
514 517
521 515
537 513
542 526
531 515
529 514
542 514
542 529
523 517
513 515
517 513
512 526
491 515
482 515
489 514
484 529
462 517
451 515
452 513
442 527
418 516
405 515
410 514
402 529
379 517
368 515
373 513
375 526
373 515
393 514
430 514
459 529
467 517
484 515
507 512
517 526
508 515
509 514
525 513
529 529
512 516
507 514
514 512
512 526
495 515
491 514
503 513
503 529
484 517
475 515
479 513
471 527
449 515
437 515
444 526
438 530
415 517
405 515
410 525
406 527
391 515
396 514
430 526
458 530
470 517
490 515
520 525
533 527
529 516
532 515
550 527
554 530
538 517
534 516
542 526
539 527
521 516
513 515
524 527
521 531
503 517
495 515
502 526
497 527
476 516
466 515
474 527
455 530
448 517
440 515
446 525
431 527
426 516
424 515
448 527
459 530
485 517
512 515
551 526
565 527
582 515
595 515
621 528
619 531
623 517
624 516
638 527
624 528
617 517
610 516
618 529
600 532
593 518
588 515
595 526
577 528
567 515
555 514
560 528
540 530
525 516
511 514
512 525
488 527
475 515
461 514
469 527
454 530
461 515
477 514
511 525
523 527
541 515
557 514
585 528
581 530
583 516
584 514
598 526
588 527
583 515
579 514
594 528
578 531
570 517
562 514
571 526
557 527
550 515
543 515
549 528
529 531
516 517
502 514
502 526
480 527
465 515
451 514
453 528
428 530
417 516
414 513
438 525
445 527
463 515
481 514
511 528
508 531
511 516
510 514
522 526
509 527
504 515
498 515
510 529
492 531
485 516
479 514
487 526
470 527
462 515
454 514
464 528
445 531
435 516
423 514
426 526
406 527
394 515
384 514
392 528
373 529
364 515
361 513
383 525
391 527
410 515
445 514
472 528
479 518
487 516
506 514
518 526
509 517
507 516
519 515
524 529
510 518
506 516
513 514
514 526
497 517
491 516
501 514
504 529
486 518
480 516
485 514
481 526
463 516
454 515
459 514
457 529
441 518
435 516
441 514
445 526
444 516
461 515
499 514
530 529
540 517
557 516
583 514
597 527
594 516
599 515
620 514
631 529
623 518
624 516
635 514
636 527
622 516
620 515
633 514
640 529
623 518
616 516
620 514
614 527
592 516
580 515
585 514
580 529
555 517
542 515
542 513
532 526
514 515
512 515
535 514
553 529
557 517
571 515
594 513
603 526
595 515
596 514
608 514
612 529
595 518
590 516
595 514
593 527
571 516
561 515
567 515
566 530
546 518
537 517
543 514
538 528
512 517
502 517
504 516
497 531
475 518
466 516
473 514
469 528
444 518
435 517
452 516
465 532
468 519
485 517
513 515
528 529
525 517
527 517
544 515
548 531
535 519
533 516
543 514
539 528
520 517
513 515
525 527
523 531
505 518
500 515
507 526
503 527
483 516
476 515
481 526
478 530
457 516
447 514
451 524
447 526
432 514
423 514
437 525
447 529
447 516
466 514
498 524
519 526
518 514
525 514
546 525
552 529
541 516
541 514
553 524
553 526
536 515
529 514
540 525
524 529
519 516
513 513
521 524
506 526
498 514
489 513
497 525
480 529
472 515
463 514
468 524
451 527
441 515
432 514
443 526
434 530
442 517
455 515
488 525
494 527
506 515
515 514
538 527
533 530
535 516
534 514
547 525
534 527
527 515
520 514
528 527
508 530
497 516
486 514
490 526
475 527
461 516
452 514
460 527
439 530
428 516
417 513
421 525
402 526
394 514
383 514
390 527
369 531
366 516
373 514
401 525
408 527
425 514
441 513
469 527
467 530
468 516
472 514
486 526
478 528
477 516
478 515
488 529
473 532
466 518
462 515
474 527
461 529
459 516
456 516
469 529
457 532
453 517
449 515
458 526
443 528
437 515
435 514
452 527
441 530
441 516
447 514
476 526
484 528
503 515
525 514
562 527
567 531
576 516
582 514
603 526
599 527
603 515
606 514
627 528
616 531
614 516
611 513
623 526
609 528
607 515
604 514
616 529
599 530
591 516
583 514
591 526
574 527
566 515
574 514
576 528
558 518
551 516
557 514
562 527
560 516
575 516
607 514
634 529
644 517
658 516
681 514
697 526
693 517
699 516
718 515
730 529
721 517
723 516
734 513
734 526
719 515
713 514
722 513
722 528
703 516
695 515
693 513
683 527
652 517
632 516
629 515
620 530
591 518
576 516
573 514
562 527
537 516
525 515
534 514
543 529
536 517
543 515
560 513
564 526
552 516
547 515
556 514
557 529
537 517
530 515
532 513
525 526
501 516
487 515
488 514
481 529
459 517
449 516
451 513
443 527
421 516
409 515
412 514
405 529
382 517
371 515
372 513
365 527
342 516
331 515
336 514
339 529
331 517
341 515
370 513
391 526
397 516
409 515
431 514
442 530
432 517
432 515
446 513
449 527
436 516
433 515
448 514
454 529
442 517
442 515
456 513
459 527
445 516
441 515
453 514
455 529
440 517
436 515
446 513
444 527
428 515
424 515
435 514
437 530
428 516
431 515
457 513
479 527
488 516
504 515
535 526
552 530
548 517
553 515
569 525
574 527
564 515
563 515
575 526
578 529
559 516
555 514
563 525
560 527
542 515
536 515
546 526
544 530
523 517
513 515
516 525
509 527
488 516
478 515
484 527
480 530
458 517
449 515
458 525
466 527
468 516
486 515
520 527
529 530
543 517
551 515
570 526
566 527
566 516
566 515
583 527
573 531
568 517
562 515
569 526
553 527
546 515
539 515
550 527
534 531
526 517
518 515
523 526
505 527
494 516
484 515
491 527
474 531
463 517
453 515
456 526
437 527
431 515
432 514
461 526
471 530
489 516
505 514
532 525
531 527
535 515
537 514
554 527
546 530
545 516
542 514
553 526
537 527
529 515
523 514
534 527
518 530
512 516
504 514
511 526
491 527
482 516
472 515
478 527
457 531
445 516
432 514
436 526
416 527
404 515
392 514
405 527
399 531
411 516
425 514
457 526
461 527
471 515
476 514
497 527
487 531
485 516
483 514
495 526
482 528
477 516
472 515
484 528
470 531
464 517
459 514
471 526
456 528
449 516
443 514
454 527
436 531
430 515
423 514
431 525
415 527
408 515
401 514
413 527
401 530
406 516
419 514
452 526
461 528
477 515
491 514
520 527
515 530
517 516
517 513
531 526
521 527
518 515
528 514
529 528
512 518
504 516
512 514
510 526
493 516
487 515
494 514
494 527
475 517
466 515
470 513
466 525
448 516
440 515
446 514
445 528
426 518
420 516
433 514
445 527
451 517
471 516
505 515
529 529
530 519
539 517
556 515
564 528
557 517
559 516
576 515
583 529
570 518
567 516
576 514
576 527
562 516
559 516
572 515
575 528
560 518
555 516
561 514
557 527
539 516
530 515
535 514
534 528
514 517
504 515
509 513
503 527
490 516
496 515
523 514
547 528
554 517
569 515
594 513
604 526
598 516
599 514
616 514
624 529
612 517
611 515
621 513
620 527
604 516
597 515
609 514
612 529
597 517
591 515
599 513
596 527
578 515
571 515
578 513
577 528
557 517
548 515
552 513
545 526
525 515
513 514
524 513
535 529
535 516
550 515
578 513
593 526
588 515
590 514
604 513
606 529
588 517
582 515
588 513
581 526
557 515
545 515
548 514
543 530
520 517
510 515
514 513
506 527
484 516
471 515
475 526
470 530
448 517
437 515
440 525
433 527
412 516
402 515
411 527
414 530
406 517
418 515
447 526
469 527
474 516
486 515
510 527
520 530
509 517
509 515
523 526
525 528
511 516
504 515
513 527
511 530
491 517
484 515
489 526
485 527
465 516
457 515
462 527
444 531
433 517
421 515
423 526
404 528
392 517
384 516
391 527
371 531
365 517
365 515
389 526
398 528
419 516
440 515
476 527
483 531
495 517
501 515
521 526
517 528
524 516
526 516
541 528
530 532
525 518
520 515
529 526
518 528
511 516
505 515
517 527
503 530
496 516
489 514
494 525
478 526
470 515
460 514
471 526
456 530
449 515
440 514
446 525
438 527
450 515
467 514
507 526
522 530
541 516
556 514
578 526
576 528
580 516
586 515
608 528
600 531
602 517
599 515
610 527
599 528
594 516
592 515
606 528
593 532
591 517
586 514
596 526
579 528
573 516
567 515
573 528
554 531
547 517
534 515
539 527
519 529
506 517
500 516
516 528
518 532
538 516
556 515
589 527
594 528
602 516
609 515
630 528
622 531
623 515
625 513
642 525
627 527
623 515
613 515
623 528
606 531
599 516
592 514
601 526
583 527
573 515
561 514
570 527
548 530
536 516
524 513
529 526
508 527
496 515
498 514
493 527
473 517
471 515
490 513
509 525
518 515
535 514
564 513
582 527
579 516
583 515
597 512
602 525
593 515
590 514
600 513
603 527
586 517
581 515
586 513
583 526
566 515
558 515
564 513
562 527
541 517
530 515
531 513
524 526
501 516
489 515
492 514
489 528
470 517
458 515
462 513
461 527
455 517
467 516
500 515
529 529
536 519
554 517
579 515
592 528
589 517
596 516
618 515
631 529
625 518
628 516
640 514
642 527
628 516
622 515
633 514
637 528
620 517
615 515
622 513
619 526
602 516
594 515
600 514
598 528
576 517
565 515
567 513
556 527
531 516
517 515
524 514
531 529
529 518
542 516
572 514
588 528
586 517
590 517
607 515
610 531
596 519
592 517
602 515
600 528
582 518
571 517
573 516
567 530
542 518
534 516
537 514
532 527
509 516
493 515
497 514
489 529
462 517
446 515
445 513
437 526
413 515
400 515
403 513
397 528
374 517
364 514
377 512
390 526
396 515
418 514
456 525
482 529
483 516
496 514
516 524
523 526
515 515
516 514
533 526
539 529
524 516
518 515
527 525
524 527
508 516
502 515
512 527
512 530
491 517
482 515
486 525
477 527
455 516
443 515
450 527
445 530
423 516
414 515
418 525
411 527
391 516
389 515
414 527
425 531
446 517
470 515
503 526
510 528
521 516
528 515
547 527
542 530
544 517
544 515
557 525
545 527
541 515
536 515
548 527
536 530
531 516
526 514
534 525
517 527
507 515
496 514
502 526
483 530
471 516
460 514
464 525
443 527
433 515
423 514
431 526
417 530
424 516
438 514
474 525
487 527
508 515
521 515
554 527
554 531
559 516
562 515
577 526
569 527
569 516
565 515
579 527
563 530
557 516
549 514
556 525
540 527
531 515
521 514
530 526
507 529
494 515
480 513
483 525
460 526
449 514
435 513
439 526
420 528
408 515
398 513
414 525
412 526
431 515
450 514
490 526
501 530
515 515
528 513
549 525
544 527
549 515
553 514
573 527
564 531
560 516
557 514
566 526
553 528
545 516
541 514
553 527
536 530
529 515
522 513
527 526
505 527
493 515
484 514
491 528
469 530
457 516
447 514
449 526
429 528
427 515
436 514
471 527
485 529
509 515
531 513
569 525
574 527
582 515
603 514
609 528
604 517
609 516
621 514
627 526
614 516
606 516
618 515
617 528
605 518
599 517
602 515
599 528
578 518
566 517
568 516
561 530
538 519
525 517
522 516
514 528
492 517
481 516
482 515
484 529
476 518
491 516
523 514
548 527
557 516
573 515
598 514
610 528
602 517
605 516
618 513
621 526
608 515
604 514
612 513
613 527
596 516
590 514
596 512
593 525
574 515
564 515
566 513
559 527
534 516
520 515
519 513
509 526
485 515
471 514
472 513
464 527
445 516
444 514
466 512
487 526
497 515
518 514
551 513
571 528
569 516
575 514
592 512
597 526
588 515
590 514
602 513
602 529
583 517
576 515
582 514
579 527
558 516
549 515
557 514
554 529
532 517
518 515
519 513
508 527
484 515
472 515
474 513
467 528
444 516
433 514
440 512
447 526
451 515
470 514
510 513
538 528
545 516
560 514
585 513
596 527
587 517
589 516
607 515
614 529
600 517
595 515
602 513
599 527
579 516
571 515
579 526
577 529
555 517
544 515
545 525
535 527
511 516
496 515
499 527
492 529
466 517
452 515
453 525
444 527
427 516
432 514
463 527
489 529
498 516
518 514
548 525
563 527
560 515
565 515
586 526
596 529
585 516
585 514
595 525
594 527
575 516
567 515
577 527
563 530
556 517
545 515
549 526
529 528
515 516
502 515
506 527
485 530
471 517
457 515
459 525
437 527
423 516
410 515
419 527
414 530
427 517
447 515
483 526
497 527
515 516
529 515
556 528
553 530
558 517
560 515
578 526
568 528
565 517
561 515
575 527
562 530
558 516
553 514
562 526
546 527
539 516
530 515
537 527
518 530
507 516
495 514
499 526
478 527
467 516
456 514
462 527
443 530
439 516
444 514
473 526
487 528
512 516
535 515
572 528
578 531
587 518
593 516
611 527
605 529
607 517
606 516
622 529
609 531
604 517
598 515
608 527
591 529
584 517
575 516
582 529
563 531
552 517
540 515
541 528
517 529
502 517
488 516
491 529
469 532
457 517
442 515
450 527
441 529
452 517
473 516
516 529
530 532
547 518
563 515
590 527
588 528
593 516
600 514
622 528
614 530
613 516
609 514
617 526
598 527
589 515
579 514
589 527
569 529
558 515
544 513
546 526
520 527
501 515
498 513
487 527
460 517
444 516
438 514
425 526
399 516
383 515
388 514
396 528
401 517
425 515
464 513
491 526
501 515
517 515
542 514
557 527
555 517
562 515
581 513
587 526
577 516
574 515
582 514
583 527
567 517
561 515
566 513
561 526
543 516
529 516
531 514
521 528
495 517
479 515
476 513
464 526
439 516
423 515
422 513
415 528
390 517
382 515
400 513
421 526
433 515
459 515
495 514
519 528
521 517
529 515
547 514
553 527
544 516
545 516
559 514
561 528
544 517
536 515
542 513
538 527
519 516
511 515
518 514
513 528
491 517
479 515
480 513
470 527
448 516
434 515
438 514
432 528
410 517
400 515
401 513
397 527
388 516
401 515
439 514
474 528
491 517
517 515
551 513
569 527
568 517
575 515
596 514
607 529
599 517
599 515
612 513
611 527
595 516
589 515
601 514
600 529
581 517
573 515
576 513
567 527
541 516
526 515
528 514
520 529
494 517
479 515
479 513
467 527
442 516
428 515
439 527
451 529
457 517
481 515
521 525
549 527
557 516
572 515
599 527
613 529
607 517
613 515
630 526
635 527
621 516
617 515
628 527
627 530
607 518
600 516
605 526
599 528
576 518
563 516
567 528
558 530
533 517
519 515
519 526
507 527
481 516
466 515
469 527
449 529
442 517
444 515
472 525
485 527
510 516
532 515
570 527
578 530
588 516
596 515
614 526
610 528
612 516
612 515
627 527
614 530
607 517
599 515
604 526
586 528
576 516
564 515
570 527
549 530
534 516
517 514
515 525
490 527
472 515
456 514
456 526
433 529
417 516
402 514
402 525
389 527
395 515
411 514
451 527
467 530
487 517
505 514
530 526
529 528
532 517
535 516
555 529
548 531
547 518
541 516
550 527
536 529
531 517
526 516
539 528
525 531
519 517
512 515
519 526
500 528
490 516
479 514
486 527
468 530
458 516
447 514
451 526
430 528
419 516
415 514
439 527
448 530
474 516
501 514
541 526
553 527
568 515
579 514
605 527
601 530
605 516
608 514
624 526
613 527
608 516
603 514
616 527
600 530
595 516
588 514
596 526
575 528
563 516
550 514
555 527
531 530
518 516
504 514
507 526
484 528
471 516
458 514
465 527
450 530
456 516
473 514
511 526
523 528
544 515
574 514
593 528
592 517
597 515
613 513
620 526
611 516
609 515
620 513
620 527
607 517
600 515
602 514
596 526
576 516
567 515
572 514
566 527
548 517
535 515
535 514
525 527
500 517
487 516
489 515
481 529
458 518
446 517
456 514
464 527
466 517
489 516
528 515
554 530
564 519
580 517
603 515
616 528
610 517
615 517
635 515
639 530
626 518
622 516
629 514
625 527
607 516
601 515
608 514
606 528
584 518
570 516
569 513
557 527
534 516
517 515
516 514
507 528
481 517
467 515
464 514
455 527
435 517
435 516
462 514
488 529
500 518
521 516
553 514
571 527
570 517
576 516
597 514
606 529
598 517
598 515
608 513
606 527
588 516
578 515
585 514
583 529
563 517
554 515
556 513
547 527
521 516
504 515
505 513
499 528
471 517
453 515
451 513
439 527
413 515
398 514
403 513
407 528
409 516
427 514
464 512
492 526
503 515
521 514
551 513
566 529
564 516
572 515
593 513
601 527
592 516
592 515
607 526
610 529
596 517
592 515
603 525
601 527
583 516
574 515
580 526
574 529
550 517
535 515
533 526
522 528
495 517
479 516
479 528
469 530
446 518
445 516
468 526
488 527
499 516
520 515
555 527
575 529
573 517
579 515
598 526
603 527
594 516
592 515
607 527
593 530
586 517
579 515
586 526
569 528
561 516
553 515
561 527
544 530
533 517
520 515
522 526
501 528
488 516
475 515
480 527
461 530
449 517
438 515
444 526
436 527
446 516
468 515
512 527
530 530
553 517
572 515
600 526
601 527
608 515
614 514
635 526
630 529
629 515
624 513
632 525
614 527
603 515
592 514
597 527
577 530
565 516
552 514
552 526
527 528
511 516
494 514
495 527
470 530
454 516
438 514
437 526
412 527
397 516
384 514
397 527
398 530
416 516
439 514
480 526
493 528
510 516
524 514
551 528
550 530
557 517
562 515
580 527
570 528
566 516
560 515
571 528
555 531
548 517
542 514
550 526
531 528
520 516
510 515
515 528
492 530
477 516
464 515
465 527
442 528
427 516
413 515
418 528
395 531
386 516
384 514
411 526
423 528
451 516
480 514
525 528
539 530
556 516
569 514
595 526
593 528
600 516
606 515
629 528
619 531
618 517
614 515
627 528
611 529
603 517
611 515
611 529
595 518
590 516
597 514
598 527
586 516
584 516
598 514
605 528
600 518
602 517
613 515
615 528
607 517
619 516
657 515
694 529
719 518
749 516
759 514
759 527
756 517
751 516
759 514
759 529
754 518
752 516
760 514
759 527
746 517
739 517
743 515
739 529
712 519
693 517
686 515
665 527
628 517
601 516
588 514
566 528
527 517
500 515
485 513
461 526
425 516
397 515
392 513
382 528
366 517
372 515
397 514
414 527
419 517
428 517
446 516
455 530
447 519
445 518
457 516
461 529
449 518
445 517
450 516
451 530
434 519
426 517
433 515
430 528
413 517
406 516
409 515
407 529
385 517
372 515
373 514
365 527
345 516
332 516
333 514
330 529
309 517
304 515
320 514
339 527
353 516
380 514
424 513
454 528
462 516
477 514
501 512
515 526
515 514
524 514
545 513
552 529
538 517
536 515
547 513
549 527
536 516
529 515
543 514
545 529
524 517
519 516
525 513
521 527
497 516
482 516
489 527
485 530
462 517
449 516
451 526
447 528
436 517
445 515
482 527
512 530
522 517
543 515
573 526
587 528
581 517
579 515
599 527
606 530
592 518
588 515
594 526
589 528
570 517
556 515
566 527
562 530
540 517
528 515
531 526
521 528
494 517
474 516
476 527
453 530
437 517
422 515
417 526
393 528
377 516
364 514
379 526
381 529
399 515
420 513
454 524
462 526
474 514
481 513
503 525
499 528
505 515
507 513
521 524
514 527
511 515
507 514
521 527
513 530
507 517
502 515
513 525
498 527
491 515
481 514
489 526
470 529
459 516
448 514
453 525
434 528
419 516
405 515
408 528
391 531
392 518
403 516
435 527
449 529
471 517
488 515
523 528
527 530
536 517
541 515
560 527
557 529
559 517
559 515
571 528
558 531
552 517
547 515
558 527
542 528
537 516
533 515
544 528
526 530
520 516
511 514
516 526
495 528
487 516
479 515
489 528
470 530
464 516
459 514
473 526
471 528
490 516
515 514
558 528
573 530
591 516
604 514
630 527
627 528
633 516
640 515
659 528
648 531
647 516
640 514
649 527
633 528
621 516
616 515
629 528
609 531
599 516
589 514
593 527
571 528
556 516
543 515
546 528
522 530
508 516
495 513
501 526
480 527
465 515
469 513
478 527
487 516
508 515
542 513
566 526
574 515
585 515
609 513
621 526
616 516
618 514
633 512
637 524
624 515
618 514
623 513
623 527
601 517
594 515
600 513
594 526
576 516
563 516
561 514
553 528
529 517
514 516
511 514
500 527
472 517
455 516
454 515
443 529
417 518
406 516
421 514
435 527
443 517
462 516
489 514
506 529
504 517
508 515
524 513
529 527
522 516
522 516
533 515
536 529
520 518
512 516
519 514
515 527
497 517
491 516
500 515
499 529
476 518
467 516
469 514
460 527
440 517
429 515
432 514
429 529
408 518
399 516
403 514
397 527
386 516
396 515
432 513
463 528
480 516
504 514
538 512
556 526
556 516
560 515
583 513
596 528
590 516
594 514
606 512
606 526
591 515
584 514
593 513
594 527
578 516
571 514
576 512
569 526
547 515
534 514
537 513
530 528
507 516
494 515
493 513
482 527
456 517
441 515
445 514
444 530
439 518
448 517
479 514
503 529
511 518
523 517
550 528
561 531
552 519
551 517
567 527
567 529
550 518
540 516
546 528
540 530
521 518
506 517
509 527
500 528
477 517
464 516
468 527
461 529
436 517
423 515
424 525
415 527
392 516
380 514
387 526
382 529
362 516
352 514
361 525
368 527
373 515
395 514
440 526
461 529
485 516
505 514
533 525
534 527
541 516
545 514
567 527
561 529
562 516
561 514
571 525
558 527
553 516
547 514
560 527
547 529
541 516
534 514
540 525
521 527
510 516
500 515
509 527
489 530
479 517
470 515
475 526
458 528
449 516
443 515
467 528
477 531
501 518
526 516
566 527
581 530
593 518
604 517
628 529
623 531
629 517
635 515
653 527
643 528
638 516
633 515
646 527
632 530
626 516
620 514
628 526
610 527
599 516
587 514
591 527
568 530
554 516
540 514
542 526
518 527
503 516
492 514
493 528
471 530
460 516
457 515
482 526
492 528
512 516
535 514
573 527
580 530
594 516
598 514
616 526
609 527
610 515
611 514
627 527
613 529
606 516
597 514
604 526
585 528
575 515
569 514
576 528
555 531
544 517
527 515
526 527
499 528
482 516
467 515
469 528
445 530
431 516
416 514
417 526
397 527
397 516
410 514
448 528
462 530
486 516
505 514
536 526
536 528
540 516
559 514
568 528
561 517
562 516
572 513
572 526
556 516
547 515
553 514
553 528
536 517
529 516
532 514
526 526
504 517
491 516
491 514
483 528
462 517
450 515
451 513
443 526
420 517
408 515
410 514
406 528
397 517
411 515
444 513
473 527
488 516
509 515
539 514
558 528
556 517
560 516
577 514
584 527
574 517
572 515
583 514
585 529
569 518
565 516
572 514
570 527
552 517
543 516
548 515
542 530
520 519
505 517
505 515
495 528
472 517
458 516
460 514
454 529
430 518
420 516
428 513
438 527
445 517
468 515
508 514
537 529
544 518
558 516
580 514
587 527
579 517
580 516
596 515
600 529
586 518
580 516
587 514
584 527
567 517
559 515
569 514
566 529
545 517
533 515
533 513
522 527
497 516
481 515
483 514
477 529
452 516
440 515
441 513
433 526
418 516
425 514
459 513
489 528
502 517
525 515
559 513
577 527
575 516
582 515
603 514
613 529
604 517
604 516
613 514
612 528
592 518
581 517
586 528
581 531
561 518
551 516
555 526
548 528
524 517
505 516
507 527
497 530
473 518
456 516
454 527
441 529
414 518
399 516
409 528
420 531
423 518
444 516
482 527
506 528
511 518
523 516
548 527
561 530
554 517
560 515
577 526
581 527
568 516
563 515
575 527
562 529
557 516
552 514
562 525
549 527
541 515
534 514
540 526
521 529
509 516
495 514
496 525
474 527
459 515
445 514
449 526
428 529
422 516
426 514
458 525
476 527
506 515
536 514
582 526
597 529
616 516
631 514
658 525
661 527
670 515
676 513
696 526
687 529
684 515
683 514
693 525
679 527
671 516
662 514
671 527
651 530
639 516
624 514
624 526
598 528
582 516
565 514
566 527
540 530
522 516
504 514
507 526
496 527
504 516
518 514
553 527
559 530
571 517
575 515
592 526
582 528
577 517
575 515
589 528
575 530
568 516
559 515
565 526
546 528
536 516
527 515
536 528
515 531
503 516
488 515
487 526
460 528
441 516
424 514
424 528
398 530
382 516
367 514
366 526
348 527
349 515
362 514
401 528
416 530
439 516
460 515
490 527
491 529
497 516
504 515
528 528
522 530
524 516
522 514
532 527
515 528
506 516
499 514
508 528
490 530
479 516
467 514
469 526
444 528
426 515
422 514
410 527
385 517
369 515
365 513
354 526
330 516
316 515
326 513
342 527
353 517
383 515
421 513
451 526
463 516
479 515
507 514
527 528
528 517
540 515
562 513
572 526
567 517
561 516
573 514
577 528
566 517
564 516
573 514
573 527
555 517
547 516
553 515
549 529
529 518
514 517
513 515
504 528
480 518
465 517
467 515
464 530
455 519
468 517
500 515
530 528
545 517
566 516
598 515
617 529
614 518
620 516
636 514
642 527
630 516
625 515
633 514
629 528
610 517
598 515
601 514
594 527
571 517
557 515
558 514
549 529
521 517
502 516
496 514
482 527
451 516
431 515
427 514
415 529
386 517
375 515
389 513
406 526
417 516
441 514
479 513
506 528
510 517
518 515
537 513
544 527
536 516
536 514
550 513
552 528
535 516
528 514
535 513
532 526
515 516
507 514
515 513
511 528
488 516
475 515
473 513
461 527
433 516
417 515
418 514
410 529
384 516
369 515
371 513
375 527
375 516
395 515
437 526
471 529
483 517
502 515
530 525
543 527
537 516
541 515
562 526
569 529
557 517
553 515
561 525
558 527
539 516
532 515
541 527
539 529
518 517
508 515
509 526
498 527
472 516
457 515
460 527
452 529
427 517
413 515
413 525
404 527
383 516
385 514
417 526
436 529
467 516
499 515
541 526
555 528
571 516
585 515
612 527
614 530
622 517
628 515
645 526
634 528
629 517
623 515
634 527
619 530
611 517
604 515
608 526
586 529
572 517
557 515
559 528
533 531
515 517
500 515
500 526
476 528
461 517
446 515
455 527
449 529
465 516
490 514
533 526
550 527
572 516
589 514
619 527
618 529
624 516
628 514
645 526
636 527
632 516
626 514
636 527
619 530
611 516
602 514
609 525
591 527
580 515
568 514
572 527
548 530
533 516
516 514
515 526
490 528
473 516
458 514
461 527
438 530
432 516
438 514
471 526
487 528
512 516
539 514
579 527
586 530
597 516
603 514
623 526
617 528
617 516
617 515
632 528
618 530
611 517
603 515
611 527
593 529
583 517
573 515
579 529
557 531
542 517
526 515
526 527
500 528
483 516
469 515
472 528
448 530
433 516
424 514
442 527
446 529
466 517
493 515
536 529
549 531
567 517
579 515
603 527
599 529
603 516
620 514
628 528
617 517
613 516
618 514
614 526
595 516
586 515
594 513
593 527
575 517
567 515
567 513
560 526
538 517
525 515
527 514
522 528
501 518
492 516
492 514
485 527
471 517
479 516
513 514
546 529
565 518
592 516
626 514
647 527
647 517
652 516
672 514
681 528
671 518
669 516
676 514
669 527
645 517
631 515
632 514
624 528
600 518
586 516
583 514
570 527
541 517
521 516
517 514
505 529
477 518
462 516
459 514
448 527
422 517
409 516
424 515
444 529
459 518
492 515
537 514
572 527
588 517
610 516
642 515
664 529
668 517
681 516
706 514
717 527
713 516
713 515
729 514
735 529
724 517
724 516
735 513
734 527
717 517
708 515
714 514
711 528
687 517
670 515
668 513
656 527
628 516
611 515
610 514
600 529
579 517
582 515
611 513
636 527
646 517
664 515
693 514
705 529
693 517
689 515
696 514
690 528
665 517
649 515
650 514
638 529
607 517
588 515
582 514
565 528
534 517
511 515
504 527
485 530
447 517
421 515
408 525
385 527
349 516
326 515
321 526
307 529
277 517
263 515
275 525
291 527
303 516
330 514
375 526
407 529
418 516
434 515
458 525
468 528
463 516
468 515
489 527
494 529
480 517
474 515
482 526
479 528
460 517
453 515
463 527
446 529
437 517
426 515
428 526
406 527
390 516
376 515
379 527
359 529
347 517
333 515
335 526
319 528
322 516
338 515
383 527
407 530
439 517
465 516
501 526
510 528
521 516
531 515
557 527
557 530
562 516
563 514
575 525
561 527
553 515
544 514
554 526
538 529
530 515
519 514
521 525
499 527
483 516
466 515
467 527
442 530
425 516
407 514
405 526
379 528
362 516
352 514
371 527
376 530
402 516
429 514
472 526
485 528
502 516
515 515
542 527
539 530
544 516
547 514
563 526
551 528
542 516
535 514
543 527
525 530
517 516
508 514
513 526
493 528
479 515
465 514
467 527
442 530
424 516
407 514
405 526
379 528
361 515
343 514
345 527
323 530
322 516
335 514
373 526
394 528
424 515
453 514
494 528
503 530
516 516
525 514
549 526
545 528
549 515
553 514
571 528
562 530
563 516
562 514
576 527
565 529
562 517
558 516
568 530
548 532
536 518
525 516
524 528
500 530
487 518
485 517
477 530
453 520
438 518
437 515
439 528
442 517
470 516
512 515
549 528
569 518
593 516
623 514
638 526
635 517
639 515
657 514
665 528
653 517
649 515
655 513
651 526
633 516
623 515
628 514
625 528
604 517
591 516
589 514
575 527
545 517
524 516
519 515
505 529
477 518
460 516
455 514
441 527
416 517
409 515
431 514
459 528
477 517
508 515
547 513
572 527
577 516
587 515
608 514
619 528
611 517
612 515
622 513
620 526
600 516
590 515
594 513
591 528
570 517
561 515
564 513
557 527
532 516
516 515
516 514
504 529
476 517
460 515
456 514
444 527
416 516
398 515
398 514
390 528
371 517
378 515
411 513
444 527
466 516
496 515
539 514
567 528
570 517
581 515
604 513
616 527
609 516
611 514
625 514
626 529
608 517
600 515
607 513
602 527
581 516
570 515
573 515
565 530
539 517
523 516
520 514
506 528
477 516
459 515
458 514
447 529
420 517
405 515
402 513
393 527
377 516
387 515
428 526
466 529
489 517
520 515
561 526
585 528
589 516
597 515
622 527
635 530
627 517
628 515
640 526
638 527
617 516
608 515
617 526
615 529
592 517
584 515
583 526
570 528
540 516
520 515
516 527
501 529
470 516
452 514
447 525
431 527
405 515
383 514
381 526
357 528
352 516
361 514
399 525
422 527
455 515
486 514
528 526
539 529
552 516
558 514
575 525
567 528
566 516
562 514
573 527
557 529
550 517
540 515
545 526
528 528
520 516
508 515
513 528
492 530
480 517
462 515
458 527
432 528
416 516
402 514
404 527
382 530
372 517
358 515
358 526
338 528
338 516
356 514
404 527
433 530
472 516
505 515
549 526
557 528
570 516
577 515
601 528
598 530
602 517
600 515
612 527
594 529
588 516
578 515
590 528
571 531
562 517
550 515
552 527
529 529
510 516
494 515
492 528
467 531
453 517
432 516
432 527
405 529
390 517
374 516
381 529
369 531
386 517
414 515
465 528
495 529
527 517
558 516
596 530
602 532
612 518
621 516
642 528
638 530
637 517
635 515
651 529
633 531
626 517
617 514
625 527
607 528
592 516
582 515
584 528
560 531
542 516
525 515
518 527
490 529
469 516
451 514
452 528
423 530
408 516
391 514
400 527
394 528
415 515
460 514
501 527
525 517
553 515
587 513
605 526
604 515
610 514
632 513
641 527
629 517
625 515
630 513
630 526
607 516
597 514
601 514
596 527
576 517
566 515
561 514
549 527
517 517
497 515
491 514
480 528
448 518
429 516
420 515
405 528
377 517
355 516
353 515
349 529
348 518
375 516
419 515
460 527
482 517
508 516
546 514
571 529
568 518
578 516
594 514
601 527
591 517
588 516
595 514
597 529
578 517
572 515
576 514
573 527
550 517
537 515
537 514
528 529
502 517
482 516
476 514
462 527
430 517
411 515
410 514
396 529
370 517
351 515
347 513
335 527
311 516
311 514
343 514
379 528
409 516
450 514
500 512
534 526
544 515
557 514
584 513
593 528
582 517
582 515
593 513
592 526
574 515
566 514
574 513
571 528
550 516
540 514
544 512
535 526
505 516
485 515
481 514
466 529
434 517
416 515
409 514
396 528
367 516
348 515
346 514
337 529
309 517
302 515
327 513
354 528
381 516
419 515
473 527
512 529
528 517
548 515
578 526
591 528
589 516
594 515
614 527
621 530
605 518
597 516
607 527
606 529
589 518
580 517
586 528
578 531
551 518
538 517
531 527
514 529
484 518
460 517
457 528
444 531
412 518
394 516
390 527
376 528
353 516
356 515
391 527
417 529
453 517
489 515
537 526
552 528
574 516
588 515
617 527
617 530
625 517
631 515
647 526
638 527
634 516
628 514
638 527
624 530
617 517
610 515
615 526
596 527
583 516
566 515
568 527
545 530
531 516
516 514
514 526
490 528
477 516
459 515
463 527
446 530
448 516
466 514
509 525
535 527
569 515
602 513
643 526
653 529
665 516
672 514
692 526
686 528
683 516
680 514
690 527
672 530
661 516
648 514
650 526
627 528
613 515
597 514
598 527
570 529
548 516
525 514
515 526
481 527
460 515
436 515
429 528
400 531
379 518
360 516
354 528
332 530
326 518
342 516
389 529
416 531
455 518
487 516
528 527
540 529
554 517
564 515
592 528
589 531
591 517
594 515
607 527
592 529
586 516
582 515
592 528
572 531
566 517
555 515
558 527
536 528
519 516
501 515
503 528
477 531
461 516
444 514
444 527
416 529
397 516
382 514
385 528
371 530
383 516
409 514
459 527
478 528
507 515
545 514
571 527
575 517
583 515
601 513
608 526
599 515
598 514
609 513
612 527
593 517
585 515
588 514
583 527
565 516
552 516
551 515
543 529
515 518
496 517
489 515
473 528
447 517
427 516
423 515
413 529
387 519
376 517
386 515
401 528
417 518
447 517
499 515
538 529
557 519
579 517
611 515
627 528
628 517
635 516
656 515
667 529
655 518
653 516
658 515
657 527
638 517
629 516
635 515
632 529
608 518
594 516
592 514
576 528
546 517
527 516
523 515
508 529
479 518
460 516
454 514
443 528
427 516
439 515
475 514
511 529
530 517
557 516
591 514
611 527
611 517
617 515
639 514
648 529
638 518
636 516
645 513
638 527
612 516
599 515
601 514
595 529
569 517
556 515
555 513
544 526
514 515
495 514
493 513
481 528
453 516
436 514
437 512
424 527
394 515
381 514
391 513
408 529
418 517
447 515
496 513
533 527
550 516
572 515
606 514
624 529
622 517
632 515
651 513
657 527
645 516
637 515
644 527
644 529
624 517
617 515
625 526
621 528
601 516
591 515
603 526
597 529
573 517
562 515
565 525
556 527
531 515
516 514
518 526
506 528
481 516
479 514
506 525
530 527
545 516
568 516
606 528
626 531
622 518
627 517
645 528
651 530
637 518
632 517
645 529
629 532
620 518
608 517
616 527
596 529
588 517
577 516
583 528
563 530
549 517
534 516
532 527
507 528
489 517
472 515
472 528
451 530
437 517
422 515
423 527
411 528
418 516
438 515
484 527
509 529
541 516
567 514
604 525
612 527
623 515
634 513
661 526
661 528
665 515
664 513
679 525
661 527
651 515
641 514
649 527
632 529
620 516
610 514
611 526
585 528
568 516
552 514
552 527
529 530
515 516
501 514
498 527
471 529
452 516
438 515
454 528
457 531
476 517
504 515
546 527
561 529
584 516
601 515
633 527
635 530
643 516
651 514
671 526
662 527
657 514
652 513
662 526
643 529
634 516
622 514
628 526
606 528
592 515
580 514
585 527
561 530
543 516
528 514
526 527
499 528
482 516
468 515
469 528
445 531
428 517
414 515
427 527
429 528
451 515
481 514
530 527
550 530
572 516
589 514
613 527
611 529
619 516
627 514
651 528
641 530
637 516
631 514
634 527
613 528
601 515
604 514
599 528
578 517
572 516
565 514
552 527
524 517
504 515
498 514
485 528
457 518
439 516
433 514
418 526
390 516
371 515
367 514
356 527
339 517
346 515
379 513
412 527
433 517
462 515
502 514
529 529
533 518
545 516
567 515
578 528
572 517
572 516
585 515
586 529
570 518
564 516
572 514
570 527
553 517
545 516
552 514
548 529
526 518
512 516
512 514
500 527
474 517
458 515
458 514
450 529
424 518
409 516
406 514
395 527
376 516
380 515
414 514
449 529
473 517
506 516
548 514
574 527
580 517
591 515
616 514
629 529
625 517
628 515
641 514
641 527
622 516
613 515
621 514
620 528
600 517
592 515
594 513
584 527