535 684
548 678
549 689
531 670
525 662
537 666
539 661
524 642
522 635
531 638
532 636
512 616
506 609
518 615
520 611
505 592
503 583
513 590
514 589
494 571
490 567
499 571
502 570
490 556
490 553
509 568
516 577
503 568
505 571
525 587
532 592
523 581
526 582
544 598
550 605
536 595
534 594
551 605
543 606
543 592
540 586
554 597
542 601
539 585
535 582
550 592
539 591
536 575
535 570
547 580
533 582
526 565
521 560
534 570
524 569
520 552
518 546
533 557
521 557
516 540
509 532
520 539
508 538
505 522
502 517
515 529
500 529
495 513
491 509
508 522
501 526
504 517
506 519
526 539
518 549
518 540
518 543
536 559
531 565
534 556
535 555
551 570
539 575
535 560
532 559
549 571
538 571
536 556
535 551
549 566
535 569
529 553
524 549
538 559
528 560
526 544
522 538
534 548
518 550
512 533
508 529
523 538
510 536
506 518
502 511
513 524
496 527
490 511
484 507
498 517
486 518
484 501
482 499
498 517
490 527
491 518
493 522
513 540
506 545
510 535
513 537
532 556
520 562
519 551
519 552
537 565
526 566
523 550
521 545
536 561
522 565
517 550
514 547
530 558
519 557
518 540
517 535
530 547
513 547
508 529
505 525
521 536
508 533
504 514
501 508
515 522
499 524
494 505
501 499
503 510
491 497
489 492
499 487
499 499
483 486
478 483
491 482
498 498
491 491
494 494
512 497
521 520
511 515
511 518
527 521
535 539
528 533
531 535
545 535
548 553
533 543
529 543
540 542
542 555
528 544
525 542
538 541
540 558
524 546
517 543
527 539
531 552
518 538
514 534
525 529
525 543
508 529
501 526
512 521
513 531
499 516
496 510
507 506
508 520
491 507
485 502
496 496
498 506
486 492
483 486
496 483
499 501
487 493
489 498
508 503
516 522
509 515
513 518
532 523
539 544
527 536
526 539
542 541
549 559
538 548
537 546
549 544
551 560
535 548
531 547
543 544
545 558
532 544
529 540
542 537
543 552
524 537
517 533
529 530
531 541
517 526
514 520
525 515
526 528
508 513
502 508
513 504
514 514
500 499
497 494
509 491
509 504
489 489
483 485
496 482
498 495
485 483
485 483
504 488
512 512
500 506
500 512
519 516
526 535
518 528
522 530
539 533
544 553
530 543
528 543
542 555
545 556
531 543
529 538
543 551
545 554
527 541
522 537
535 547
538 548
523 533
519 527
531 537
531 539
511 524
506 521
519 530
520 527
505 511
502 506
514 516
514 517
493 501
488 496
501 506
503 505
487 490
483 483
496 494
501 498
484 488
485 491
507 508
503 514
506 506
510 508
528 527
519 535
519 527
519 530
538 547
532 553
534 543
532 539
545 551
533 555
529 541
526 539
540 550
530 551
529 536
526 532
542 546
528 549
521 533
515 528
528 537
516 537
513 522
506 514
518 524
503 526
498 512
491 506
504 515
491 512
489 495
485 489
498 501
483 502
477 486
473 482
487 492
477 493
479 480
482 481
503 503
497 514
500 506
501 509
521 527
517 535
520 526
524 530
543 550
534 559
534 550
533 550
550 565
538 564
536 550
537 548
550 562
536 566
532 551
527 548
545 561
530 557
527 540
525 536
535 546
521 549
516 532
511 527
525 537
512 534
509 517
504 508
519 523
500 521
494 503
489 497
503 507
491 505
488 489
485 484
497 494
481 497
477 482
476 481
495 498
490 505
495 497
501 501
521 523
511 534
512 524
515 528
537 546
530 553
534 543
536 545
551 562
538 567
532 551
532 549
547 561
540 565
535 546
535 543
548 557
530 560
527 543
535 537
536 548
524 534
520 528
531 521
532 535
516 523
510 517
519 513
518 522
506 509
502 503
512 498
513 513
495 499
490 496
498 491
502 503
492 492
486 485
503 486
507 505
498 500
499 506
518 513
527 532
522 527
525 529
543 533
553 557
540 548
539 552
555 554
558 569
548 559
545 555
559 554
560 570
546 559
540 556
552 554
557 568
540 552
539 550
550 546
550 559
533 544
526 542
534 536
536 547
520 530
515 524
526 519
526 532
508 518
500 512
510 506
512 517
497 502
492 495
505 493
506 507
488 493
487 496
503 498
514 518
506 511
512 515
528 517
536 540
526 536
523 536
542 540
548 559
537 549
536 548
552 548
553 565
537 553
531 549
543 547
548 563
532 546
531 543
541 540
540 553
521 538
517 536
527 530
528 540
513 524
509 517
520 513
521 527
502 511
496 506
506 500
508 512
494 497
488 489
501 487
503 500
482 483
475 479
488 475
492 489
480 477
484 480
501 484
509 508
501 506
497 507
520 527
525 532
516 524
521 528
536 541
544 551
528 540
525 539
540 550
545 554
528 537
528 534
540 544
539 546
522 534
514 528
529 537
530 536
516 521
510 513
524 525
522 525
500 508
495 504
507 513
507 509
491 491
487 485
499 495
499 495
479 479
473 474
488 486
476 482
472 465
468 460
483 474
469 475
470 467
468 468
488 485
485 492
490 486
493 487
514 506
504 514
506 504
508 508
524 521
516 524
517 512
514 509
530 524
515 526
512 513
507 511
523 524
512 523
510 510
506 504
521 517
506 518
502 503
497 499
511 509
499 507
495 490
493 486
506 499
492 502
489 488
483 482
496 492
485 491
483 475
479 470
493 483
475 481
470 468
471 468
485 479
481 486
483 475
487 478
507 499
498 508
498 499
499 501
520 519
514 524
515 513
514 510
531 527
516 530
513 517
511 515
524 525
515 527
511 510
512 508
525 520
511 524
503 506
500 504
515 515
503 514
500 496
497 490
510 503
495 505
493 491
481 484
497 496
487 494
485 478
484 473
497 485
482 485
476 468
473 466
490 479
482 483
487 474
490 475
511 497
498 507
499 500
502 504
525 522
516 526
517 516
522 518
538 534
524 540
522 526
514 522
534 539
520 535
517 517
517 514
532 531
517 538
511 520
524 518
523 526
511 511
508 507
518 501
518 514
501 501
497 498
506 494
509 505
495 491
492 486
500 485
505 501
489 488
483 484
493 480
496 491
484 478
483 475
497 473
500 493
492 490
494 496
511 501
519 520
511 514
515 518
536 521
543 543
530 535
530 537
549 541
552 552
543 543
539 536
550 532
552 548
538 538
531 534
544 531
542 543
531 532
531 529
542 525
545 541
526 526
519 523
527 517
532 534
515 519
516 516
529 512
530 526
515 516
509 512
518 506
522 518
509 504
507 499
516 494
518 509
498 493
494 491
510 492
517 509
512 505
515 508
534 512
542 534
531 528
533 531
546 529
554 548
542 538
543 537
560 540
561 556
546 545
539 541
551 540
555 556
539 541
536 537
550 536
551 552
533 538
527 535
539 532
542 544
529 531
526 525
537 522
537 536
518 521
514 519
527 515
529 528
513 511
510 506
522 503
524 518
508 505
499 497
513 494
514 506
503 495
503 495
522 501
528 522
517 517
517 520
536 537
545 544
531 532
534 534
549 549
552 555
534 545
531 546
545 558
550 560
536 546
534 541
548 553
550 558
533 546
528 543
541 551
545 550
531 535
530 530
545 541
547 546
524 527
520 523
532 531
534 531
519 516
515 510
528 521
530 524
510 510
505 505
517 514
506 515
502 500
500 496
514 509
500 513
504 507
505 511
528 532
523 538
528 529
533 531
551 549
545 560
544 549
545 554
566 572
557 574
560 563
557 558
571 572
558 575
555 561
550 558
567 573
553 571
551 557
551 555
563 565
548 566
544 551
537 545
551 555
540 553
536 537
533 531
543 542
526 543
520 527
515 524
529 533
517 531
515 517
514 513
523 521
509 524
501 505
497 501
510 510
499 512
496 495
496 493
513 509
505 519
507 513
509 516
532 535
524 540
528 532
531 533
551 554
540 560
540 550
538 550
558 566
550 570
546 553
542 548
558 564
542 567
537 552
535 551
548 561
537 561
533 544
531 540
542 550
526 552
519 534
516 532
531 543
518 541
514 522
510 516
523 528
508 530
505 513
498 507
512 516
498 514
495 497
493 491
505 504
488 505
484 489
481 485
496 497
484 495
484 482
485 480
504 501
496 512
496 502
500 506
520 523
515 530
520 521
520 519
539 540
527 548
526 535
538 536
542 550
530 538
528 534
542 533
546 549
531 537
526 536
535 531
538 544
527 531
525 528
535 523
537 537
520 523
515 521
524 517
525 527
512 514
508 508
520 504
520 518
502 504
496 500
506 497
510 511
497 496
494 490
504 484
504 497
487 485
483 484
496 484
503 502
496 495
499 498
517 501
524 521
511 514
510 515
526 517
533 533
523 524
520 520
534 521
538 538
521 525
516 523
527 519
530 532
518 520
517 516
529 513
530 527
513 513
508 511
519 506
521 518
507 504
504 499
516 495
516 509
498 496
491 492
502 488
504 501
491 487
488 481
500 478
501 492
484 479
479 476
491 473
495 487
480 470
479 468
495 469
501 490
489 482
489 487
508 491
516 510
508 502
510 503
527 504
535 527
518 515
517 516
532 516
536 531
522 517
520 513
533 511
535 527
516 514
512 511
525 509
527 522
514 508
510 502
521 498
522 513
504 500
497 496
509 492
510 504
496 488
493 484
505 482
504 496
485 481
480 478
495 489
498 488
485 474
484 471
499 484
502 488
484 475
479 473
495 485
500 490
490 480
494 483
512 500
517 507
504 499
504 503
521 518
525 521
511 508
508 504
522 518
525 521
503 504
496 501
509 510
511 510
498 496
496 491
509 503
511 506
491 491
486 489
501 500
490 499
488 484
485 479
499 491
486 493
480 477
475 473
489 484
479 484
477 470
475 465
488 476
474 479
470 464
466 463
482 476
475 479
477 467
478 466
494 481
485 488
486 479
488 483
508 501
504 507
507 497
509 498
527 515
518 524
519 515
519 517
537 531
530 534
531 522
531 519
545 532
532 535
528 521
525 518
541 532
531 532
529 518
526 513
540 527
525 531
521 516
518 514
529 523
518 523
515 507
514 503
526 515
510 517
503 499
499 496
513 507
500 505
497 488
495 483
508 496
495 501
492 488
493 490
514 509
509 516
513 506
516 508
534 527
524 535
523 524
524 526
541 540
531 542
529 528
529 525
542 540
527 542
521 525
517 521
534 533
523 534
521 518
518 513
531 527
516 531
511 515
509 513
525 525
514 526
512 510
511 506
524 519
507 520
501 502
498 498
513 510
502 510
501 494
501 491
518 505
504 508
499 492
497 489
514 503
505 505
507 494
510 496
529 517
519 528
518 516
532 519
540 538
532 531
534 533
548 533
553 553
542 547
540 548
552 548
556 561
544 549
543 546
555 544
557 559
541 547
535 543
545 540
548 552
535 539
532 534
542 530
544 543
528 532
523 529
533 526
535 536
522 522
521 518
532 514
534 529
517 516
511 513
523 510
525 523
512 509
509 505
522 503
526 521
515 515
516 520
534 525
543 544
539 540
544 545
562 549
569 570
556 563
557 567
575 571
582 589
572 579
571 577
584 576
587 592
571 581
566 579
577 576
581 589
569 578
567 574
579 570
579 584
562 571
556 567
568 564
569 575
553 559
550 554
562 550
562 564
543 549
536 545
548 541
550 554
537 540
533 534
544 529
544 543
527 530
522 526
534 523
537 535
526 524
528 525
547 530
554 553
542 545
542 548
560 551
569 572
560 564
561 564
577 566
581 585
566 575
562 574
575 572
576 585
562 571
559 568
572 567
572 581
552 566
546 562
557 558
558 569
542 553
536 546
545 541
545 554
524 538
516 532
527 539
527 538
512 523
509 517
521 527
520 527
500 511
495 507
507 516
509 514
494 498
491 493
507 507
513 514
500 506
500 509
521 526
530 534
521 527
524 528
541 545
549 555
532 544
531 546
549 561
553 565
540 552
539 550
554 563
558 568
541 557
533 552
547 562
538 563
536 548
534 543
546 553
533 555
528 540
523 537
537 547
526 546
523 530
521 525
534 537
519 538
513 520
506 515
520 525
509 525
506 508
503 504
515 515
502 518
500 504
498 505
515 520
509 525
511 516
515 518
534 537
524 544
522 533
523 536
543 553
538 558
539 547
538 544
554 559
540 562
536 547
532 544
547 555
536 555
535 541
534 538
547 551
532 553
527 537
524 534
538 544
526 543
522 525
518 518
531 531
516 533
509 516
502 511
516 521
504 520
501 504
498 499
509 510
493 510
487 493
482 489
498 500
488 502
487 488
489 489
509 510
499 520
499 509
499 510
519 526
512 531
513 519
514 519
531 535
519 541
516 527
514 525
529 537
517 537
514 521
513 518
528 532
514 536
507 519
503 515
519 527
508 527
505 510
501 504
514 517
497 518
493 502
489 498
504 508
492 507
490 490
489 485
503 499
487 500
481 482
477 478
493 490
482 490
479 474
479 470
496 489
486 499
488 489
505 492
513 510
506 503
509 505
524 506
529 525
516 517
514 519
528 520
533 535
521 523
518 519
529 515
531 532
516 521
511 520
522 517
525 529
513 516
511 513
522 510
522 523
505 510
500 507
511 504
513 515
500 502
496 496
508 492
510 506
494 493
487 488
497 483
500 495
488 482
485 478
496 474
497 490
484 480
485 484
503 488
510 507
502 500
504 501
522 504
527 525
514 517
512 519
527 520
533 537
524 528
522 525
534 522
535 538
519 526
514 525
526 522
528 535
517 522
516 518
528 515
529 529
512 515
505 511
517 508
519 520
506 506
502 500
513 496
514 510
496 497
490 494
501 490
502 502
489 488
486 483
499 481
501 496
484 485
483 488
501 491
510 512
501 505
504 506
521 509
527 530
515 522
514 525
529 526
535 542
525 532
524 530
538 530
538 544
520 530
517 529
532 527
535 541
521 526
518 521
532 519
533 535
515 520
508 516
520 512
523 525
509 511
506 506
517 503
518 517
498 502
493 499
507 509
508 508
492 493
488 488
501 499
503 502
486 489
486 491
502 505
511 512
504 507
506 507
525 524
530 531
517 524
517 527
535 541
541 545
530 533
529 531
545 547
545 549
525 534
520 530
534 541
538 543
524 529
521 524
533 535
535 536
515 522
510 519
523 529
511 527
508 511
505 506
517 517
502 518
496 501
490 497
504 508
494 507
491 490
486 484
500 495
486 497
481 481
477 477
489 486
479 485
479 472
481 472
499 489
491 498
492 489
495 494
515 512
509 518
512 507
514 508
532 527
523 536
521 525
518 525
534 538
523 539
522 525
520 521
533 534
520 538
516 523
512 521
527 533
515 532
512 515
509 511
523 524
508 526
503 509
497 503
512 515
500 513
499 497
495 490
508 503
492 504
487 488
483 485
497 495
483 494
482 479
480 475
494 488
479 490
474 475
474 475
494 492
486 499
489 489
491 491
511 510
501 519
502 509
507 515
523 528
513 530
514 519
515 518
531 533
517 536
511 520
509 519
525 531
515 532
512 515
510 511
527 527
512 531
506 515
500 510
514 520
503 521
499 503
500 499
512 512
493 511
488 494
487 492
502 504
490 503
485 484
486 480
499 495
484 497
480 481
477 478
494 490
484 491
486 481
490 483
510 504
499 514
503 506
518 508
525 525
517 518
519 520
536 524
542 544
531 539
529 539
541 539
544 550
531 539
531 537
543 534
545 550
529 537
527 538
537 535
541 548
527 533
525 530
536 527
538 543
521 529
515 528
525 524
526 533
515 521
512 517
524 512
525 527
509 514
507 515
518 510
521 522
505 506
503 503
518 502
525 522
514 517
516 522
536 528
547 550
542 546
545 549
562 552
570 574
560 570
560 575
579 580
586 599
578 590
581 592
595 591
598 610
581 598
578 598
590 595
592 609
580 597
577 592
590 591
593 608
577 598
572 596
585 593
586 605
571 589
567 583
576 577
574 589
552 571
545 566
556 561
556 572
541 556
536 550
549 547
550 562
531 547
525 543
539 542
545 558
535 548
536 548
551 549
555 568
542 558
541 561
558 563
562 579
551 568
549 565
563 564
564 580
544 565
536 560
549 557
552 570
538 556
534 551
546 546
546 560
527 545
522 540
532 536
532 545
515 528
512 522
523 518
522 530
501 513
494 507
506 515
506 512
490 496
485 487
496 495
495 496
477 481
472 479
488 491
493 495
485 486
489 487
507 504
511 512
495 501
495 504
513 519
520 524
508 512
508 509
522 521
525 526
506 512
501 508
515 518
517 518
504 505
502 501
514 512
515 513
494 498
490 495
504 505
493 504
488 487
484 480
497 491
484 493
477 477
470 473
483 481
472 481
470 466
467 461
478 470
462 471
457 455
454 453
469 465
461 467
462 457
466 459
487 479
478 489
478 480
477 480
496 496
491 502
493 491
493 490
509 505
497 510
494 496
490 494
505 506
494 506
493 492
491 488
506 503
493 505
486 489
482 486
497 496
486 497
484 482
480 476
493 489
479 491
475 476
471 473
484 483
472 481
470 465
469 461
483 474
469 475
463 458
460 454
477 467
468 470
470 459
473 460
494 480
485 491
487 483
488 486
507 501
501 506
503 496
506 497
522 515
509 520
505 506
503 505
519 518
507 518
504 502
502 498
518 513
505 517
499 501
495 497
509 508
497 508
496 493
493 488
507 501
491 502
486 485
483 482
498 492
484 490
482 472
480 467
495 481
479 483
473 466
470 464
489 479
483 485
487 476
490 478
507 496
496 505
496 493
497 495
515 510
505 513
505 500
506 499
521 516
506 522
499 501
509 498
512 510
501 498
499 494
509 489
510 503
495 492
491 490
501 486
503 496
492 485
487 478
498 474
500 489
483 476
477 472
489 469
491 480
479 468
476 462
486 458
488 473
475 464
475 467
491 470
498 487
492 480
495 484
511 486
516 504
502 495
501 496
515 497
521 514
510 504
507 500
519 496
522 512
505 500
500 498
511 494
515 506
503 494
501 491
513 488
514 502
495 488
490 485
502 483
504 494
491 481
487 475
500 473
502 488
484 475
478 472
489 467
492 480
479 468
478 466
491 463
496 482
484 475
486 480
503 485
510 504
501 495
502 496
520 499
525 520
511 511
508 511
524 511
528 527
517 515
515 511
526 506
528 521
512 508
508 506
521 503
524 515
510 501
509 498
522 496
523 511
504 496
499 493
512 491
514 504
500 491
496 485
509 482
511 497
493 484
488 482
500 479
502 491
488 476
487 474
500 474
503 491
489 482
489 485
508 490
515 509
505 499
505 498
522 501
527 521
512 511
509 511
524 524
528 526
515 513
513 509
524 519
524 521
505 506
502 504
515 516
517 516
501 500
498 495
511 508
513 511
493 496
488 493
500 502
503 501
487 485
484 481
496 492
498 493
478 479
474 477
488 486
490 485
476 469
474 464
489 476
492 480
472 465
467 461
482 472
474 473
476 463
480 464
499 483
493 492
494 484
495 488
512 503
506 508
507 498
507 500
526 518
516 524
513 511
509 509
524 521
514 521
510 507
507 503
521 516
509 519
506 506
503 504
516 513
506 512
505 498
503 494
516 506
501 508
496 494
492 491
507 502
497 503
494 488
492 483
508 496
494 500
491 485
487 482
503 493
493 495
493 482
492 479
507 494
492 495
489 482
489 481
507 495
500 500
505 491
510 494
531 516
523 527
523 518
524 521
546 538
541 544
542 533
543 533
560 551
547 555
544 541
541 539
556 551
544 551
542 536
541 533
556 547
542 550
536 533
532 530
547 541
535 541
531 525
525 518
538 532
524 535
518 519
513 515
526 524
513 523
510 506
509 502
522 516
506 517
500 500
497 496
513 508
502 508
498 491
496 486
510 499
495 502
492 487
492 486
514 503
509 511
515 503
519 505
538 525
527 532
525 519
528 523
548 539
540 543
540 529
540 528
554 544
537 547
529 528
537 524
540 536
530 526
528 521
538 516
537 529
521 517
515 515
526 513
526 525
512 510
508 504
519 500
520 514
502 500
496 496
505 491
506 502
494 489
490 483
500 479
505 496
485 479
480 476
493 475
494 486
483 475
483 473
500 476
505 494
494 487
495 493
512 496
520 516
513 509
514 510
531 512
535 529
521 521
519 523
533 523
537 537
526 525
524 523
539 521
541 537
527 527
519 522
531 519
535 534
523 522
520 518
532 515
533 530
518 518
514 515
526 512
527 524
514 510
513 506
524 503
525 518
505 503
499 501
512 499
516 513
502 499
499 495
511 493
513 509
496 497
493 496
511 498
518 516
509 508
512 510
529 513
535 534
521 527
521 532
539 534
545 552
538 545
536 542
551 542
554 560
536 547
531 544
546 541
548 554
537 543
533 538
547 537
550 556
529 539
524 536
539 536
539 546
526 530
524 527
537 525
541 541
520 522
514 517
527 512
533 526
518 510
516 505
526 499
527 513
511 500
506 497
521 509
520 505
506 490
505 485
522 499
522 500
509 491
505 490
519 507
525 516
518 512
517 513
534 531
538 539
523 530
522 534
539 547
543 549
531 536
531 537
542 546
543 549
524 534
520 532
536 544
538 545
524 531
520 526
533 537
536 540
517 530
510 524
521 533
511 532
510 518
510 513
524 523
510 522
501 502
496 498
520 512
500 504
495 489
492 485
505 496
488 498
481 483
475 480
490 493
480 495
484 486
484 485
504 506
499 519
500 512
505 517
522 531
515 536
516 525
520 526
541 545
531 553
530 542
527 542
544 555
535 557
537 545
534 542
549 555
539 559
532 542
529 541
539 547
525 544
519 526
517 521
529 532
513 532
504 512
498 507
514 520
500 515
498 501
492 492
502 502
488 504
484 488
479 484
494 495
481 493
480 479
478 474
495 490
483 495
484 486
485 489
507 507
502 514
502 503
507 505
524 523
513 531
514 522
511 520
529 534
518 535
518 522
517 519
532 533
518 536
515 522
513 521
529 535
516 535
513 519
513 517
530 534
515 537
509 519
505 515
519 526
510 527
508 512
506 506
518 517
502 520
498 505
496 503
510 513
498 512
496 495
496 491
512 507
496 508
492 492
492 491
514 508
508 516
511 507
514 508
532 528
522 540
523 530
538 534
544 550
536 542
539 544
556 545
561 562
544 549
537 546
548 546
551 561
540 552
538 550
550 547
553 564
540 553
537 553
547 547
548 556
535 542
532 538
543 534
543 548
526 534
521 531
533 529
536 542
524 527
519 519
528 513
529 528
513 516
506 513
515 509
516 521
505 511
507 512
523 514
529 534
519 527
520 532
539 537
546 555
537 546
538 547
553 550
559 572
545 565
542 565
556 564
561 578
550 567
550 564
562 560
562 574
545 561
541 561
556 562
556 571
542 557
540 553
556 552
555 563
538 550
529 542
540 537
542 549
527 534
522 529
531 524
530 536
514 524
509 521
520 517
519 527
504 512
502 508
517 506
518 521
500 507
499 508
517 512
525 534
519 527
518 525
536 529
544 550
533 543
532 546
546 545
552 562
543 553
544 552
557 552
556 567
538 553
535 552
551 552
554 566
541 551
538 546
551 543
554 559
535 544
527 540
538 536
540 548
527 534
524 530
536 527
537 540
517 524
512 520
525 530
525 528
508 513
504 507
518 519
521 523
501 507
495 503
511 513
518 517
510 509
511 510
527 528
534 537
520 529
523 534
541 549
546 552
536 541
537 539
553 554
555 559
534 545
529 543
544 554
549 558
536 546
534 541
547 552
550 554
531 539
525 536
537 545
523 542
520 527
518 524
531 536
516 538
510 521
504 515
520 526
510 525
505 507
499 499
511 509
499 514
496 501
494 502
510 515
504 519
509 511
515 516
533 535
521 541
519 531
519 534
539 554
534 560
534 548
533 546
550 562
539 567
535 553
529 549
543 559
533 561
534 549
533 546
544 556
529 558
526 543
521 540
535 550
523 548
519 530
516 525
530 536
515 537
508 519
501 514
515 523
505 523
502 507
499 500
512 511
497 513
493 498
491 495
505 506
497 507
499 497
504 501
525 524
516 534
516 524
518 527
539 546
534 554
537 546
540 547
558 565
547 573
545 560
542 559
556 571
545 572
544 557
544 556
557 570
542 573
537 557
534 554
550 566
538 565
534 546
529 539
543 551
527 553
521 534
515 528
529 537
516 536
514 520
511 514
523 526
505 525
498 508
495 505
510 516
496 514
492 495
490 490
504 503
490 507
486 492
486 492
507 510
502 518
507 510
511 513
531 534
521 544
522 532
539 537
546 555
538 548
539 548
555 548
560 567
545 556
540 553
550 550
554 564
543 554
541 550
551 545
552 558
535 546
530 544
540 541
540 551
526 536
524 530
534 525
534 539
515 524
507 517
517 513
520 525
507 512
502 506
512 499
512 513
496 500
489 494
497 489
498 498
485 484
482 479
494 476
495 491
481 480
481 484
497 487
506 507
499 501
502 503
522 508
527 527
515 521
517 527
531 528
538 547
526 536
526 535
540 533
542 547
525 535
522 535
533 533
536 547
522 533
518 529
531 526
534 543
517 530
510 525
521 520
522 530
509 515
508 511
517 505
516 519
498 503
492 499
505 496
506 507
491 492
487 486
499 482
500 497
483 483
477 479
490 478
497 495
490 488
492 490
509 494
515 515
503 509
504 514
520 517
527 535
518 526
520 526
537 529
541 547
523 534
518 531
532 529
536 543
524 530
522 526
534 524
537 540
520 527
515 524
527 519
527 530
513 515
510 510
523 508
521 521
501 505
495 501
507 510
509 511
493 495
489 490
501 499
502 502
483 488
478 484
489 491
490 490
476 476
474 472
487 483
488 486
472 475
474 480
495 498
505 507
496 499
499 501
520 521
528 532
515 524
515 528
534 545
542 552
532 542
533 542
548 556
553 561
534 548
533 548
548 560
539 560
537 545
535 541
548 552
534 555
528 539
522 535
536 545
525 544
522 529
519 524
530 533
516 533
509 515
504 512
517 521
505 518
501 501
497 496
511 509
496 510
490 494
485 489
498 499
489 498
487 482
485 478
501 493
493 502
495 494
500 501
518 516
513 524
515 514
520 517
537 535
526 541
525 529
525 532
543 548
533 551
531 536
529 532
543 547
531 552
527 538
524 537
539 547
527 545
524 530
520 525
531 538
514 540
508 524
504 522
519 534
506 534
502 516
500 511
515 523
501 524
498 506
494 497
511 504
500 502
501 485
506 480
519 485
498 480
485 460
476 459
489 477
479 487
482 482
485 488
506 513
499 526
503 517
508 518
533 533
531 538
534 524
533 519
544 532
526 536
517 521
514 525
529 541
520 545
520 532
521 529
540 545
529 548
526 529
525 522
540 531
524 526
518 508
510 504
520 519
503 527
497 511
496 511
513 521
503 521
500 500
500 495
512 506
492 506
484 487
491 485
494 500
484 491
488 494
505 499
514 520
507 514
512 518
530 520
539 535
529 526
528 525
544 526
547 546
534 540
529 540
541 540
545 554
539 544
537 540
548 536
550 550
533 536
528 535
537 532
537 544
522 531
520 527
531 526
531 540
514 526
508 522
519 517
523 529
510 515
507 511
515 503
516 520
496 505
489 502
500 499
503 510
493 498
494 497
512 499
519 520
509 515
511 521
530 526
538 548
530 542
533 545
551 549
559 571
549 565
549 568
563 566
566 579
553 566
550 562
562 561
562 576
544 563
540 562
554 561
556 574
543 558
539 551
551 547
552 561
533 546
525 541
535 536
536 547
523 532
519 526
530 523
530 536
512 520
507 516
518 511
518 521
503 504
499 497
512 494
515 511
499 500
498 502
517 505
526 526
520 520
523 523
540 526
546 548
533 541
534 544
552 548
558 566
547 556
548 555
563 556
564 572
546 560
542 558
556 556
559 570
545 556
543 551
555 549
556 563
538 548
532 544
544 552
545 550
529 532
526 526
537 536
537 536
516 518
509 514
522 523
524 522
508 504
502 498
513 507
514 509
494 494
488 491
502 504
508 509
500 502
506 506
525 525
531 535
518 527
520 532
541 549
548 556
539 546
540 545
559 562
564 568
545 556
540 554
554 565
546 567
546 554
545 552
557 563
543 564
539 549
534 546
548 556
535 554
531 537
527 531
539 542
525 543
518 527
510 521
523 529
511 527
507 511
503 504
513 513
496 513
491 496
488 494
504 505
496 508
500 499
504 502
525 522
516 532
516 523
517 526
538 544
533 551
535 542
536 543
553 560
542 567
541 554
539 553
553 564
543 564
542 549
541 548
556 561
541 563
534 545
529 541
543 553
532 552
528 534
523 526
535 537
520 539
513 522
507 517
519 524
506 522
503 505
501 499
514 511
497 510
490 492
486 488
502 500
493 502
494 490
497 491
520 514
514 527
517 519
521 524
543 543
540 552
545 545
550 550
570 572
559 581
559 571
559 573
577 588
566 590
564 575
564 573
580 589
566 593
560 576
555 571
569 581
557 581
554 563
552 558
560 568
542 569
535 549
530 545
543 554
529 550
524 531
522 525
536 537
520 539
510 516
504 510
519 521
507 521
504 503
500 496
513 510
500 517
501 505
517 510
526 530
522 526
526 531
546 536
554 559
544 555
546 559
563 565
573 586
565 579
566 579
578 577
580 593
566 583
560 581
571 579
573 591
560 577
556 572
567 570
567 582
547 566
541 560
551 556
552 565
537 548
531 538
539 530
540 542
521 527
514 521
522 514
522 523
508 507
504 501
514 496
513 507
493 491
487 487
497 482
498 493
483 478
479 473
491 471
496 493
487 490
490 496
510 501
521 523
517 518
523 524
541 528
549 550
539 546
543 554
561 559
567 576
556 564
555 561
569 561
572 578
556 566
550 564
563 562
566 576
554 563
549 557
558 552
558 565
540 551
535 547
545 541
543 550
527 533
523 528
535 523
534 537
514 520
505 514
517 509
519 521
504 506
499 498
509 492
511 507
495 495
492 494
506 493
514 510
508 504
514 509
535 518
542 541
533 537
535 543
555 549
564 570
555 562
556 562
573 565
578 585
560 573
556 571
567 567
570 581
556 568
553 564
565 562
565 575
545 559
540 555
552 564
553 561
537 543
532 534
543 543
543 542
522 526
512 518
523 525
523 524
508 507
501 500
513 510
512 511
492 495
487 491
499 499
498 496
482 480
481 477
498 492
505 502
492 495
495 500
517 520
529 531
523 526
530 532
550 552
559 563
547 557
548 562
566 579
559 581
559 570
558 568
576 583
562 586
557 570
552 568
567 579
556 577
553 561
548 553
558 561
544 562
540 548
534 541
545 549
528 542
526 523
522 518
531 528
512 524
506 509
498 502
510 511
497 509
493 492
488 486
499 494
485 498
478 481
474 476
486 486
481 490
484 480
490 485
510 505
502 516
506 509
511 517
532 536
527 542
532 535
535 537
554 558
546 569
544 557
540 556
556 566
546 569
546 556
544 552
554 562
539 565
534 550
532 548
545 557
529 552
527 535
524 529
535 538
520 538
511 518
505 510
519 519
504 517
501 501
497 494
507 502
490 502
483 484
479 479
492 489
479 486
475 468
473 463
486 476
470 478
465 463
466 464
491 486
485 494
490 488
496 491
517 513
508 522
509 515
513 518
532 535
526 542
528 534
532 536
546 551
532 556
528 540
528 540
543 551
533 554
532 538
530 533
543 549
525 550
522 533
516 527
529 535
517 536
514 518
513 513
523 522
506 523
501 503
510 499
509 508
496 494
492 487
503 481
505 495
487 481
481 477
487 471
488 480
479 470
479 469
495 471
501 492
492 490
494 496
514 502
522 519
515 514
516 515
535 519
542 541
532 535
530 536
543 536
545 548
537 540
536 537
544 530
547 546
532 535
527 535
538 532
538 543
527 530
522 525
533 521
532 532
514 520
504 513
515 509
516 521
503 507
500 501
509 495
510 509
490 494
484 489
494 484
495 495
481 479
479 474
491 471
492 486
479 476
477 476
497 481
507 502
503 498
505 500
524 506
534 533
523 527
522 530
541 535
550 555
540 544
543 549
558 547
560 564
543 551
539 551
555 552
558 566
544 552
538 546
554 547
554 561
537 548
531 544
540 537
543 550
530 537
525 529
535 524
534 537
514 520
509 518
522 513
524 526
507 509
507 506
518 500
517 512
498 498
489 491
501 487
505 500
493 487
493 485
511 489
518 511
508 508
513 515
534 522
541 540
532 532
537 536
554 541
560 562
545 553
544 554
560 568
564 572
553 559
551 555
564 566
565 570
550 558
545 555
557 563
559 562
544 546
543 542
553 551
555 553
533 535
525 530
538 541
536 538
519 520
514 512
526 522
527 524
505 508
499 503
511 511
512 510
497 494
493 489
506 499
506 498
486 483
484 483
503 499
499 507
502 499
508 503
528 524
521 534
522 527
524 531
542 548
539 555
544 549
545 549
560 563
549 567
544 553
544 555
557 566
546 566
545 553
543 550
559 564
544 566
539 551
533 545
547 554
537 556
533 538
529 532
539 541
526 545
519 529
512 524
525 533
513 530
508 513
506 508
518 519
502 519
495 502
490 496
505 507
499 511
499 498
502 499
522 520
517 532
519 525
522 529
540 544
535 551
539 543
544 547
563 566
554 575
553 562
550 561
567 575
556 576
555 562
552 557
568 572
555 578
549 562
543 558
559 570
547 568
545 553
541 547
554 559
537 559
529 540
523 533
537 544
522 540
518 522
514 516
527 528
512 529
505 510
499 503
513 513
503 515
500 496
496 490
511 504
499 510
501 502
505 508
526 528
522 538
526 528
532 531
553 555
544 565
545 555
548 560
574 582
564 586
564 573
563 570
577 584
562 589
559 573
557 572
572 583
559 582
556 566
554 561
567 575
549 575
541 554
550 549
551 559
536 544
529 537
537 531
537 543
521 529
514 524
522 518
522 527
508 511
505 506
517 502
515 513
496 497
488 491
498 486
500 498
489 487
489 485
506 488
515 512
506 509
506 513
523 517
531 535
525 529
528 532
546 536
551 556
539 548
536 550
550 549
554 564
541 551
538 546
550 544
555 562
537 549
530 545
539 540
539 549
527 536
523 529
532 523
531 534
513 520
506 517
514 510
515 520
497 501
492 495
504 489
504 503
484 487
477 482
486 476
489 488
476 474
471 467
480 460
479 473
463 461
462 462
479 464
487 484
481 478
486 482
505 488
513 510
502 503
504 509
522 514
533 535
522 524
522 523
538 524
542 542
528 531
524 530
537 529
539 542
527 530
526 527
539 525
539 540
518 525
512 521
525 519
526 530
510 514
505 507
517 503
518 517
499 502
492 498
502 492
506 505
489 488
488 484
497 480
497 492
477 475
473 473
488 472
493 488
483 480
486 482
507 488
516 512
506 508
504 509
523 526
531 535
525 528
528 531
545 547
549 553
534 542
531 542
546 554
548 555
535 542
534 539
548 552
550 555
530 540
523 535
536 545
537 544
523 528
518 521
529 529
529 530
508 514
501 509
514 516
514 513
498 496
495 491
508 502
508 502
485 485
478 480
492 490
481 489
479 474
477 469
492 483
484 492
487 486
490 492
510 510
507 517
512 511
517 516
538 536
531 546
531 539
534 544
555 562
548 567
548 554
547 552
561 565
550 570
546 556
542 554
556 564
546 564
543 549
540 545
552 555
536 555
530 538
524 533
537 543
523 540
518 521
513 514
526 524
510 525
503 507
496 501
508 509
496 507
492 489
488 482
499 493
483 494
478 478
477 478
496 493
490 499
494 491
499 495
520 516
512 526
512 517
514 522
537 541
533 549
536 541
537 541
555 558
542 563
540 550
537 549
554 561
543 561
542 548
541 545
555 560
540 563
534 545
529 541
543 553
531 551
526 533
520 525
531 536
514 537
508 519
502 514
515 522
501 519
497 500
494 493
507 504
488 504
481 485
477 480
493 492
484 494
487 484
492 488
512 508
504 518
505 509
508 514
528 531
523 539
527 531
532 534
551 554
540 561
538 548
537 548
554 562
542 562
540 547
539 544
555 560
540 565
537 548
544 541
544 549
532 536
528 530
537 524
535 536
517 521
511 517
520 513
521 522
506 506
500 499
510 494
510 508
492 495
486 490
494 484
497 496
488 486
489 486
505 488
512 510
503 507
505 514
523 520
531 539
525 534
531 539
551 544
559 566
547 558
545 558
558 558
563 572
553 561
552 556
561 549
561 562
545 550
539 547
549 543
550 554
536 540
531 533
542 528
539 538
519 522
511 517
520 511
519 521
504 505
499 497
507 491
506 504
489 491
481 486
489 479
490 488
476 473
474 468
490 468
493 484
480 476
481 480
501 486
510 507
500 499
503 500
522 505
529 528
517 521
516 524
531 525
537 541
526 530
525 527
536 524
537 540
520 526
517 525
528 523
530 536
514 518
511 512
523 508
523 523
503 506
496 500
506 493
507 504
492 488
487 481
496 475
495 488
476 472
470 468
479 463
479 472
464 456
462 452
477 453
482 472
468 464
468 467
487 471
495 490
488 482
489 482
505 484
512 505
497 497
496 497
511 509
513 510
501 497
500 494
514 507
515 510
497 496
493 494
508 507
512 507
498 492
495 487
508 497
508 498
490 484
485 480
496 488
498 487
484 473
481 468
493 478
492 478
471 462
467 459
481 470
485 473
473 463
476 463
495 482
503 491
488 484
488 487
506 502
501 507
505 498
506 498
521 513
509 518
506 505
502 503
516 514
505 515
504 499
502 496
517 510
504 513
501 500
493 494
507 505
495 504
492 489
488 482
500 493
486 496
482 481
478 478
492 487
481 486
482 471
477 463
491 476
478 481
476 470
476 472
496 489
491 496
495 487
497 487
514 506
505 515
506 506
506 508
523 523
514 526
514 513
514 509
527 523
512 524
507 509
503 506
519 518
509 520
505 503
503 498
517 510
502 513
497 497
493 493
505 502
495 501
492 486
491 481
503 492
488 493
482 476
479 473
495 484
485 486
486 472
488 472
509 494
499 503
497 492
499 496
518 513
512 520
515 510
518 511
535 528
522 534
519 520
517 518
532 529
519 528
516 513
516 509
530 525
516 529
510 513
506 509
522 519
512 519
509 502
506 496
519 509
503 512
498 494
494 491
508 501
494 498
491 481
490 478
504 492
487 494
483 477
483 477
503 494
496 500
500 491
503 493
522 514
512 523
512 511
526 514
532 529
523 522
524 521
538 521
540 538
523 525
518 522
530 520
533 532
521 519
518 515
529 510
531 525
515 513
509 509
519 505
520 515
508 502
506 498
517 495
518 508
500 494
495 491
506 488
507 499
494 485
491 479
506 479
505 491
490 481
487 481
502 481
511 500
506 496
509 499
526 502
532 523
518 516
518 519
534 521
542 541
532 530
527 523
541 521
544 537
526 524
520 520
531 517
535 531
524 519
522 516
533 512
537 530
518 515
513 512
525 508
527 519
514 505
511 500
523 497
524 512
505 497
500 494
512 491
516 504
502 490
498 485
510 481
511 496
495 484
492 484
508 486
515 503
508 495
511 497
528 501
534 522
519 513
517 514
534 516
540 533
529 523
527 519
538 516
539 532
522 518
517 515
528 511
529 522
515 509
513 505
525 503
525 517
505 501
499 497
512 494
513 506
497 490
493 484
504 480
505 494
487 480
480 475
491 469
493 480
480 466
477 462
490 459
490 474
473 461
472 462
491 478
500 486
492 478
495 481
514 500
522 509
509 501
508 503
525 518
531 523
522 512
522 511
535 523
534 524
516 510
512 509
525 520
526 519
511 505
509 500
523 512
524 515
504 499
497 494
510 504
512 504
498 489
495 484
506 493
508 496
488 482
483 479
495 489
484 487
482 472
481 468
496 482
485 487
483 476
484 479
505 497
502 506
504 497
505 497
523 514
514 521
515 513
513 514
529 527
519 529
519 516
518 513
532 527
518 530
513 515
510 513
526 526
517 528
515 513
512 508
527 522
514 526
510 511
506 508
520 518
510 518
509 504
509 500
522 513
507 515
503 499
501 498
517 510
507 510
505 495
505 493
524 511
516 520
516 512
518 514
536 530
530 537
532 527
533 527
549 544
536 549
535 537
533 537
548 549
535 549
532 532
530 528
545 543
530 546
524 530
521 526
536 538
526 538
525 523
522 517
534 529
520 531
515 515
512 512
527 524
514 523
515 511
512 505
527 519
511 520
505 504
502 501
520 516
512 520
515 509
517 510
537 530
529 542
528 530
528 532
546 548
538 551
540 540
541 539
557 556
541 558
536 541
534 538
550 551
538 551
535 535
533 530
547 545
533 549
528 531
523 527
537 537
525 536
521 518
520 514
532 526
514 527
508 508
519 505
520 517
506 502
502 496
512 491
514 505
497 494
492 492
504 491
511 507
505 501
508 503
523 504
527 522
514 514
512 515
527 516
531 531
520 520
518 516
531 514
533 529
517 517
510 514
520 509
524 523
513 510
511 506
522 501
522 515
507 502
502 500
515 500
514 508
500 494
498 489
511 486
512 501
495 487
488 483
503 482
503 494
491 481
488 477
502 476
507 496
497 490
497 495
512 497
518 514
508 504
509 504
524 505
528 524
511 512
507 510
520 509
523 521
510 507
507 502
518 498
521 514
506 503
501 501
512 497
514 509
501 496
500 493
512 491
512 506
494 492
490 490
503 488
506 502
493 488
490 483
504 482
506 499
490 488
485 487
501 487
509 506
503 501
506 505
523 508
528 528
515 518
516 521
532 523
538 539
527 527
527 525
541 524
544 540
525 526
520 523
533 520
537 534
526 522
524 518
536 517
537 532
520 518
517 518
530 515
531 527
517 513
515 509
528 508
529 523
510 509
503 505
516 515
520 516
506 503
504 499
519 513
526 521
514 514
514 517
531 533
537 536
526 525
528 525
545 541
548 545
530 533
526 531
540 543
543 543
528 529
525 524
538 535
541 539
522 526
517 524
530 534
533 534
518 519
515 515
525 525
525 526
504 511
500 509
516 521
510 524
513 512
508 502
521 511
504 510
501 496
497 495
512 509
506 513
510 506
513 510
532 528
520 533
520 522
520 523
536 537
527 537
526 524
523 520
539 533
523 534
518 518
511 514
523 524
513 524
511 509
508 504
519 515
504 516
502 503
496 499
511 511
494 505
491 488
488 483
502 495
488 496
481 478
477 473
491 483
482 484
480 467
477 462
493 478
487 486
488 474
488 475
506 492
497 495
498 485
501 486
517 504
505 510
500 496
498 494
514 508
503 510
501 494
499 490
513 504
500 509
497 496
494 493
508 504
496 504
495 491
494 488
508 503
492 504
487 488
485 487
501 499
491 499
488 483
487 480
502 495
490 500
489 489
491 492
512 509
506 515
510 505
513 506
530 523
517 529
515 516
516 516
533 530
521 530
518 514
517 510
532 526
516 530
511 512
508 508
523 520
511 521
510 506
507 500
519 513
503 516
498 500
496 497
511 509
498 507
496 490
496 487
510 502
494 506
490 489
503 489
510 506
503 501
506 503
522 503
527 522
516 514
516 517
529 517
533 531
522 520
522 519
536 517
537 532
520 519
514 516
526 515
531 529
519 518
517 514
527 510
530 526
515 516
510 514
521 510
523 521
510 507
508 504
520 501
521 516
504 502
499 501
513 500
521 519
510 509
513 511
530 513
539 536
528 530
527 532
541 531
549 549
536 537
537 536
550 537
551 552
532 539
530 538
543 538
544 549
531 535
529 531
542 527
544 544
528 532
521 527
532 521
533 532
520 519
519 515
531 513
533 527
515 512
510 509
522 507
524 519
510 505
509 502
526 504
532 525
521 520
518 520
536 523
543 541
535 535
535 534
550 535
553 552
539 543
535 542
548 541
552 554
535 538
533 534
547 533
548 548
530 533
524 530
536 527
538 540
524 525
520 519
531 516
532 530
514 516
509 514
521 511
523 522
506 506
507 504
518 501
518 515
501 502
499 502
517 504
523 522
511 512
510 511
528 515
531 531
516 523
511 521
524 532
527 534
515 522
512 517
524 528
523 529
505 513
502 512
517 524
519 524
505 510
505 507
517 517
521 522
502 509
494 503
506 511
511 512
498 498
495 494
509 505
511 507
493 494
489 492
506 504
511 508
500 497
504 497
524 516
532 525
515 514
515 517
532 531
527 537
527 526
528 525
545 540
529 542
527 529
522 527
534 535
522 533
521 519
518 514
534 529
519 530
513 513
508 508
523 521
512 519
510 505
505 498
519 510
504 513
500 498
494 494
509 504
497 502
495 489
495 485
508 497
493 500
489 484
488 485
508 501
502 507
504 497
505 497
522 514
512 522
510 511
508 512
524 526
516 529
519 519
513 512
526 525
511 527
505 510
503 508
520 522
507 521
507 507
502 499
517 513
505 519
498 500
495 499
507 507
496 506
495 492
493 487
507 499
492 501
489 486
487 486
504 498
495 502
495 488
498 489
518 510
509 519
509 508
508 508
527 525
520 530
522 518
521 516
536 531
522 536
519 521
516 518
531 531
520 530
518 515
519 513
534 528
519 531
513 514
510 511
525 523
515 524
513 508
510 503
524 516
509 519
505 503
502 499
517 510
506 510
505 496
506 496
524 515
512 523
512 511
515 515
535 534
528 540
528 527
529 526
546 545
533 553
530 538
541 536
543 548
530 534
529 531
541 529
543 543
527 531
525 530
537 529
540 541
527 528
523 521
534 518
537 534
521 523
515 520
525 516
526 527
514 514
511 509
522 505
522 519
505 508
502 509
517 510
524 528
516 523
519 525
534 526
541 546
528 538
526 538
539 539
544 555
534 545
534 543
545 539
546 554
530 541
526 539
539 537
541 550
527 535
525 532
538 530
540 546
523 532
516 527
529 524
532 536
520 522
517 517
528 512
529 526
512 513
508 511
518 506
519 518
505 505
505 503
521 505
527 526
513 518
513 521
531 525
539 543
529 534
529 534
543 534
548 553
533 544
529 542
541 539
542 549
529 536
527 532
538 529
538 543
520 530
516 527
529 525
530 537
516 524
511 516
524 513
525 528
507 513
499 508
511 504
513 516
500 503
497 498
509 495
508 509
492 496
491 497
502 493
506 508
497 498
498 499
518 505
527 527
514 517
513 517
529 518
537 535
529 526
529 524
543 524
543 538
526 527
522 526
535 537
536 538
523 523
521 519
536 532
538 536
518 520
512 516
525 526
527 527
512 513
508 508
520 518
521 521
502 507
497 504
510 513
511 513
497 499
495 495
509 508
510 512
491 497
490 497
509 512
518 520
509 510
511 510
528 527
536 535
520 525
518 527
535 540
527 542
529 531
529 529
543 543
529 545
524 531
521 529
537 541
527 543
525 529
523 524
539 538
527 542
523 527
518 524
531 534
520 533
517 517
515 515
528 526
514 527
507 510
503 508
518 517
507 515
503 498
501 492
516 506
502 509
500 497
499 497
517 512
511 517
512 507
512 505
527 520
514 525
512 513
511 513
526 526
515 526
513 510
510 505
524 517
509 520
504 505
500 502
515 514
505 514
503 499
500 495
513 506
498 509
493 493
489 490
503 500
492 499
490 483
488 479
503 493
487 495
480 477
477 475
495 487
485 490
485 478
486 477
504 495
495 504
496 494
495 494
512 508
504 511
505 500
505 499
521 514
506 516
502 500
500 498
515 510
504 510
501 494
499 490
514 505
500 509
495 493
492 490
507 500
496 501
495 487
493 484
507 497
491 499
486 483
484 481
500 493
487 493
484 476
485 473
501 490
490 498
489 486
491 489
512 507
505 514
507 503
508 504
525 521
512 529
510 515
523 516
527 530
515 517
512 514
524 512
527 528
512 517
507 515
517 512
522 525
511 514
509 510
520 505
522 520
506 508
502 507
513 504
515 515
502 502
501 498
514 496
516 510
499 497
496 496
511 497
520 516
513 510
515 512
530 513
536 532
524 525
522 527
535 528
539 542
528 532
527 529
539 528
540 543
523 529
518 526
530 525
533 538
521 525
518 519
530 517
531 532
515 520
509 517
519 514
522 525
509 512
508 509
519 505
519 518
501 503
497 501
510 499
513 512
502 500
502 500
520 502
527 525
515 517
515 519
529 520
536 537
527 529
529 530
543 530
547 547
532 536
528 535
541 533
543 546
529 532
527 528
541 528
543 545
526 531
521 527
534 524
536 537
524 525
521 520
533 517
533 531
517 518
512 516
524 514
525 526
513 512
511 505
525 501
526 517
509 503
506 504
524 507
533 527
524 520
525 520
540 523
545 543
530 534
529 536
543 535
546 549
534 537
532 535
544 534
544 547
525 531
520 528
534 540
538 541
524 528
520 521
533 532
535 535
517 521
511 517
522 527
524 526
510 512
508 507
521 517
521 519
500 502
497 499
510 509
511 508
496 492
493 488
508 502
513 510
500 503
499 505
518 521
527 527
516 519
517 520
533 534
540 541
524 529
524 531
536 540
526 539
523 523
520 518
534 530
521 534
517 518
511 514
527 527
516 527
514 512
511 507
523 517
509 518
504 502
499 499
512 508
500 506
497 492
495 489
509 501
494 503
488 486
483 483
498 494
487 495
486 481
484 479
502 496
493 505
494 497
494 500
511 515
504 518
505 507
507 507
524 523
511 526
507 512
504 510
519 521
509 522
505 506
503 501
518 515
505 520
501 504
497 500
511 509
499 509
497 494
494 490
506 501
490 504
485 488
482 486
497 498
485 497
483 480
481 474
495 487
481 490
477 475
474 474
492 489
485 495
488 487
490 488
510 508
499 513
500 502
500 504
517 518
508 520
507 505
507 504
520 517
506 521
501 504
499 500
517 514
508 516
507 501
503 497
517 510
502 515
498 499
496 497
510 508
499 508
498 493
497 490
511 504
496 507
490 490
487 487
505 501
497 505
499 494
501 495
521 515
511 523
510 512
510 512
528 527
518 529
520 517
521 517
536 532
519 535
515 517
526 514
529 528
518 515
515 511
526 507
527 522
512 511
507 510
516 506
518 517
506 505
506 501
516 496
517 510
500 497
495 494
507 491
509 503
496 490
494 487
509 487
516 509
505 503
504 506
518 507
525 524
515 517
517 517
530 517
533 534
518 524
516 523
528 522
530 534
517 519
513 514
526 511
528 527
512 515
506 512
516 509
519 522
507 510
503 505
513 502
515 516
498 503
494 501
506 497
507 509
496 498
495 495
507 489
508 503
490 488
483 483
497 482
504 499
496 492
500 494
517 499
525 520
513 514
509 515
526 517
531 531
522 522
522 521
538 522
542 541
524 526
517 519
532 519
534 532
520 518
516 512
529 510
530 525
514 513
508 510
521 508
520 519
507 505
505 502
517 499
517 513
498 498
496 498
508 496
511 508
498 494
495 488
505 484
509 500
489 487
483 485
496 481
499 494
489 484
492 484
507 485
515 508
503 502
504 507
521 508
528 525
515 514
518 515
534 516
538 536
520 525
514 521
528 532
531 534
518 519
515 515
528 526
531 530
513 516
510 516
520 523
521 522
508 507
506 504
521 516
521 517
502 502
498 499
512 509
515 510
501 496
498 491
511 502
514 504
495 491
491 489
505 499
507 499
493 485
493 482
509 497
515 505
498 495
498 500
517 517
510 523
511 512
510 510
527 526
517 532
514 521
511 519
524 528
513 527
511 513
509 507
522 519
508 521
503 506
500 504
515 516
505 514
502 497
498 491
513 503
499 506
494 489
488 485
502 495
492 495
491 481
489 477
501 489
487 490
483 475
481 473
496 484
485 483
482 467
482 466
500 483
490 492
490 483
491 486
511 503
505 509
507 499
507 499
523 515
512 522
511 510
511 511
526 523
514 523
512 507
510 503
525 517
511 520
506 504
503 502
519 514
509 517
506 500
502 494
515 507
501 510
498 496
493 492
507 502
498 506
493 488
490 484
504 498
489 501
484 484
481 482
498 495
488 496
486 480
483 475
499 491
486 495
483 478
482 477
499 490
494 496
498 489
503 493
523 514
512 520
512 510
515 513
531 528
524 532
523 518
522 517
538 534
524 539
519 522
512 516
528 528
518 529
518 515
516 512
531 526
517 528
515 512
511 509
523 518
510 518
508 502
508 499
522 515
508 520
502 501
513 499
516 511
503 498
502 495
512 490
514 504
498 492
495 491
505 487
510 501
497 488
494 482
507 481
512 497
500 490
499 492
516 496
524 515
516 509
517 511
531 512
536 531
523 524
522 527
536 527
539 541
528 529
523 524
535 522
536 537
518 524
514 523
528 522
531 535
519 522
516 517
528 512
530 527
514 514
510 514
519 507
521 518
511 506
508 501
522 500
518 510
501 496
496 493
508 490
510 502
497 488
494 484
504 479
506 495
488 483
483 480
495 477
501 492
493 484
496 485
514 488
522 510
510 501
510 504
525 505
529 522
519 512
519 511
535 512
538 531
522 519
517 516
529 513
533 527
522 517
522 516
536 517
539 534
526 525
524 526
539 525
541 537
528 524
525 521
539 520
540 536
522 522
516 519
529 516
532 529
518 515
514 510
526 507
526 521
509 507
504 505
517 502
520 515
508 504
510 504
528 509
533 529
518 519
517 522
532 523
538 540
527 529
525 527
540 528
544 545
527 534
523 533
535 542
537 542
525 529
525 527
539 539
541 543
522 529
519 528
535 541
538 542
526 529
525 526
541 541
545 545
529 533
525 531
539 541
542 542
530 529
531 528
546 541
549 544
532 531
530 531
546 543
550 545