5762 762
761 760
764 759
677 764
490 765
348 760
209 759
102 763
14 763
24 759
9 759
9 765
8 765
21 760
7 760
8 763
11 764
24 759
9 759
9 765
8 765
21 760
8 760
8 763
11 763
24 759
9 759
9 765
8 763
22 759
12 760
11 763
12 762
32 759
31 760
42 765
51 763
79 760
82 760
95 763
122 763
142 759
145 765
155 765
176 762
186 760
184 765
192 763
213 760
225 759
220 765
226 762
244 758
252 760
246 762
251 759
269 756
278 759
270 760
274 756
287 752
295 759
286 756
285 752
304 750
311 759
304 754
307 750
321 747
325 759
316 749
313 746
326 744
332 757
322 741
323 735
339 730
348 742
345 732
350 732
370 734
378 747
372 733
379 732
402 733
412 751
409 745
415 746
436 746
447 759
442 748
445 747
458 743
458 754
444 740
441 733
455 727
460 737
447 719
445 710
455 701
454 706
439 688
433 679
445 669
447 676
432 656
429 646
440 636
440 644
427 627
423 619
435 612
439 620
425 602
423 594
434 586
435 595
423 579
420 573
435 567
439 578
427 561
426 555
440 551
447 567
442 558
446 560
467 561
476 578
471 568
477 571
496 573
505 592
500 587
506 593
528 597
538 617
530 607
530 606
543 603
543 615
530 602
526 599
540 595
543 608
529 592
526 588
538 582
537 592
522 576
516 572
528 579
529 576
512 558
507 551
516 557
514 554
497 538
492 532
504 539
506 537
491 520
486 514
495 521
494 519
478 505
472 500
484 508
484 507
468 490
465 486
480 498
485 504
477 499
480 503
501 520
510 528
503 520
507 524
528 542
538 552
533 549
540 557
563 577
561 587
564 578
566 578
580 590
569 591
565 580
563 579
578 591
567 591
564 575
559 570
570 578
556 575
551 559
545 554
556 561
543 559
536 541
530 534
539 541
523 538
516 522
509 517
521 525
506 522
502 505
495 498
504 505
491 503
485 487
480 482
495 491
482 489
479 472
477 468
493 481
487 488
490 481
493 485
515 502
510 511
516 504
522 510
543 530
541 541
547 538
553 547
577 567
572 576
575 565
573 565
585 576
572 577
568 565
565 563
578 574
565 575
559 558
553 554
563 561
547 558
540 541
533 535
544 543
527 540
521 521
514 515
524 523
507 519
501 502
495 497
507 504
493 503
488 484
482 477
492 485
477 482
469 465
464 460
478 470
468 472
471 461
474 463
492 480
483 486
485 477
488 481
511 500
506 509
512 503
517 509
538 529
532 538
534 531
536 533
553 547
539 548
535 532
531 528
541 539
526 538
520 523
515 519
528 529
513 526
508 508
502 502
511 511
495 507
489 490
496 484
496 494
481 479
476 473
482 466
478 475
462 460
455 455
463 450
464 460
449 446
444 440
451 434
450 444
434 431
430 427
440 423
442 436
428 423
427 421
442 422
451 441
446 436
449 439
468 442
478 461
472 455
477 459
495 463
505 484
501 480
506 486
525 492
534 511
525 503
524 503
534 501
534 514
521 504
517 503
529 502
531 514
517 501
513 498
522 494
520 505
505 491
499 488
509 484
512 496
495 481
491 477
502 473
499 483
484 470
478 465
489 460
490 471
475 456
471 452
481 447
479 458
464 445
459 442
468 440
467 451
450 436
446 432
456 429
459 443
452 436
456 440
475 443
483 462
475 454
478 457
495 460
503 480
497 477
500 483
520 489
529 511
520 504
521 505
535 504
536 519
522 507
519 506
534 504
537 519
523 505
520 502
531 499
531 512
516 499
511 496
524 493
525 505
509 490
505 486
516 482
514 494
498 481
493 480
506 477
507 491
490 476
486 473
496 469
493 481
477 469
471 467
482 478
481 480
465 467
461 465
474 476
483 479
479 469
481 471
502 486
510 491
503 482
508 484
527 500
536 508
529 504
535 509
556 527
563 535
553 526
553 525
564 536
563 537
550 527
544 524
556 534
557 536
544 522
544 515
549 521
545 521
528 508
523 506
536 516
525 518
518 504
511 502
519 511
505 510
501 495
501 492
508 502
492 503
490 488
485 485
495 498
479 499
479 487
474 486
485 499
469 502
456 489
451 487
453 499
436 500
431 489
430 488
444 502
434 505
440 492
451 491
478 503
476 506
481 495
492 495
518 508
520 512
523 498
538 500
565 512
569 519
577 508
587 509
609 524
601 526
600 512
601 509
617 522
608 523
611 514
607 514
623 527
606 530
598 515
595 514
607 527
590 526
584 513
576 510
590 522
574 524
571 508
563 506
569 517
553 518
542 506
533 505
545 518
524 520
519 505
510 504
517 516
501 518
491 506
485 505
496 519
478 520
478 506
486 505
506 517
502 519
505 507
512 506
539 520
539 521
549 510
560 513
586 532
586 541
594 534
603 539
628 558
617 560
618 547
616 545
630 559
618 562
608 549
607 546
624 561
608 557
606 539
600 532
611 541
596 539
589 523
583 519
597 530
578 528
575 512
566 508
574 519
557 519
547 505
554 503
555 517
539 504
534 502
540 499
539 512
522 501
516 500
519 499
518 514
505 503
510 501
532 499
541 512
543 502
548 502
572 501
590 516
588 505
602 508
623 512
638 529
640 525
646 530
666 534
675 553
665 539
666 535
680 534
678 543
668 531
660 528
671 523
671 536
652 524
642 521
641 520
633 530
613 518
606 517
608 514
606 528
583 513
574 510
581 506
573 518
552 506
539 504
544 503
544 518
522 505
509 503
511 501
505 514
484 503
474 502
483 501
483 516
462 504
452 502
456 501
452 514
440 503
443 503
469 502
487 517
487 505
499 503
524 501
542 516
550 510
561 513
591 517
610 539
610 535
618 538
639 543
644 558
634 549
636 550
648 546
655 562
640 548
638 543
648 540
646 555
625 538
621 537
627 532
623 542
604 525
597 524
599 518
595 530
571 516
562 511
571 509
564 522
547 507
534 504
539 500
532 513
509 501
499 500
506 499
501 514
480 500
472 498
476 495
470 510
453 498
452 498
475 511
484 514
482 501
491 502
513 514
525 519
524 513
535 519
564 541
580 553
579 548
589 555
611 573
618 581
608 571
610 572
628 586
627 587
612 572
606 566
616 577
612 573
593 559
586 555
593 562
588 559
570 541
564 534
571 539
567 535
549 518
541 513
553 521
538 520
531 502
526 499
532 507
514 507
505 492
497 489
508 501
490 503
483 488
472 485
477 496
458 497
451 486
440 486
455 499
450 503
460 489
471 491
497 508
494 514
500 507
511 516
539 536
543 549
554 544
565 552
590 572
590 582
595 575
602 578
623 596
611 597
609 582
606 580
615 589
600 588
594 572
589 566
601 576
583 572
576 553
568 546
574 552
555 548
545 530
537 524
547 535
528 533
520 513
512 507
520 515
503 515
491 497
485 493
494 503
476 501
468 484
461 480
465 490
448 490
436 477
428 475
438 488
422 490
414 476
406 474
411 486
392 488
382 476
375 476
392 490
388 492
398 479
412 477
440 490
444 492
457 482
476 490
505 507
508 516
522 511
533 518
559 538
557 546
562 539
567 542
586 557
574 557
575 544
573 541
585 552
570 552
562 536
560 535
572 543
556 542
548 524
541 516
549 526
531 526
518 508
511 502
523 512
505 510
497 493
489 489
495 500
473 500
463 487
466 485
462 499
442 488
437 486
438 484
431 497
411 487
402 487
406 487
409 502
398 491
405 489
429 487
440 501
439 490
450 491
473 491
492 507
498 501
509 502
536 507
549 527
547 521
553 526
577 531
581 545
570 536
565 530
576 525
578 540
562 524
560 522
567 519
567 529
549 514
543 509
549 505
544 516
523 503
512 501
518 499
514 514
494 500
486 498
488 496
483 509
460 498
449 498
453 497
451 513
429 501
419 499
425 497
420 510
401 499
391 499
398 498
399 513
388 501
395 500
419 498
434 512
434 501
441 501
468 501
487 516
491 505
504 504
534 506
548 521
551 514
561 518
581 517
591 531
582 521
579 517
593 514
596 527
581 514
577 512
589 510
588 525
571 511
564 507
572 505
568 518
553 506
542 506
548 505
542 521
518 508
507 506
510 504
503 518
482 506
470 506
479 505
475 521
454 508
445 506
449 505
443 519
422 508
413 507
426 507
433 523
429 510
438 508
460 506
470 521
468 509
478 509
508 521
526 525
530 512
544 513
571 527
584 532
578 524
581 525
600 538
602 539
590 524
588 520
599 529
597 530
580 517
576 515
587 527
587 530
564 516
552 513
556 524
547 525
522 513
513 512
521 525
515 528
492 514
483 511
489 522
481 524
458 512
449 510
460 523
444 526
438 512
428 509
436 520
419 521
411 509
405 508
415 521
403 524
399 510
400 508
419 520
420 522
430 510
441 509
470 523
476 526
489 512
504 510
533 522
537 525
548 513
561 515
590 530
590 535
595 523
595 520
608 531
595 531
594 518
592 516
608 528
595 530
590 514
581 512
588 523
568 524
559 511
550 509
558 523
539 524
531 510
523 508
525 520
504 522
492 511
481 510
490 524
472 526
463 512
450 510
458 522
442 524
432 511
423 511
434 525
413 527
408 513
400 511
416 523
413 525
419 512
427 511
456 524
458 526
471 512
483 510
513 523
518 524
533 512
549 511
583 527
584 531
592 520
592 517
607 528
592 529
587 516
585 515
595 529
578 529
572 515
564 513
572 524
553 525
543 513
534 511
545 526
524 527
513 514
503 512
508 524
488 526
477 512
469 511
481 526
462 527
455 513
450 511
455 524
439 525
429 512
422 512
435 526
414 527
406 514
397 512
409 524
402 525
411 512
436 511
452 526
452 514
465 513
491 511
510 524
514 513
529 512
559 512
580 526
583 516
595 514
614 514
620 530
603 518
602 518
611 517
615 531
599 519
596 517
600 514
598 527
577 516
568 515
578 514
575 529
556 517
550 515
550 513
542 526
521 514
512 512
518 511
516 526
499 514
491 512
494 511
487 524
467 513
456 513
464 512
463 527
443 515
437 514
440 511
437 525
418 513
411 513
418 512
421 527
402 515
396 513
404 511
404 524
388 512
382 511
393 511
399 526
393 514
406 512
436 510
454 524
455 513
465 512
493 512
516 528
518 515
537 513
564 512
580 525
581 513
592 512
618 512
627 527
618 515
616 513
631 511
630 526
615 514
607 514
619 513
621 528
603 516
597 514
600 512
594 526
570 514
562 513
566 513
562 529
538 516
527 514
529 512
521 526
499 513
488 512
495 512
492 528
469 515
462 513
465 512
457 526
436 514
426 514
432 514
428 530
406 516
397 514
403 512
396 527
380 514
368 514
376 527
373 529
355 516
348 513
355 524
354 526
348 513
358 513
385 526
402 529
400 516
410 514
435 525
453 527
455 515
473 514
505 527
526 530
528 516
540 514
564 525
573 527
563 514
565 514
579 527
579 530
565 516
562 514
572 524
571 526
552 514
545 513
555 526
538 529
535 515
525 514
530 525
513 527
507 515
495 515
504 528
489 531
480 517
472 515
480 526
464 529
454 516
449 515
458 528
445 531
437 517
430 515
444 526
434 528
442 515
454 515
478 528
479 531
487 516
499 514
527 526
529 528
540 515
555 514
584 528
586 530
597 516
599 514
616 525
602 527
596 514
593 514
612 527
596 529
593 515
585 513
592 525
577 527
564 514
559 514
565 528
545 530
538 516
530 515
536 527
514 529
502 515
497 513
506 527
490 528
481 515
471 513
478 525
460 527
452 514
445 513
455 527
437 528
429 515
425 513
440 525
436 527
444 514
452 514
479 528
475 530
485 516
498 514
530 526
533 528
546 515
565 514
594 528
593 529
602 515
606 513
621 525
607 527
603 514
600 514
614 528
599 529
594 515
588 512
596 525
577 527
566 514
557 513
567 528
547 529
540 515
531 513
538 526
519 527
509 515
501 514
511 528
493 529
485 515
477 513
484 526
464 528
455 515
460 514
460 528
448 517
452 515
471 513
483 526
479 516
486 515
509 514
527 529
528 517
542 515
569 513
583 526
581 515
589 516
606 515
616 529
605 517
603 515
613 512
614 526
597 515
594 513
600 513
599 527
580 515
574 513
578 512
571 525
549 514
538 514
544 513
541 528
521 515
514 514
517 512
510 526
489 515
478 514
483 514
480 529
460 517
452 515
453 515
446 528
427 516
420 514
428 513
428 528
410 515
403 513
410 511
404 525
385 513
380 512
396 512
411 528
410 515
420 513
443 512
456 525
453 514
465 513
495 513
514 528
517 516
531 516
556 514
572 527
570 515
576 514
596 512
604 528
593 515
593 513
604 511
604 525
587 513
583 512
594 512
593 527
576 515
568 513
574 512
567 526
545 515
535 514
542 514
538 530
518 517
510 515
516 514
513 528
494 516
485 516
491 516
488 531
469 518
462 515
469 513
467 527
452 515
453 514
477 513
489 529
486 516
494 514
517 512
529 526
529 514
541 513
573 526
591 529
592 516
603 514
625 525
632 528
621 515
618 515
633 527
633 530
618 517
613 515
623 525
619 527
600 515
592 514
601 527
596 530
573 518
562 515
567 526
560 527
541 515
531 514
541 527
537 529
519 516
511 514
519 525
516 527
496 514
487 514
499 527
477 530
468 516
456 514
463 525
451 526
453 514
458 513
483 527
482 530
490 516
500 514
527 525
531 527
546 515
561 514
596 527
602 530
614 517
625 516
646 527
639 529
638 516
636 515
652 528
639 530
633 516
626 514
633 526
613 527
602 514
591 513
597 527
575 529
563 515
550 513
553 525
531 526
519 513
508 512
516 526
497 528
487 514
477 512
483 524
465 526
456 513
448 512
459 526
443 527
435 514
427 512
433 524
414 526
406 513
401 512
418 526
416 528
425 514
435 512
461 524
460 526
469 513
481 513
511 527
516 528
531 514
543 513
570 525
568 527
574 513
579 513
598 527
585 528
583 514
579 512
591 525
574 527
566 513
560 513
571 527
553 528
544 514
536 513
541 525
521 527
511 513
503 513
513 527
494 529
484 515
474 513
481 526
461 527
450 514
443 514
453 528
435 529
426 515
417 513
424 526
405 528
397 514
397 513
419 528
420 529
426 515
432 514
453 526
450 528
459 515
486 514
503 529
504 518
516 517
538 515
550 527
546 516
549 515
566 514
570 531
554 519
552 517
562 515
562 528
546 516
541 515
551 514
550 529
530 517
525 515
533 512
530 525
511 514
502 513
508 512
505 527
487 516
475 515
478 512
472 526
452 514
443 514
451 513
449 528
431 516
425 514
431 513
427 526
406 517
401 515
415 514
427 529
424 516
433 514
453 512
462 526
458 514
468 513
494 513
514 528
516 516
526 514
551 512
562 526
555 515
555 514
570 513
573 528
560 516
556 514
565 512
564 526
546 515
540 514
547 515
544 530
527 517
522 515
529 513
525 526
506 515
498 513
509 513
505 528
489 516
479 514
481 513
475 527
453 515
443 514
451 513
448 529
431 516
425 515
435 513
429 527
409 515
404 514
417 514
420 529
411 517
420 515
442 515
456 528
454 516
465 514
495 514
513 529
515 516
527 514
555 512
572 527
571 514
581 513
605 513
612 529
599 516
595 514
604 512
603 526
583 514
576 514
586 527
583 530
566 517
559 515
567 526
564 528
544 515
536 515
546 527
542 530
522 517
513 515
517 526
509 528
486 515
477 514
485 527
481 530
462 517
454 515
461 526
457 528
439 515
433 515
446 527
446 530
430 516
424 514
432 525
432 527
420 514
425 513
450 526
451 529
460 515
469 514
493 525
498 527
511 514
527 514
564 527
574 530
590 516
603 514
627 526
621 528
621 515
618 515
634 528
623 530
619 516
614 515
624 526
608 528
600 515
594 514
604 527
586 530
578 516
569 515
575 526
556 528
547 516
539 515
549 528
531 530
522 517
513 515
520 526
501 528
493 515
485 514
495 527
477 529
469 515
462 514
470 525
452 527
446 514
443 514
462 528
458 529
467 516
476 514
500 526
500 528
510 515
524 515
558 529
566 530
584 516
601 514
633 526
637 528
647 514
655 514
676 528
665 529
663 516
660 513
673 526
657 527
651 514
645 513
656 527
638 529
630 515
620 513
626 527
605 528
595 514
588 513
599 527
580 528
570 515
559 513
564 525
544 527
534 513
525 513
534 528
516 529
507 515
498 513
504 526
485 528
479 514
479 514
502 529
498 530
507 517
516 514
541 527
541 529
552 515
568 515
602 532
606 538
618 530
628 532
652 549
645 553
644 540
658 539
663 553
649 540
646 537
654 534
652 546
634 533
626 528
634 525
633 538
613 524
605 520
608 516
600 527
578 515
566 512
572 510
567 524
547 512
540 509
544 506
537 519
514 508
503 507
508 506
504 521
484 510
474 509
478 507
472 520
452 508
443 507
448 507
445 522
426 510
418 508
423 506
418 520
399 509
390 508
399 507
398 523
380 511
374 509
384 507
392 521
390 510
402 509
430 509
448 524
448 512
462 511
489 509
507 523
509 511
524 511
555 510
574 526
576 515
585 514
605 514
608 529
591 517
588 516
603 514
605 529
590 517
584 514
596 512
591 526
569 514
563 513
570 512
566 528
545 515
531 514
534 512
527 526
506 515
496 514
504 513
497 529
481 516
477 514
484 513
480 527
460 515
454 514
464 514
462 530
445 517
435 515
444 513
441 528
421 516
412 515
423 514
426 530
410 517
403 516
418 514
426 529
421 517
433 516
463 516
475 532
478 518
493 516
522 514
540 529
546 516
562 518
594 532
613 539
612 526
617 526
634 536
637 539
622 524
624 524
638 536
638 536
623 521
618 518
627 527
623 528
603 514
595 513
604 526
599 528
576 514
567 512
576 522
568 524
543 512
529 511
536 523
531 526
509 512
501 511
506 522
499 524
475 511
465 511
471 524
450 527
440 513
431 511
436 522
418 524
408 512
400 511
412 525
393 526
386 513
380 510
391 521
380 524
384 511
394 510
427 523
433 525
448 512
460 510
489 522
494 524
511 511
530 510
568 525
577 530
592 520
605 520
628 534
622 536
623 522
624 521
642 535
633 542
627 528
625 524
638 534
624 534
617 520
613 517
627 530
612 531
604 517
596 514
604 525
585 527
575 513
568 512
578 526
562 527
553 513
545 511
551 523
532 525
523 511
514 510
523 525
504 526
497 513
492 511
508 523
505 525
515 512
526 512
555 527
556 532
567 523
577 529
603 550
602 562
610 559
619 569
646 592
641 600
644 591
643 590
657 603
642 604
637 590
634 588
648 601
632 599
627 583
620 576
628 584
610 581
602 563
597 559
608 568
591 564
583 545
576 537
583 544
564 540
556 521
550 515
561 525
544 522
539 504
532 499
540 508
521 507
511 491
503 489
514 501
495 501
487 487
477 484
485 496
465 498
456 484
462 484
459 498
440 488
431 486
437 484
433 498
414 488
407 487
419 487
430 502
431 492
448 492
477 493
497 511
499 506
511 511
539 520
560 547
562 547
577 560
602 570
617 595
613 594
619 601
638 605
644 622
633 611
631 609
641 607
640 618
622 604
615 599
624 595
623 606
606 590
600 583
606 576
602 584
581 566
571 558
577 550
574 558
554 539
546 531
550 522
545 529
526 512
517 505
526 499
524 509
507 491
501 485
507 478
503 488
482 473
473 469
482 466
479 480
460 466
452 464
457 462
450 475
428 464
416 463
422 463
416 479
397 467
387 466
393 465
396 480
391 469
405 469
439 472
460 491
464 484
478 489
505 495
523 520
523 520
535 532
564 545
581 573
580 571
587 577
604 582
609 599
596 590
597 593
612 591
615 607
600 592
597 588
606 584
604 594
585 578
579 573
588 567
586 577
568 559
562 553
569 546
565 554
544 537
538 531
547 525
544 535
527 517
519 510
526 503
522 514
502 496
494 491
506 499
504 498
488 481
481 475
489 482
489 483
478 474
483 480
507 502
519 515
515 512
522 521
543 543
554 558
551 560
560 574
588 601
600 618
596 616
601 624
617 641
619 646
602 633
598 631
612 642
612 643
596 626
590 619
597 625
593 621
572 601
565 594
576 599
561 596
555 575
548 565
555 569
537 563
528 542
521 534
531 541
516 536
510 517
504 509
513 514
496 510
488 491
481 484
493 492
479 489
474 471
468 465
478 472
462 469
455 452
449 447
462 457
448 455
443 439
437 435
447 444
432 445
427 431
423 429
438 443
425 445
424 432
429 434
454 454
457 469
467 468
476 477
504 502
505 515
515 515
525 527
551 554
553 573
559 572
569 585
595 608
591 619
593 609
593 608
608 621
593 620
588 606
585 602
597 612
583 608
576 590
569 583
577 588
559 583
551 563
544 555
555 562
538 556
530 535
525 530
531 535
511 528
500 505
494 497
506 504
490 499
483 479
476 474
483 478
466 473
458 455
453 449
466 458
451 456
446 439
439 435
448 445
430 445
426 431
421 430
430 445
412 446
407 433
409 433
434 451
433 460
443 459
454 466
483 491
484 501
497 501
507 512
537 540
536 556
544 555
555 567
583 593
576 600
581 595
579 593
595 609
584 611
581 597
594 596
596 608
581 592
575 586
581 579
578 587
559 570
552 563
560 557
559 567
540 549
536 544
538 531
533 537
514 520
507 512
514 505
514 515
497 497
491 490
497 482
494 490
476 473
468 466
477 460
476 470
459 454
454 449
464 446
471 464
466 463
473 472
496 481
509 506
504 505
512 515
534 526
547 554
545 559
554 572
579 585
592 613
588 610
591 614
603 614
603 625
585 612
577 606
589 603
587 612
569 592
560 582
564 572
558 578
537 557
527 547
535 540
529 544
509 523
501 513
506 504
501 509
481 490
472 481
481 474
478 482
461 464
455 456
461 449
459 458
441 442
434 437
445 433
444 446
426 431
418 428
427 425
431 440
425 435
432 443
458 454
471 481
470 480
480 491
505 504
520 533
519 538
530 552
558 567
573 597
570 595
575 602
590 604
593 619
578 605
574 602
589 599
589 611
573 594
568 587
575 580
572 588
552 569
544 561
554 553
551 561
532 541
525 532
531 523
527 529
505 509
497 502
506 509
503 506
485 487
478 479
484 483
479 479
458 461
450 454
463 464
468 469
461 463
468 471
488 492
497 504
491 503
499 514
526 541
541 558
540 560
550 574
577 602
586 614
577 610
580 614
599 629
598 630
580 611
575 603
582 609
578 604
557 584
548 575
558 580
540 573
532 552
525 541
531 545
512 539
502 518
492 508
501 514
484 507
478 487
471 479
479 485
464 481
458 463
453 458
467 468
455 467
453 450
448 445
458 452
444 450
437 433
435 431
456 450
455 462
465 461
474 472
498 496
498 513
507 516
521 532
552 563
557 583
569 587
580 600
602 625
598 637
599 631
598 631
613 643
599 640
595 623
589 616
598 623
580 617
570 597
563 587
574 593
556 586
547 564
538 553
544 556
525 550
514 528
506 519
517 525
500 520
493 498
485 489
493 494
475 489
466 469
461 463
473 471
458 467
453 449
448 442
458 450
443 448
437 430
432 425
446 434
431 432
428 416
429 416
451 438
451 454
461 455
473 469
502 497
504 514
518 519
530 536
559 567
561 587
572 591
584 605
612 632
606 642
607 632
604 631
615 641
599 639
592 621
587 615
601 624
583 619
576 598
568 589
575 594
555 588
544 566
536 556
547 563
528 557
521 535
512 525
521 530
502 524
493 503
500 495
500 504
483 486
476 478
483 470
480 477
461 460
454 453
463 446
462 455
446 439
443 434
454 433
462 454
459 455
467 467
491 481
507 509
507 513
519 529
543 546
559 578
560 585
570 601
596 616
611 644
606 641
608 644
619 642
619 651
601 634
593 627
602 620
603 631
583 611
576 603
581 593
576 597
556 578
547 569
556 562
554 570
536 551
530 541
536 532
533 541
512 522
504 516
512 509
513 518
498 501
494 495
503 488
501 496
483 480
477 475
488 470
489 482
475 466
471 462
480 457
479 467
462 452
460 452
481 460
494 488
494 490
503 503
526 516
539 545
537 551
548 567
578 585
596 619
598 624
607 637
629 648
637 671
626 664
623 662
636 658
635 669
619 650
612 643
619 635
615 642
595 621
585 610
593 601
589 608
570 587
561 576
566 566
561 572
540 553
531 544
541 537
540 545
522 525
516 517
524 510
521 519
503 502
499 496
511 490
512 502
496 486
492 481
503 476
502 488
484 473
480 468
493 477
495 478
483 466
487 471
510 495
524 513
521 516
531 530
558 557
574 576
573 580
584 596
610 625
624 644
620 647
628 658
652 681
660 690
648 677
644 671
652 677
648 673
627 654
620 646
630 651
625 646
605 623
595 613
602 616
595 609
572 586
563 575
572 579
554 572
546 549
537 538
542 540
524 533
514 513
505 502
514 507
497 501
489 480
480 470
486 474
469 469
461 450
453 443
465 449
450 445
445 427
439 420
450 427
436 425
430 408
427 403
441 413
428 411
425 395
421 389
430 397
416 396
414 385
417 392
443 419
445 437
457 441
468 455
494 483
494 501
504 505
516 522
546 554
548 574
559 577
568 589
590 612
583 622
581 612
580 611
595 625
582 624
578 607
572 600
580 606
563 602
554 582
548 575
558 581
541 574
536 555
527 544
533 548
515 541
506 520
499 510
513 518
495 509
489 488
482 479
491 485
475 481
467 460
462 453
479 465
462 459
456 439
449 431
459 439
442 435
435 417
432 412
447 422
433 420
430 403
425 397
436 406
421 404
415 388
412 383
428 396
414 396
409 380
406 377
427 398
427 415
438 419
453 435
485 468
485 483
497 487
506 498
534 529
533 548
543 551
559 569
585 597
583 612
591 609
591 611
607 627
595 631
588 616
601 615
600 626
585 611
581 605
588 599
586 607
569 590
561 582
570 575
567 581
549 563
540 553
546 544
541 549
524 532
513 521
523 515
522 523
508 507
500 496
505 487
503 496
483 476
474 467
481 459
481 467
463 450
458 443
465 436
464 445
446 429
441 425
448 417
448 428
435 415
436 416
454 423
466 450
464 453
472 466
496 478
510 507
509 510
520 524
543 538
558 568
557 574
565 587
590 600
600 625
593 620
593 621
604 619
604 632
588 618
583 614
594 610
594 622
579 605
573 599
578 590
574 597
555 580
546 571
555 563
553 572
535 552
528 543
534 534
530 540
511 523
503 514
514 508
514 518
498 500
494 494
502 487
499 495
481 478
474 470
486 464
488 478
480 470
485 477
504 486
512 510
505 508
509 517
533 529
545 557
542 559
552 572
573 583
585 613
577 611
581 618
602 624
607 640
594 625
591 621
601 615
599 624
581 606
574 597
585 589
586 599
565 576
558 567
565 557
560 564
538 543
528 531
535 533
529 527
510 505
502 496
509 500
505 495
485 477
476 469
487 476
485 474
467 454
459 447
465 453
462 450
446 437
446 440
470 464
483 481
481 481
490 493
514 519
525 533
518 532
528 546
556 575
570 594
569 596
577 607
598 629
604 639
590 628
590 629
601 637
589 635
582 616
574 608
580 612
563 607
553 587
546 579
560 588
545 582
540 564
534 556
541 560
522 550
513 530
505 521
514 524
499 520
490 498
481 488
489 492
471 487
464 470
458 463
468 470
455 467
453 450
448 444
459 450
446 452
445 440
452 449
481 475
481 488
492 489
505 502
530 529
530 546
537 546
550 563
581 593
582 609
589 607
594 614
611 633
600 636
591 619
586 615
599 623
582 619
575 599
567 592
576 598
557 591
545 568
540 558
550 565
533 558
527 537
519 526
527 531
509 525
497 502
491 493
502 498
484 491
474 467
467 457
476 461
455 455
444 432
439 426
452 434
437 430
429 408
423 400
433 406
417 402
410 384
406 379
420 387
405 383
399 365
393 359
408 375
402 386
404 381
411 389
436 413
433 424
441 423
448 433
471 456
474 475
481 476
490 488
520 517
518 528
526 525
530 528
546 541
535 544
530 528
526 523
539 532
523 528
516 508
508 499
514 502
497 499
487 478
492 467
492 477
475 459
471 454
476 446
472 453
457 440
451 433
461 428
460 437
445 422
441 417
447 411
444 417
431 405
424 399
433 393
437 405
423 393
420 389
427 385
424 394
409 382
405 380
424 383
434 402
432 401
437 405
455 412
463 431
456 427
463 436
485 445
499 472
496 469
504 479
522 485
529 507
519 498
519 499
530 497
533 512
520 498
517 497
528 495
528 506
511 491
502 483
512 479
507 486
488 467
479 459
483 451
479 459
460 442
451 436
459 431
456 442
440 427
435 425
441 422
437 435
423 423
415 422
428 421
427 437
411 425
404 424
407 423
402 438
382 428
372 428
378 429
376 446
353 436
341 436
339 436
333 452
311 442
301 442
308 444
302 461
285 450
281 451
296 451
309 466
310 457
320 457
350 458
370 475
376 464
394 463
427 463
450 479
453 469
466 469
495 472
506 489
502 477
504 477
514 477
517 491
502 480
498 480
513 481
512 498
497 485
491 485
496 484
495 499
476 488
468 487
479 500
475 504
460 491
456 490
460 502
455 504
435 492
426 491
435 505
432 508
418 495
411 495
417 506
413 509
392 497
384 496
394 509
392 512
375 499
369 498
378 510
374 512
355 500
350 498
360 512
360 515
349 502
357 500
382 512
399 514
398 502
408 501
434 515
436 517
448 505
459 503
485 515
487 517
497 505
507 504
533 517
531 520
532 507
530 506
542 518
530 520
526 507
522 506
535 520
522 522
519 509
514 507
523 519
507 521
499 508
495 507
508 522
492 523
487 511
481 509
491 521
476 523
468 510
463 508
475 523
459 524
454 512
446 510
454 522
437 524
429 511
425 510
438 524
426 526
420 513
416 512
423 524
406 526
401 512
394 512
410 526
396 527
400 514
410 513
437 525
437 527
446 513
454 513
480 527
479 528
490 515
501 513
527 525
526 527
537 514
545 513
569 527
564 528
566 514
568 513
582 525
571 527
565 513
562 512
575 526
559 527
553 513
549 512
552 524
532 526
523 513
516 511
528 525
511 527
504 513
497 511
505 524
488 525
480 512
478 511
484 527
465 528
457 514
451 512
461 525
445 526
438 512
435 511
448 526
433 527
424 514
418 513
427 526
410 527
402 514
399 513
412 528
398 528
396 515
394 514
415 527
414 528
425 515
452 514
468 528
466 517
473 516
494 514
509 527
509 516
520 514
547 513
567 528
564 517
571 516
581 514
581 527
567 516
563 514
579 513
585 528
572 517
568 515
577 513
575 527
556 515
549 514
558 513
556 528
539 517
531 515
536 513
531 527
512 515
505 514
508 514
506 529
490 517
484 515
492 513
490 526
473 515
465 513
476 513
473 528
457 516
451 514
458 512
462 526
456 514
462 513
485 512
497 528
494 515
504 514
527 512
542 526
542 515
554 513
582 513
598 528
597 516
604 515
620 513
624 527
610 515
608 514
620 514
619 530
606 517
603 515
613 513
612 527
594 515
588 513
599 513
597 528
580 516
573 515
579 513
575 527
555 515
549 514
559 513
557 529
541 517
534 515
541 513
537 528
517 516
508 515
510 516
504 531
485 518
479 516
492 513
499 527
496 515
505 514
530 513
542 529
541 516
551 515
577 513
594 527
595 515
609 513
641 513
658 529
656 516
663 514
679 513
681 527
665 515
662 514
677 526
673 531
657 517
651 515
658 526
656 527
637 514
627 513
637 526
631 529
610 515
601 514
606 525
600 527
577 515
566 513
576 526
571 529
551 516
545 514
548 526
541 528
519 515
513 514
520 527
512 530
491 517
482 515
487 526
482 528
461 515
453 513
462 527
446 529
440 516
432 514
441 525
429 527
433 514
444 513
475 527
479 529
491 516
505 514
535 525
543 528
561 515
580 514
616 531
624 538
638 530
649 531
671 545
664 547
663 534
663 532
681 547
673 550
672 537
668 535
678 546
662 547
654 533
647 529
658 541
641 540
632 524
624 521
629 530
609 530
598 515
590 513
599 525
581 526
572 512
561 509
567 520
547 522
537 508
528 507
537 521
520 522
510 509
501 507
505 519
485 521
477 508
479 506
509 521
511 524
521 512
530 512
555 529
554 538
565 533
577 542
607 567
608 579
617 576
625 583
646 604
636 609
632 596
632 594
646 606
631 604
626 588
621 583
633 594
613 590
604 572
598 567
610 576
593 574
586 556
579 550
587 557
569 554
560 534
554 528
566 538
548 535
542 517
534 511
542 520
524 517
515 499
509 494
520 506
504 504
496 488
489 485
498 496
479 496
469 482
460 481
470 495
454 496
456 482
462 482
488 498
485 505
492 497
515 503
530 526
530 525
540 535
562 545
574 571
571 571
576 579
596 586
605 606
595 596
593 594
603 592
602 603
585 591
579 587
588 583
588 594
572 578
567 571
573 563
570 570
551 553
543 545
551 538
549 547
532 530
526 522
532 514
528 522
509 505
501 499
509 493
508 503
493 487
487 481
494 477
490 487
472 473
463 470
469 467
467 481
450 468
445 466
451 464
447 478
429 467
419 466
425 465
424 481
408 470
412 469
436 468
453 486
454 480
463 484
489 490
506 514
509 513
522 523
548 533
563 560
560 560
566 569
589 576
597 597
587 586
585 585
596 583
597 596
582 583
577 579
589 576
589 588
574 571
569 564
576 557
572 566
552 549
544 541
554 535
552 544
535 526
529 519
536 512
531 520
510 502
500 495
509 489
507 499
489 482
482 477
489 472
486 484
467 470
459 468
468 466
464 480
446 467
437 465
442 463
435 478
413 466
402 465
409 466
404 482
390 470
394 469
418 469
437 485
439 478
452 481
482 500
499 510
501 506
515 516
542 539
558 553
556 553
566 563
592 585
602 594
592 585
592 584
605 594
606 596
588 583
585 579
599 591
598 590
582 574
577 568
587 575
586 574
569 557
562 551
574 559
573 555
556 538
550 530
558 535
553 532
533 514
525 506
534 513
518 508
510 490
501 483
506 490
488 489
478 473
470 469
482 481
472 482
479 473
487 478
511 498
509 509
515 505
523 513
549 537
548 550
558 550
568 561
591 586
589 600
593 597
597 603
616 621
605 624
602 609
597 606
607 615
591 613
585 596
578 590
590 598
575 594
569 576
562 568
571 575
553 571
545 551
538 544
548 550
532 545
525 525
516 516
523 522
504 517
495 498
489 491
501 499
487 495
482 477
475 470
485 478
468 476
461 458
454 454
466 464
451 464
452 452
457 456
480 478
478 491
484 489
491 499
518 525
517 539
526 540
536 552
560 579
558 595
564 595
571 605
594 627
587 634
586 622
584 620
596 632
580 632
575 616
572 612
586 621
572 617
567 598
562 590
572 596
554 590
546 570
542 563
555 571
539 565
534 546
527 537
537 544
519 540
510 519
505 511
517 519
501 514
495 494
489 487
498 495
481 491
472 473
469 467
484 477
472 477
476 469
483 476
507 500
504 512
509 508
532 519
547 545
545 547
555 560
576 573
589 601
584 604
588 612
607 620
615 641
604 632
602 630
612 626
612 637
595 621
587 615
597 608
596 616
579 599
571 589
575 578
570 583
550 564
541 555
548 545
546 553
530 534
526 528
530 516
527 521
508 503
500 495
508 488
506 496
489 477
483 468
487 459
482 466
463 448
454 441
463 436
462 447
445 431
439 425
447 421
450 437
443 433
450 445
476 458
490 486
490 488
501 502
525 516
539 547
538 554
549 571
578 588
593 619
592 620
598 627
614 631
615 645
597 631
590 626
601 621
599 632
581 614
574 607
580 600
577 609
559 591
552 583
563 576
562 585
544 563
536 553
542 543
537 548
516 528
506 519
516 511
515 518
498 498
491 487
497 477
491 482
471 463
462 454
471 447
469 456
452 439
448 433
458 428
457 438
440 423
435 418
449 416
452 431
444 424
451 434
473 446
485 473
478 474
485 485
510 499
524 530
524 533
533 548
557 562
568 591
562 593
567 603
589 624
594 632
582 621
581 620
594 632
596 633
582 619
577 614
591 622
592 620
578 602
574 596
583 600
579 595
558 574
550 565
559 568
553 561
534 542
522 528
526 529
519 524
496 504
485 494
493 497
488 491
468 471
460 462
466 467
461 463
444 447
445 450
470 471
472 486
482 486
491 498
517 524
519 541
531 545
542 559
572 589
575 606
586 607
593 615
611 635
603 641
599 627
593 623
605 632
589 628
581 608
572 599
577 604
556 597
545 574
536 565
547 572
533 568
528 549
524 541
534 547
520 544
516 526
513 519
528 528
515 524
513 506
508 498
517 504
499 498
489 478
481 469
493 475
477 471
471 452
464 443
471 448
452 444
443 427
440 427
461 449
459 462
467 463
477 475
502 501
504 518
514 521
529 538
564 571
570 590
583 593
594 606
618 630
613 640
613 629
610 626
623 636
607 632
599 613
592 606
599 610
579 605
568 583
560 575
568 580
548 573
539 551
530 540
536 545
518 539
509 519
504 510
518 518
502 512
498 494
491 486
502 493
484 488
476 468
471 461
484 469
470 465
465 447
462 442
473 450
458 447
451 429
447 423
460 432
444 427
439 411
438 411
458 433
453 446
458 445
465 455
490 480
487 494
496 495
506 509
532 538
531 557
540 560
565 575
580 604
576 603
581 607
596 609
600 623
588 613
584 610
595 606
596 617
581 599
573 589
576 580
570 585
550 566
538 555
543 546
539 552
519 532
510 523
514 513
509 518
489 500
480 491
489 484
489 493
475 476
472 471
481 464
479 473
463 457
457 453
468 449
469 460
456 446
453 440
462 435
465 448
455 441
458 449
480 459
493 485
488 484
495 494
515 506
527 533
523 535
531 548
557 562
572 591
569 591
575 598
592 603
595 619
580 607
575 603
588 600
589 612
573 596
567 589
574 581
571 589
551 570
543 561
553 553
552 562
534 542
527 533
533 524
529 530
510 512
503 505
513 498
512 507
497 490
494 484
499 475
497 483
478 466
471 460
482 454
481 464
464 447
458 440
470 439
469 453
459 449
465 459
489 470
501 497
498 496
506 506
529 518
544 547
541 550
549 564
577 579
589 607
585 606
590 612
605 614
607 629
591 616
586 612
599 609
598 620
581 602
576 595
583 587
580 595
562 578
558 573
573 584
575 583
559 564
551 556
557 558
550 552
529 532
520 524
528 529
525 524
505 504
498 495
505 499
502 496
483 479
477 473
490 481
490 479
473 460
468 454
478 461
476 458
458 441
453 435
466 443
467 443
456 431
463 440
492 468
511 490
512 495
523 508
550 533
550 548
562 550
573 564
599 592
600 610
607 611
613 620
635 642
628 649
627 637
624 636
636 646
622 648
617 631
612 625
622 633
605 628
596 608
588 601
597 606
580 603
573 584
567 577
581 585
567 581
563 562
559 555
570 562
555 558
550 540
546 532
558 539
546 535
543 517
541 512
556 523
549 526
549 512
548 507
563 517
549 513
543 493
537 485
547 492
531 488
524 469
518 461
529 468
514 464
508 445
502 438
512 446
496 444
491 427
492 428
517 455
520 474
533 480
543 497
569 529
573 550
589 561
612 589
662 640
689 683
727 709
753 748
760 760
763 760
755 762
752 758
759 759
758 760
756 758
753 755
760 760
753 760
748 752
745 748
759 758
749 760
745 747
736 741
735 741
702 726
673 688
639 657
613 633
555 594
506 538
457 495
428 471
374 439
336 395
301 367
288 356
250 335
224 302
202 283
198 281
173 272
158 249
148 240
159 249
145 247
142 233
146 236
173 262
178 283
194 291
226 311
249 346
257 358
278 382
311 406
336 446
346 463
366 489
401 513
425 552
431 561
443 573
463 580
471 602
464 597
466 600
485 603
491 619
482 609
482 606
493 601
492 609
475 591
467 583
476 576
476 584
460 567
456 560
464 553
464 561
450 545
445 538
459 532
460 541
447 525
445 519
455 513
455 522
439 505
433 499
444 492
444 501
428 483
425 480
441 482
450 504
449 508
458 522
484 536
501 566
503 570
517 585
545 603
563 635
564 641
578 656
606 670
618 695
614 690
615 689
624 685
622 695
604 678
596 670
604 664
602 673
583 652
573 642
578 632
573 637
552 616
541 605
550 596
546 602
527 581
519 570
525 560
520 565
499 545
490 535
500 528
499 536
482 516
476 507
484 498
481 506
462 487
455 479
466 473
465 482
449 465
445 459
454 453
454 462
437 446
433 440
446 435
447 447
432 431
430 426
440 421
442 436
434 432
444 447
474 466
494 502
496 508
509 525
536 542
554 577
557 585
571 603
603 635
622 654
622 657
631 667
650 686
652 690
635 677
627 671
639 681
637 679
618 661
611 652
616 656
611 652
588 631
579 622
588 627
583 621
562 600
553 589
561 594
554 587
532 567
524 557
534 563
533 559
515 539
509 531
516 535
511 529
491 509
479 497
488 500
471 495
464 475
457 467
464 471
447 466
439 447
432 440
444 447
431 444
427 426
423 419
433 425
419 422
413 405
408 399
422 408
410 407
413 398
420 408
448 438
453 462
466 470
479 487
511 519
516 540
532 548
548 568
579 600
583 622
595 626
606 639
633 665
628 673
629 663
625 660
636 668
619 667
611 650
604 643
616 652
602 647
593 626
586 618
592 622
573 616
560 593
551 583
561 589
544 583
535 561
526 550
533 554
515 548
505 528
497 518
509 526
491 519
485 500
478 492
486 498
468 494
461 476
455 468
468 477
461 483
471 482
482 496
509 524
509 540
519 542
530 554
561 584
567 603
581 606
594 619
621 646
618 659
623 652
626 656
643 670
628 668
622 649
614 640
623 647
602 642
591 620
582 610
591 616
571 608
561 586
551 575
557 579
536 573
524 550
515 540
525 546
506 539
499 517
490 507
498 512
479 506
471 486
465 478
478 487
463 483
457 465
451 458
462 466
445 463
440 447
456 451
469 477
471 482
486 497
512 512
529 541
531 548
543 563
573 580
593 613
597 618
610 631
632 641
642 663
632 656
628 655
638 650
636 658
618 640
610 631
614 622
609 628
588 609
576 600
582 590
578 596
558 576
549 566
553 555
546 559
525 538
513 528
519 519
517 526
499 506
493 497
498 489
493 494
474 476
464 467
472 459
469 467
451 449
444 442
450 434
445 442
427 425
419 419
430 415
430 425
415 410
410 404
422 404
430 426
429 430
443 448
476 469
496 503
501 510
517 527
546 545
564 577
567 585
578 601
607 617
623 646
619 644
623 647
635 646
634 657
614 640
605 633
614 626
610 635
591 615
582 607
587 598
582 605
561 585
552 576
560 567
557 574
536 554
527 543
530 532
524 539
502 520
493 512
503 505
500 514
483 495
477 488
485 481
481 489
461 471
453 463
463 456
460 466
443 449
438 443
453 443
462 466
461 468
473 483
504 499
522 531
525 536
540 552
569 569
587 601
587 605
598 620
627 646
639 659
632 654
633 655
644 665
640 661
617 641
608 633
616 638
611 634
591 614
582 603
585 604
578 597
554 576
543 564
551 568
546 561
524 539
514 529
520 532
515 527
491 505
483 496
492 502
489 497
471 478
463 470
471 475
469 472
448 453
443 447
454 455
441 453
437 436
433 430
442 437
428 435
425 423
429 429
459 457
467 478
484 486
500 501
529 531
533 552
548 558
562 575
598 608
605 630
620 633
630 645
652 666
645 673
641 659
634 653
645 660
628 656
620 636
612 628
618 632
597 626
586 605
575 594
585 599
567 592
557 570
548 560
552 563
532 556
520 534
511 525
520 530
503 525
496 504
487 495
495 500
476 496
470 477
460 466
470 473
453 468
446 449
440 441
448 446
432 444
424 425
419 419
435 430
418 425
413 407
410 402
426 416
422 428
434 433
451 452
486 486
492 507
508 513
524 530
557 564
562 586
576 592
590 608
621 639
621 654
627 649
628 651
641 663
624 660
614 640
607 632
618 640
601 635
593 613
584 603
590 608
569 601
558 579
549 569
558 575
538 567
529 545
520 535
526 539
506 533
496 512
489 503
501 510
485 505
478 485
471 477
478 484
460 479
451 460
445 454
457 463
441 459
435 440
429 434
440 443
429 449
436 445
466 462
486 495
492 503
507 518
534 533
552 564
554 571
567 589
596 605
614 636
614 638
621 645
637 649
639 662
622 646
611 637
619 628
614 636
595 616
586 606
588 595
581 600
559 580
548 570
554 560
549 566
530 546
521 535
523 524
516 528
496 509
485 499
491 490
488 498
470 480
463 471
469 464
465 472
447 455
439 448
449 441
448 451
432 435
427 429
436 423
435 432
420 418
414 412
424 408
425 420
416 412
425 422
453 439
475 475
480 485
495 504
528 522
549 557
555 565
572 583
600 601
617 632
614 635
621 645
641 651
646 667
631 652
624 644
629 635
624 642
601 623
592 614
599 605
594 612
575 591
566 581
568 570
561 576
539 555
527 544
533 534
528 541
508 520
500 510
505 501
499 508
479 489
469 480
478 473
476 482
458 464
451 457
457 449
454 457
433 439
424 432
434 426
433 436
417 419
412 413
420 407
418 418
401 402
396 396
408 391
407 402
394 388
395 390
421 402
439 435
447 447
465 468
500 501
522 524
528 531
547 553
579 585
598 607
598 612
609 626
637 653
646 661
635 651
632 647
639 651
634 647
613 629
606 623
615 629
613 625
590 603
585 597
588 598
581 593
557 570
545 559
553 564
548 556
527 535
518 525
524 529
517 523
495 502
487 493
497 498
483 495
478 477
469 468
477 472
462 470
452 450
444 442
455 449
441 446
437 430
439 432
462 456
467 477
482 483
497 501
529 532
535 553
550 558
564 576
594 607
597 627
606 629
614 640
638 664
632 671
631 657
625 650
630 653
612 647
601 625
592 615
601 620
583 613
574 591
564 580
570 583
549 575
537 553
526 543
535 547
517 540
508 518
498 506
504 509
485 503
475 482
467 474
477 481
461 476
455 457
448 449
456 456
440 452
431 434
426 427
440 437
425 435
421 419
416 413
426 420
409 418
406 405
414 413
448 445
458 470
477 479
495 498
526 529
530 552
546 561
559 576
593 610
597 629
609 632
619 643
640 665
629 669
623 652
618 645
628 653
610 647
602 625
593 615
602 622
579 613
568 590
560 580
571 587
552 579
544 557
533 545
538 549
517 541
505 518
496 508
507 515
489 508
481 487
475 478
483 484
464 479
455 459
449 451
463 461
446 454
439 435
433 429
440 435
424 433
414 413
422 407
422 417
406 400
400 395
408 390
412 406
409 407
425 426
461 449
486 489
496 501
512 518
540 534
559 566
563 576
578 594
607 611
625 644
623 645
631 652
643 652
642 663
623 644
611 633
617 624
614 631
596 614
587 602
589 590
583 595
560 575
548 565
555 556
550 561
530 540
520 529
522 516
516 520
496 502
485 492
494 484
492 492
476 475
468 467
472 457
468 463
448 446
440 438
449 431
447 441
432 424
427 418
435 412
434 421
419 408
411 402
419 394
419 407
409 397
418 406
448 425
469 460
474 470
489 489
520 507
541 542
548 552
562 568
591 585
606 616
603 619
608 628
630 635
634 653
617 635
610 629
615 618
610 626
587 606
578 598
585 586
583 595
561 572
551 560
555 550
548 555
526 534
512 522
521 512
514 517
494 496
486 486
491 476
485 482
464 462
455 454
461 444
458 453
441 434
434 426
441 419
437 428
420 412
410 403
422 398
417 404
399 386
395 381
403 374
400 385
382 368
374 362
386 372
387 370
371 355
368 351
378 359
376 357
358 342
355 340
378 360
396 380
406 392
429 417
465 453
486 477
490 485
506 504
541 537
561 558
566 564
581 580
607 607
618 621
609 616
610 618
623 629
622 628
604 610
598 605
606 611
600 608
578 588
567 579
575 584
558 579
549 558
539 549
545 552
526 546
515 524
505 514
515 519
499 513
492 493
483 483
489 487
471 481
461 462
453 454
464 461
448 457
441 437
434 430
442 436
425 433
417 414
411 408
422 415
409 413
404 396
399 390
408 397
393 394
387 377
381 371
394 380
383 380
388 373
400 385
432 418
441 442
458 449
473 466
507 498
514 518
530 523
545 541
575 570
578 588
588 590
595 600
620 622
612 627
609 613
603 608
613 616
595 613
585 595
578 587
588 595
570 589
562 569
553 560
560 565
541 561
532 540
524 531
535 537
518 531
510 511
503 502
510 507
491 501
481 480
474 472
485 480
469 476
464 457
458 449
467 456
450 452
441 433
435 426
446 435
432 433
432 422
438 430
466 457
468 477
479 479
493 495
525 526
528 543
541 545
555 560
584 590
584 607
593 606
602 615
625 637
616 641
613 626
607 620
616 628
597 623
588 602
581 594
591 601
573 595
564 573
555 563
563 568
542 561
531 539
536 529
532 535
514 516
506 506
510 496
504 500
484 481
474 472
481 464
478 472
461 455
455 448
461 440
457 447
438 429
430 422
438 415
437 426
423 410
419 405
425 398
423 408
406 393
402 390
420 393
435 421
440 429
457 447
486 465
503 495
507 504
519 520
548 537
569 569
574 576
589 591
615 605
627 631
621 628
619 630
631 628
632 640
615 624
610 619
615 612
612 621
591 602
581 595
588 586
583 595
564 576
554 566
559 558
552 563
533 546
521 535
527 526
522 532
503 513
496 504
502 496
498 502
479 483
470 475
480 468
478 478
460 460
454 452
461 445
458 455
439 438
431 432
442 426
443 438
434 430
442 439
469 455
487 488
488 492
499 507
529 523
549 556
553 561
570 578
598 594
615 624
613 625
619 633
640 638
643 655
628 640
621 634
627 626
622 635
601 615
590 606
598 598
593 605
572 585
563 575
567 565
559 571
537 550
526 541
533 532
528 540
509 520
502 511
508 503
504 510
484 492
477 486
487 491
486 488
470 470
465 463
472 469
469 465
450 447
441 439
452 446
449 442
435 427
436 429
459 451
476 469
477 475
491 492
523 522
541 541
545 546
560 563
590 593
607 612
606 616
616 628
642 652
651 662
638 650
634 646
641 652
634 648
611 628
602 621
610 627
592 622
582 601
572 590
576 593
556 587
543 565
533 554
540 557
522 549