762 762
757 760
618 684
504 540
410 430
349 355
275 285
221 215
176 168
154 148
113 127
86 94
66 79
72 84
60 85
60 74
64 78
86 100
82 115
89 112
96 119
123 143
126 157
136 153
146 161
170 187
167 201
172 196
177 202
202 224
202 235
208 229
215 235
238 258
233 270
235 263
238 267
259 285
254 292
258 283
273 286
280 307
271 302
272 305
286 307
292 324
286 318
288 319
304 321
309 340
299 335
298 336
311 337
318 354
310 346
312 346
330 349
340 371
338 369
345 376
367 382
383 404
384 401
393 406
416 412
428 435
425 433
429 438
447 440
457 459
450 452
452 451
467 452
472 471
462 464
460 464
473 464
479 479
469 469
469 467
482 466
485 482
471 472
467 471
478 468
481 481
469 470
466 466
477 464
479 480
464 470
459 468
470 466
474 480
461 468
459 464
471 464
474 480
459 470
454 469
465 466
470 482
462 473
466 473
486 478
497 501
492 497
496 501
515 504
527 524
522 517
527 517
546 520
553 541
541 532
538 531
551 529
554 544
542 532
540 529
554 528
556 545
541 534
536 531
547 528
548 541
534 527
530 522
540 520
540 536
522 523
516 519
525 515
525 527
510 513
505 508
515 505
516 521
497 508
491 503
501 499
502 513
487 497
483 493
495 490
495 506
478 493
474 490
488 489
497 508
491 499
497 501
518 519
529 528
521 521
524 523
544 538
555 545
546 533
547 531
564 546
568 552
552 540
548 537
560 547
562 549
549 535
546 532
559 543
560 548
543 535
537 531
548 539
548 541
534 526
528 519
540 530
538 532
519 518
512 514
523 523
522 522
506 505
502 499
513 511
499 513
494 499
487 494
498 505
487 505
483 490
479 485
490 497
476 501
472 488
468 485
484 497
480 502
486 492
492 495
515 514
512 524
517 516
521 518
542 534
539 540
543 529
549 531
565 544
555 551
552 537
548 533
561 543
551 545
550 530
547 527
561 540
548 544
544 530
539 526
551 536
539 536
536 521
534 519
544 530
527 532
519 515
512 510
524 520
511 520
508 504
504 500
518 514
501 514
497 500
491 497
501 505
490 507
485 490
481 486
494 500
481 505
474 488
470 486
482 495
474 499
478 488
485 491
508 512
505 522
511 514
516 516
538 533
535 539
540 529
544 530
564 548
553 554
552 542
548 538
563 550
552 552
551 535
547 530
564 547
552 552
548 538
541 532
557 546
543 545
541 530
536 524
549 539
534 541
527 524
521 519
535 530
522 530
518 513
517 511
530 524
515 527
507 510
503 506
518 518
504 518
500 499
497 497
509 510
495 514
493 500
495 501
515 518
514 524
519 514
541 520
552 541
545 535
547 538
562 539
569 554
562 547
561 543
574 542
578 558
560 545
555 541
563 537
565 549
553 537
550 533
564 533
564 547
550 536
541 531
549 526
550 538
537 525
533 520
541 516
542 530
525 518
519 514
526 510
527 521
513 508
509 503
519 499
519 513
502 501
496 498
504 494
505 507
491 494
486 488
496 485
497 500
481 490
478 489
494 490
503 507
500 501
506 503
528 507
538 529
531 523
535 525
552 527
562 544
555 535
556 533
571 533
574 550
560 539
555 536
565 532
567 546
554 533
552 528
563 526
564 541
548 529
542 526
551 522
551 534
536 521
530 515
540 512
539 527
522 514
514 509
523 504
523 517
508 502
503 497
513 494
513 509
495 497
489 493
498 489
499 501
484 487
480 482
490 480
491 497
476 486
475 487
492 488
502 505
499 498
507 501
529 506
540 529
532 523
536 526
553 526
561 544
552 533
552 531
566 531
568 548
552 537
548 535
560 532
562 545
550 532
547 528
560 539
560 543
543 531
537 528
546 537
546 537
531 521
525 515
536 526
535 529
516 515
509 510
519 518
520 518
505 503
501 498
512 510
512 513
494 500
488 495
498 503
498 504
483 489
479 484
493 497
498 503
488 494
491 496
514 514
526 521
522 514
529 516
551 533
547 543
550 535
551 535
568 548
562 553
561 539
558 536
572 549
560 553
556 540
551 538
564 549
554 550
551 535
548 529
561 542
548 546
542 531
536 526
548 537
536 536
532 520
527 514
539 527
525 529
519 515
513 511
525 521
514 522
511 506
507 502
520 516
507 520
503 506
498 502
512 514
503 516
505 503
510 504
534 525
532 535
540 528
546 532
570 549
569 556
574 546
579 547
599 564
591 571
590 559
587 556
601 567
590 568
588 553
585 550
598 563
584 566
580 553
574 548
587 559
574 559
570 543
566 539
579 552
563 554
558 539
550 534
563 545
551 546
547 529
543 525
556 538
542 541
537 527
531 522
546 534
534 534
531 517
529 514
544 528
533 534
533 522
536 523
563 543
562 551
571 541
579 545
604 567
600 577
605 568
609 570
630 587
624 591
624 578
626 579
639 593
625 596
620 581
616 577
631 590
619 589
614 572
611 567
624 581
609 582
602 565
595 559
607 570
591 568
585 549
592 544
591 557
573 545
565 541
570 535
570 547
555 533
550 527
559 523
558 537
540 525
533 522
539 517
540 528
526 516
524 512
538 511
547 531
540 526
546 530
565 533
576 551
572 544
576 545
593 546
601 565
590 558
588 556
598 554
599 567
584 554
579 548
587 544
586 558
569 546
562 541
569 536
569 549
554 535
549 530
557 526
554 540
535 527
526 522
533 517
530 528
514 513
508 506
516 502
515 517
496 504
489 500
497 495
498 508
482 493
476 486
484 483
484 497
467 485
461 482
473 479
479 494
475 487
480 487
502 492
516 517
513 513
516 514
535 516
545 532
538 523
540 522
553 522
556 539
542 528
537 525
548 522
551 537
538 524
539 522
551 520
550 535
531 520
525 517
534 514
534 527
517 512
512 508
524 506
521 520
502 506
495 503
503 497
506 512
487 495
483 490
495 489
492 503
475 489
469 485
478 481
479 494
465 479
464 476
482 478
491 499
485 493
491 497
514 501
526 522
521 515
526 516
546 533
554 541
543 533
541 530
553 540
553 540
538 526
535 521
548 533
549 537
531 524
527 521
538 532
541 535
525 520
523 517
532 527
532 529
516 518
507 511
518 520
519 521
505 506
502 502
514 514
516 517
499 505
493 501
507 513
507 513
491 498
487 493
502 506
488 509
488 498
486 496
506 511
506 518
518 513
525 514
552 536
547 544
552 536
556 538
577 554
571 558
574 546
576 546
589 559
577 564
574 551
569 548
583 559
572 559
570 544
567 540
581 553
567 557
561 542
556 538
567 547
554 547
550 531
545 526
556 539
542 541
536 526
529 523
543 535
532 536
525 519
522 515
533 526
520 529
513 513
510 508
521 517
510 520
510 507
514 507
541 529
534 536
541 530
550 536
572 553
573 561
579 552
584 552
607 572
601 581
598 567
595 564
610 576
598 577
595 561
590 557
604 571
590 573
584 557
577 552
590 563
578 564
575 548
566 539
576 551
557 550
549 533
541 527
551 536
536 534
532 518
529 514
535 524
518 525
513 510
504 502
516 514
502 512
495 494
491 490
501 502
486 506
482 491
472 485
487 497
480 501
483 488
491 491
517 514
515 524
522 517
528 520
552 538
549 544
553 533
560 537
578 555
565 560
559 544
553 538
567 551
553 550
549 534
558 530
559 545
544 533
537 530
545 525
543 536
527 521
521 516
527 510
526 523
508 510
499 505
503 499
502 509
487 496
480 490
487 486
487 500
469 487
462 484
468 478
468 489
454 476
449 470
457 466
456 480
441 469
434 465
443 462
447 476
440 467
447 469
466 471
478 493
475 491
480 495
498 497
508 515
503 507
507 509
522 509
526 526
512 516
507 513
517 509
520 524
505 509
502 504
515 504
515 518
499 506
494 504
502 499
502 512
485 497
481 492
490 489
493 505
476 493
467 487
473 481
472 493
459 479
455 474
465 471
466 487
450 475
443 472
453 467
454 480
440 466
436 461
447 460
449 475
434 464
432 463
448 464
461 484
460 479
468 482
493 489
507 514
499 507
504 510
524 513
532 530
523 520
526 521
535 517
540 537
521 522
515 518
529 518
529 529
518 518
513 512
525 510
526 526
510 515
504 511
515 506
515 519
501 506
499 504
505 498
505 514
489 502
481 496
491 491
493 506
477 490
475 487
484 496
486 499
472 489
462 483
475 493
474 492
461 479
455 473
471 487
478 495
471 489
478 493
501 510
515 520
512 512
518 515
541 532
552 543
540 533
540 533
554 544
556 545
542 530
539 525
552 537
553 541
537 529
532 526
546 537
546 537
534 526
526 517
538 529
526 533
518 516
513 513
521 519
509 519
503 503
499 499
507 509
496 514
488 497
481 493
492 503
480 502
480 489
472 482
483 493
470 496
467 484
463 481
483 496
479 501
487 493
495 495
521 517
518 526
523 519
526 520
548 537
542 540
546 530
545 527
560 541
547 544
542 530
537 527
548 537
539 539
535 522
532 519
546 532
532 535
527 521
520 516
531 526
518 526
512 509
507 504
518 516
504 519
497 503
490 499
500 507
489 508
483 490
479 487
493 501
477 503
474 490
465 483
478 494
466 494
465 480
467 480
488 498
485 509
493 502
500 507
526 526
527 535
533 525
539 527
562 547
557 556
553 542
550 539
567 554
555 553
553 538
549 534
565 550
550 552
547 538
543 533
559 545
544 544
540 526
537 524
548 536
533 539
528 522
520 517
532 528
516 525
513 509
508 505
519 519
503 521
498 506
490 500
503 512
491 512
484 494
481 490
494 505
478 506
476 492
476 491
498 510
496 515
506 508
530 514
544 537
540 534
546 539
562 540
572 558
565 550
566 547
580 545
584 562
570 551
568 551
578 548
583 562
574 554
571 548
584 547
585 561
569 550
567 549
574 544
579 558
563 544
560 538
570 535
573 552
558 540
553 537
561 532
563 545
553 535
547 527
557 525
557 540
541 529
535 525
543 521
546 534
535 523
538 523
557 526
569 549
565 546
574 554
590 555
602 573
595 565
599 564
614 563
620 582
606 571
602 569
609 564
610 577
596 565
588 557
598 553
599 569
580 554
573 551
580 545
580 557
563 540
557 534
564 528
562 542
545 530
534 523
542 517
540 528
522 512
516 505
526 502
523 516
506 503
497 497
504 492
505 505
489 490
485 485
493 482
493 497
480 488
479 487
497 490
511 510
510 506
517 508
541 515
551 537
548 534
548 534
564 533
570 549
560 539
557 534
569 533
569 548
552 535
546 531
556 528
557 541
544 527
539 522
550 521
549 537
530 523
524 521
535 518
532 528
515 512
508 505
519 516
517 518
499 505
491 499
503 509
501 507
486 492
481 487
492 499
492 502
476 489
469 485
479 494
483 497
469 483
471 482
493 499
502 507
497 501
504 506
530 525
544 534
543 528
548 530
570 548
580 557
571 549
570 549
585 560
587 563
574 549
571 545
586 558
575 563
572 552
569 551
581 559
574 563
566 544
561 539
572 551
559 554
553 540
543 533
553 541
539 540
537 527
529 518
542 532
525 532
519 518
511 512
523 524
510 523
507 508
502 503
514 515
499 517
496 504
496 504
515 520
515 528
522 519
531 523
554 542
552 552
561 547
562 545
586 563
580 567
581 554
582 553
598 568
583 570
578 556
568 549
579 558
568 562
559 540
555 537
563 548
546 549
539 533
530 529
540 539
523 537
517 518
509 511
520 523
503 524
495 507
486 500
497 511
482 509
475 491
470 485
480 496
464 497
457 481
449 476
460 486
447 485
442 469
440 466
454 481
442 484
443 473
447 475
474 495
474 502
485 496
492 498
518 519
517 532
519 519
524 523
542 536
534 539
533 525
533 524
548 539
534 542
528 525
523 521
536 532
524 533
519 516
514 511
529 528
510 527
502 509
492 502
503 512
489 511
483 494
477 489
488 503
472 505
466 489
459 484
471 494
456 492
452 474
460 470
460 484
445 473
437 470
444 466
445 478
431 465
427 461
438 459
442 477
435 471
439 474
456 477
467 495
465 488
472 491
491 493
501 514
495 508
496 510
510 509
515 523
504 512
501 508
513 505
515 520
500 510
496 507
504 503
507 516
495 505
491 499
500 496
500 511
484 499
477 495
484 490
484 501
469 488
464 483
473 479
472 494
457 482
451 479
459 474
460 487
447 473
443 467
455 466
456 481
442 471
437 467
448 465
451 479
440 468
442 465
459 467
470 488
466 483
473 488
494 492
506 512
503 505
506 505
526 508
534 529
526 522
526 523
540 522
544 537
533 526
531 523
544 522
547 540
532 529
527 526
537 522
538 535
524 523
520 518
531 515
531 531
515 519
507 517
518 513
519 526
504 512
500 507
511 505
511 519
494 506
488 502
498 498
500 511
486 498
483 494
495 493
496 509
480 497
474 494
486 491
489 506
480 495
484 496
504 500
515 523
508 517
512 519
532 522
542 540
535 530
538 529
556 544
561 550
548 539
544 537
555 545
556 546
542 532
539 528
551 539
552 543
534 529
528 526
539 535
539 535
523 520
518 515
530 527
530 530
511 516
504 511
515 519
514 519
498 504
494 499
506 510
505 512
487 498
481 494
493 503
493 503
478 488
473 483
486 496
473 499
467 485
461 481
473 491
466 493
467 480
472 481
493 499
492 509
496 501
496 501
517 518
515 526
519 513
521 513
540 530
531 536
531 524
529 523
543 534
535 538
534 525
534 524
549 538
538 543
535 531
531 528
544 539
533 540
530 525
525 521
537 534
523 537
518 522
511 517
524 526
512 525
508 510
504 505
517 519
502 522
497 507
490 503
503 513
491 514
488 498
484 494
498 508
484 511
480 497
476 493
492 506
486 510
490 498
495 500
517 519
511 527
515 517
516 517
536 532
530 536
533 524
534 523
551 539
539 543
535 529
529 525
543 536
531 537
528 521
525 517
538 530
523 533
517 517
509 511
521 522
507 520
501 502
495 497
506 509
490 510
482 494
475 488
485 498
472 497
467 480
462 474
474 487
458 490
452 473
445 469
457 479
444 478
440 460
435 456
448 470
433 472
429 458
426 455
445 470
439 474
443 464
448 466
469 485
461 492
462 481
463 481
482 496
473 500
473 486
484 484
487 499
474 490
470 489
480 487
484 501
475 492
475 488
487 486
490 502
476 493
472 490
481 486
485 499
474 487
472 482
483 480
485 495
471 485
466 481
476 477
478 490
466 479
464 475
475 474
477 490
463 481
459 479
468 476
471 489
459 477
458 475
472 474
480 494
474 490
479 494
498 497
509 516
505 510
510 511
528 514
535 534
526 527
525 528
537 526
541 541
530 529
529 525
542 524
545 541
532 531
528 529
539 526
542 540
529 527
527 523
538 520
538 536
521 524
515 521
524 518
526 531
510 516
506 510
516 507
516 523
499 511
493 508
503 503
504 515
490 501
486 496
496 493
497 509
481 497
477 495
490 494
498 512
492 503
497 504
517 508
527 529
518 521
520 523
537 523
544 539
535 529
536 526
549 526
552 543
536 530
531 527
542 524
545 537
532 525
529 521
541 519
542 536
525 523
519 520
529 516
529 528
515 514
510 508
521 506
521 521
503 509
497 505
508 502
508 515
494 501
490 496
502 508
502 512
485 500
480 496
491 505
492 506
480 493
479 490
497 505
505 514
498 507
503 510
526 526
537 533
532 525
538 527
558 543
565 551
553 541
551 538
566 550
570 552
558 538
556 534
571 547
573 552
558 540
554 537
567 547
568 548
554 533
551 529
563 540
550 544
544 530
538 526
550 536
538 537
536 522
531 518
543 530
532 535
527 521
521 517
533 527
522 527
519 513
516 508
531 523
522 529
525 520
529 523
553 542
555 551
563 543
571 547
594 566
590 577
594 568
594 568
613 582
606 586
605 573
603 569
617 582
605 586
602 573
598 570
611 581
601 582
598 566
594 561
607 574
592 576
587 561
580 556
592 567
580 566
575 549
570 544
581 555
565 557
559 541
553 537
565 547
552 546
549 529
544 525
556 538
541 541
536 526
532 523
551 538
546 543
553 534
562 538
587 560
584 571
593 566
595 566
619 584
615 590
619 578
622 579
641 596
630 601
627 586
623 582
641 597
627 595
624 579
621 575
637 589
622 591
616 575
609 569
620 579
606 578
600 559
594 554
605 566
587 567
580 551
572 544
584 554
566 550
560 532
555 526
566 540
549 541
541 525
533 520
546 531
531 530
528 514
527 513
547 532
541 541
546 532
552 535
578 555
575 562
581 552
599 554
609 574
601 569
602 569
613 568
616 582
602 568
597 561
605 557
605 572
589 561
583 558
589 553
589 565
574 552
569 547
575 541
574 555
555 542
546 536
551 530
549 541
533 527
526 519
533 514
532 527
514 515
507 511
513 506
513 517
498 504
494 499
502 494
499 506
483 495
476 491
484 486
485 499
474 487
474 485
493 487
506 511
502 506
509 510
529 514
542 534
539 528
545 528
563 531
574 553
563 545
559 543
568 539
571 552
556 539
550 533
559 529
560 544
544 533
537 529
549 528
549 540
531 524
527 519
536 516
536 532
515 516
511 515
519 510
520 523
501 505
495 499
506 498
506 513
489 502
484 500
496 499
497 512
482 498
476 492
485 488
485 503
468 491
462 488
473 484
477 498
468 488
473 489
496 494
507 518
503 513
508 517
530 520
541 539
536 532
541 532
559 534
563 552
548 541
543 537
554 533
554 545
540 531
537 526
549 524
549 539
532 527
526 523
536 518
535 530
519 514
513 508
522 517
520 519
500 504
492 499
501 506
500 507
484 492
478 486
488 497
488 500
470 487
464 483
475 492
475 493
461 478
457 474
470 486
470 489
454 476
451 473
468 486
478 491
475 484
485 488
510 508
524 520
520 515
526 519
548 535
558 541
551 532
552 531
568 545
557 549
553 536
548 533
561 543
551 545
550 530
549 528
563 541
552 545
545 530
539 526
550 535
537 536
532 519
527 515
538 527
525 529
519 514
512 510
524 520
512 521
508 505
503 500
516 513
501 516
495 502
488 497
500 507
488 508
485 493
486 491
504 508
499 515
506 508
513 512
540 532
542 541
551 534
558 536
582 556
579 566
583 557
584 557
602 571
592 574
589 557
585 553
598 566
584 569
579 555
573 550
586 561
573 561
569 545
564 540
575 553
559 554
552 538
544 533
555 543
541 543
535 525
530 521
543 534
527 536
521 520
515 516
527 526
515 526
510 509
505 504
517 516
502 519
497 503
490 499
505 511
497 514
500 503
508 506
534 529
534 540
542 534
550 538
575 557
574 564
580 555
586 557
607 576
597 582
594 569
590 565
604 576
590 575
586 558
582 554
594 568
578 570
572 553
565 548
576 559
561 558
553 539
548 535
559 547
541 548
532 530
524 524
535 534
521 532
515 513
522 509
521 522
505 511
498 508
506 503
506 514
493 501
489 495
498 492
498 506
483 495
476 490
486 487
494 503
490 496
500 500
524 505
538 529
537 527
544 533
565 538
577 558
574 553
579 554
595 555
603 576
588 564
584 561
594 558
597 573
583 559
580 554
591 553
593 569
577 558
571 554
579 548
579 560
563 545
557 539
566 535
566 550
548 537
541 533
549 529
549 540
535 526
529 520
539 517
539 531
522 520
514 515
522 511
522 522
507 508
502 503
511 499
510 514
494 503
489 499
502 498
512 516
508 510
517 513
540 519
553 542
548 538
553 540
572 543
582 562
574 552
575 550
589 549
590 566
574 554
570 551
580 548
580 561
566 547
561 543
571 538
571 554
553 540
545 535
555 530
555 543
539 528
534 521
544 519
543 533
525 520
517 515
526 510
525 522
509 507
503 500
512 497
510 511
491 496
482 491
489 486
487 497
470 481
463 475
472 472
471 488
455 475
453 475
470 476
480 496
475 488
481 490
503 508
512 517
503 509
502 509
518 521
523 525
509 512
505 507
517 518
517 521
501 508
495 505
508 515
511 517
499 505
498 502
513 516
516 521
501 509
497 506
510 515
512 516
497 502
493 497
506 509
506 512
489 499
484 495
500 508
498 507
486 495
482 491
494 503
480 505
473 490
465 485
475 495
463 495
460 480
458 476
476 493
472 502
479 496
483 496
505 514
504 520
510 511
512 511
530 526
520 532
516 519
510 515
521 524
509 524
505 507
501 502
513 514
501 518
497 505
494 503
510 516
500 518
497 503
493 498
503 509
487 511
480 494
471 488
482 496
469 496
466 479
463 475
476 489
465 495
463 482
460 479
475 492
465 493
465 480
463 477
478 492
468 497
470 487
475 490
499 508
500 517
510 510
517 513
541 533
536 542
540 535
537 531
555 545
545 546
543 531
542 529
557 544
543 547
540 533
539 531
555 545
543 544
538 528
535 524
548 538
533 540
527 525
520 520
534 533
523 535
514 515
510 510
524 525
508 526
503 512
498 508
510 518
498 519
493 501
490 497
506 514
488 514
486 499
485 498
506 513
505 520
514 512
525 517
551 538
549 549
554 540
559 542
580 560
575 566
578 554
579 552
593 567
579 570
573 553
569 549
584 563
570 562
567 548
574 541
575 555
558 543
554 541
561 537
558 546
542 532
537 527
543 520
541 534
524 522
517 518
523 513
522 523
505 507
498 502
506 496
505 509
488 498
481 495
492 494
491 503
484 496
484 492
504 496
518 520
513 515
522 521
540 522
551 541
549 535
552 536
568 536
574 554
562 545
557 543
566 540
568 553
555 540
552 536
563 533
565 550
549 538
543 535
552 530
554 544
536 528
532 523
540 519
540 533
521 520
516 517
522 511
523 524
508 509
504 505
516 505
513 517
497 506
493 504
499 498
502 512
493 502
495 501
517 506
528 528
526 525
534 530
555 535
567 556
562 548
566 549
586 551
593 571
580 561
576 559
587 556
588 569
572 554
569 549
580 546
582 562
565 550
559 546
569 542
570 554
554 540
548 534
557 530
556 544
538 532
530 526
539 520
538 533
525 520
515 510
524 507
524 523
503 507
495 502
505 498
504 510
492 497
491 495
513 500
528 526
521 520
531 525
556 531
572 554
572 551
577 551
600 569
612 581
605 573
601 570
614 580
616 583
602 569
599 565
613 577
615 581
597 567
591 563
601 573
601 574
585 560
578 554
588 565
586 567
566 550
559 545
567 551
566 551
548 534
543 529
555 540
552 542
533 527
527 524
536 531
535 532
520 517
516 511
531 525
527 534
531 525
539 529
568 552
569 559
581 555
588 557
613 577
613 588
616 579
621 582
637 595
628 596
626 582
626 581
635 590
623 594
615 577
609 573
620 582
608 583
601 564
595 560
604 569
588 571
581 556
568 548
576 556
561 555
553 536
547 532
556 542
541 544
532 527
525 522
535 531
522 531
514 512
507 506
519 519
502 520
496 505
490 501
502 510
493 514
495 501
503 504
529 526
528 537
536 529
545 535
570 553
570 560
578 553
582 554
601 571
590 575
587 562
582 558
594 568
581 568
577 552
573 548
587 561
572 564
567 548
561 545
572 555
558 553
553 536
549 532
556 541
540 542
533 525
524 518
535 529
520 528
515 512
509 505
522 519
505 520
498 503
494 499
504 508
492 508
486 490
481 486
493 499
479 503
475 488
475 487
496 503
495 510
507 505
515 507
545 532
541 541
548 533
554 536
577 554
573 559
573 546
573 544
588 559
575 565
565 545
561 543
573 552
559 552
554 533
564 531
563 543
547 532
538 526
543 520
542 531
525 517
518 510
523 504
521 516
503 504
496 499
501 493
499 503
484 490
478 484
486 480
485 494
469 483
464 481
472 477
471 488
455 474
451 469
460 464
460 479
447 470
442 466
458 468
468 485
467 479
477 484
503 492
520 516
518 514
526 519
547 524
560 544
556 538
562 541
577 541
580 558
564 546
556 541
565 537
564 548
551 536
546 530
557 528
557 542
540 530
532 525
540 521
538 531
523 518
513 509
520 504
519 519
500 505
492 500
499 496
497 506
481 492
474 485
485 483
485 498
467 485
460 480
469 476
469 487
453 473
449 468
459 465
459 480
442 468
435 464
447 461
453 478
447 469
455 472
481 481
499 508
494 503
503 510
525 512
539 533
535 526
542 528
560 530
567 551
552 539
546 536
557 532
556 544
542 531
537 525
548 523
552 542
532 525
526 523
533 515
532 527
515 512
508 507
517 503
515 517
495 502
487 497
497 493
493 503
477 487
471 482
480 491
479 493
462 480
457 478
464 483
463 482
447 468
442 463
454 474
454 478
436 464
429 460
439 469
441 471
430 459
429 457
450 474
462 485
459 481
468 487
495 505
510 515
509 509
517 511
541 531
551 541
542 532
543 532
559 545
560 547
544 532
540 526
552 539
539 542
534 529
527 525
539 534
527 534
523 518
517 513
527 524
513 526
506 510
496 505
506 513
492 512
489 497
480 489
493 502
476 502
470 487
464 483
474 492
464 494
458 475
453 470
467 483
453 486
448 472
439 465
451 476
438 476
434 461
431 457
443 469
431 474
430 463
432 463
456 481
458 491
470 485
481 491
508 512
508 523
516 517
522 520
547 539
544 545
546 532
544 528
560 543
547 546
542 531
536 526
550 538
537 537
535 523
532 519
542 530
527 532
521 517
513 511
524 521
511 521
505 504
499 498
510 511
494 513
489 499
484 496
494 504
479 504
474 486
469 481
480 495
467 497
462 482
454 476
467 488
456 489
451 471
448 468
462 482
446 484
441 470
434 465
452 479
446 483
451 472
461 477
488 500
489 513
497 506
505 510
533 533
529 537
534 526
537 526
556 543
545 549
541 535
538 532
551 543
538 543
535 526
533 522
547 537
533 539
527 523
521 517
535 528
520 527
514 508
522 503
522 517
504 505
496 500
501 494
501 505
486 491
481 485
489 480
489 494
473 482
467 478
474 473
476 485
462 473
458 468
467 464
468 479
452 468
447 465
455 461
457 473
446 462
446 460
465 463
477 485
475 483
484 489
510 496
522 515
524 514
530 515
553 521
561 539
554 534
554 535
567 534
570 548
557 536
555 533
564 528
565 544
550 533
546 531
554 528
555 540
540 528
535 522
543 518
542 532
523 519
516 514
522 509
521 520
505 507
499 500
507 497
506 511
488 498
481 494
489 490
490 502
476 489
470 483
480 480
480 495
464 483
458 480
468 476
468 488
454 475
449 469
462 468
466 487
457 480
462 484
485 488
500 510
501 506
510 509
534 516
546 539
540 534
543 536
561 537
568 555
557 543
555 539
567 538
566 554
550 541
545 538
556 534
558 548
543 533
540 528
550 526
549 541
531 527
524 522
533 517
531 529
515 514
509 507
519 505
517 519
498 505
491 500
501 496
501 509
485 493
481 488
492 498
492 501
474 488
468 484
478 492
478 493
464 479
460 474
472 486
474 490
461 480
464 481
487 498
502 508
502 502
512 507
538 528
551 540
545 533
549 535
569 550
577 556
567 545
566 542
580 555
581 559
563 546
557 542
570 552
571 553
555 539
551 535
562 545
549 549
543 535
535 529
545 538
532 537
527 521
520 514
530 525
515 527
508 512
500 506
510 515
497 515
493 499
488 494
500 505
486 507
481 493
475 488
486 497
475 497
471 481
467 476
480 489
469 493
469 482
471 483
496 501
498 510
509 505
519 509
545 530
544 541
549 533
554 536
575 552
570 557
570 544
569 542
583 556
569 559
565 545
559 541
573 552
562 553
559 537
555 533
567 545
552 547
546 532
540 527
550 536
536 535
530 518
527 515
535 525
518 526
511 510
503 505
515 515
501 515
496 498
492 494
504 507
489 510
483 495
476 489
489 500
477 500
473 483
470 479
486 495
477 501
481 492
486 494
513 514
515 523
525 516
534 519
559 541
555 550
558 541
560 541
579 556
569 558
567 543
565 539
578 553
564 556
559 541
555 537
569 549
556 550
552 533
549 529
562 542
546 544
539 527
532 522
544 533
529 531
524 514
518 508
530 523
513 524
507 508
500 503
513 514
500 513
496 496
504 492
505 507
490 497
483 493
490 489
491 500
477 488
475 485
490 485
499 505
496 502
504 508
525 512
541 534
541 530
549 532
570 536
580 556
574 550
575 552
588 550
591 564
579 552
575 548
585 544
586 559
570 548
564 544
574 541
574 553
561 540
555 534
564 530
564 544
547 532
539 527
545 522
544 533
528 519
522 513
531 510
530 523
513 511
505 507
513 501
514 514
498 500
493 494
503 492
503 507
486 494
479 491
488 486
490 500
480 489
483 489
505 494
519 518
517 516
526 521
548 526
563 548
560 542
566 543
586 547
593 568
582 559
579 557
590 554
592 568
578 554
575 549
587 547
587 562
571 550
564 546
574 542
574 554
559 540
553 533
563 530
561 544
542 530
535 526
542 520
541 532
524 517
518 511
528 509
527 524
509 511
502 507
512 503
513 516
497 501
493 496
504 494
504 509
489 497
486 495
503 495
514 515
512 509
522 513
547 519
560 544
555 539
561 543
581 545
590 563
581 553
581 551
596 564
596 566
579 554
573 550
583 559
584 560
570 546
565 541
577 554
575 556
556 543
549 538
559 546
558 546
541 530
533 523
543 534
541 536
521 521
513 516
522 525
522 525
505 509
500 504
511 515
511 519
493 504
487 500
497 509
498 510
482 494
479 489
494 503
487 510
492 502
498 506
525 526
528 535
540 529
549 533
574 553
573 564
578 557
581 557
600 573
592 576
592 563
588 559
602 571
589 574
584 560
579 555
592 566
580 566
576 550
571 545
583 557
568 559
561 543
554 538
563 546
549 546
543 530
537 524
548 536
533 537
526 522
519 517
530 526
518 525
513 509
508 504
520 517
505 519
500 504
493 499
505 510
494 511
493 497
496 499
519 518
519 529
528 523
537 528
563 548
564 557
571 548
578 550
601 570
594 578
595 567
594 565
608 577
596 577
592 561
588 558
602 572
589 575
584 559
579 555
591 565
577 565
572 547
566 542
578 554
561 556
554 539
546 533
556 543
541 542
536 525
531 520
543 532
527 534
520 519
514 514
527 525
513 525
508 509
504 504
516 518
502 521
497 505
493 502
512 517
507 523
515 513
525 519
553 542
551 553
558 546
565 550
589 569
585 575
589 564
590 563
607 580
594 583
589 567
584 563
597 575
584 574
580 557
590 554
593 569
578 559
569 553
574 548
573 558
557 545
550 539
558 534
557 547
540 535
532 531
540 526
538 536
523 524
518 518
527 515
527 529
509 517
502 513
509 508
511 521
496 506
491 501
502 498
508 516
500 509
506 512
527 517
543 537
543 533
552 537
575 542
588 565
582 560
585 563
601 563
607 580
595 568
592 563
602 560
603 575
585 563
580 559
589 554
590 567
574 552
569 547
578 544
577 557
559 544
550 539
556 533
554 545
537 530
530 522
539 519
537 533
519 520
512 516
519 510
519 523
503 509
498 504
508 501
508 515
491 503
485 499
494 495
495 508
483 496
484 495
503 497
516 521
514 518
523 523
547 530
562 551
561 547
569 550
592 555
602 576
592 569
592 568
605 567
606 581
591 567
585 561
597 559
597 575
582 563
576 559
586 555
585 567
568 550
562 544
572 541
569 553
549 538
541 532
549 527
548 538
531 522
524 515
534 512
533 527
515 513
506 508
515 503
514 516
498 501
492 495
502 505
501 507
483 494
478 490
492 501
498 506
494 499
502 502
528 522
543 535
539 530
545 534
568 552
578 560
572 551
574 551
591 566
593 572
576 559
570 554
580 563
580 564
564 549
560 544
572 555
571 558
552 543
544 538
554 547
552 547
535 531
528 524
537 534
522 535
515 520
507 514
516 523
502 522
497 506
491 500
502 512
487 514
481 498
474 493
484 501
471 501
466 486
462 480
476 494
468 500
472 491
476 493
500 511
500 520
509 513
516 516
541 536
537 546
541 537
543 539
560 553
551 555
549 540
544 535
556 548
542 551
538 537
532 532
543 541
533 544
526 524
521 519
531 528
514 528
507 512
498 505
507 514
492 513
485 495
478 488
489 501
473 503
466 488
457 481
469 492
457 493
449 472
445 468
457 481
442 483
436 468
429 464
440 474
427 474
425 459
425 459
447 478
443 487
450 480
460 487
482 503
481 511
489 502
496 505
520 526
514 534
516 523
516 521
532 534
521 534
517 518
514 515
528 529
514 532
510 517
504 511
518 524
504 524
499 506
494 500
505 513
489 514
481 497
474 491
485 502
470 500
464 483
459 477
471 490
454 492
448 475
442 470
454 480
440 480
435 463
431 459
443 473
427 474
422 458
416 453
430 465
417 465
415 450
429 450
438 470
433 466
438 469
456 472
468 492
467 487
472 489
491 492
500 511
492 505
491 505
502 503
505 517
493 505
490 501
501 499
504 515
491 505
487 503
497 500
498 513
486 501
481 496
491 493
491 508
475 496
468 493
475 487
475 499
460 485
455 480
465 477
465 492
449 480
443 477
451 472
452 484
440 472
436 466
446 464
447 478
431 467
426 464
435 460
438 474
428 464
430 463
450 466
461 488
455 483
460 487
479 489
490 508
485 499
489 500
508 502
515 521
503 512
500 510
512 506
514 520
501 506
498 501
510 499
512 515
497 503
491 498
501 494
503 509
488 495
483 489
493 485
492 499
473 485
465 480
474 475
474 488
460 476
456 471
465 468
463 483
446 471
439 468
448 464
449 478
437 466
433 462
443 460
442 475
428 465
422 462
437 460
445 478
441 472
446 472
467 476
479 500
472 493
476 497
496 498
506 518
500 507
503 507
519 508
521 524
506 512
502 510
514 507
516 522
504 510
502 507
514 518
516 523
500 510
492 504
501 512
502 513
487 499
482 493
493 504
492 506
475 493
468 489
478 497
482 501
464 482
459 476
470 488
468 489
451 476
446 473
457 482
454 481
440 468
434 463
447 475
446 479
432 468
426 464
441 474
450 480
442 471
450 473
472 492
470 502
476 495
480 497
503 515
500 521
504 512
508 513
529 530
517 533
515 521
508 516
522 526
511 528
512 516
509 512
523 524
512 529
508 515
501 510
515 521
506 525
500 507
494 501
506 514
492 516
486 501
480 497
494 510
480 507
476 491
472 486
485 498
470 501
465 487
462 486
473 494
460 494
458 479
454 475
467 487
457 494
452 480
450 478
472 495
467 500
475 491
483 493
504 511
502 523
505 513
507 513
531 533
526 537
528 525
524 519
539 533
526 537
523 523
520 520
535 532
526 535
525 520
524 518
539 532
528 538
525 524
518 517
532 528
519 528
515 512
509 508
519 519
506 523
499 506
494 502
506 513
495 515
489 497
483 491
497 507
480 508
474 493
467 488
482 499
467 497
465 482
463 479
481 495
473 503
479 494
482 496
505 512
504 519
509 507
515 509
537 530
532 538
532 525
529 523
547 538
536 538
535 523
531 519
546 535
531 538
529 524
524 520
539 533
527 533
523 516
533 514
532 527
517 517
511 513
518 509
518 519
504 506
499 500
508 497
509 512
492 500
486 497
494 493
495 506
481 492
478 488
487 485
487 499
472 488
466 485
475 482
476 494
470 487
471 485
490 487
502 510
499 506
505 511
524 512
535 532
532 526
538 527
559 532
567 552
556 543
554 542
566 541
570 554
557 541
556 538
569 538
573 555
559 545
559 546
568 542
569 555
553 541
548 536
557 531
559 547
541 533
534 528
542 523
544 536
528 522
521 514
531 512
529 524
514 514
506 510
516 505
517 518
502 504
497 498
508 496
507 511
491 499
485 496
498 495
505 513
499 505
507 508
528 513
541 536
535 531
542 536
562 539
572 559
566 549
568 548
584 549
587 566
571 554
566 551
577 548
580 562
568 549
565 545
580 546
579 560
563 549
558 546
568 541
568 555
553 540
548 534
559 532
558 546
539 533
533 529
541 524
544 539
526 523
520 516
531 514
530 530
512 517
505 513
515 509
516 522
503 509
496 503
508 513
512 519
503 511
506 513
528 529
541 537
537 529
543 531
565 548
575 558
567 550
569 552
587 565
590 568
575 554
572 548
583 559
587 565
569 552
564 548
574 556
574 557
560 542
558 540
566 548
565 549
546 535
538 530
548 539
546 538
529 521
523 514
533 524
519 526
512 511
505 506
515 515
503 515
499 499
495 494
506 506
493 509
487 495
481 491
491 501
480 502
479 488
479 486
500 504
497 514
504 508
510 512
534 531
533 539
541 531
547 532
569 550
564 558
565 548
563 546
577 557
567 558
564 543
560 538
575 551
562 556
558 542
553 538
566 549
553 549
549 534
544 528
555 541
539 543
532 527
524 521
534 531
520 530
514 512
509 507
520 519
505 521
499 505
492 501
505 512
491 511
486 494
481 489
495 502
479 505
474 490
470 486
488 500
483 505
489 495
498 498
524 520
522 530
528 523
534 525
557 543
554 549
558 537
561 537
578 554
565 557
560 542
554 538
567 549
554 549
550 533
547 530
561 544
546 548
541 533
535 528
547 540
534 540
528 522
524 517
536 530
520 532
514 516
507 511
521 522
507 521
503 504
499 499
512 514
496 516
491 501
485 496
498 507
485 507
480 490
476 486
491 501
479 506
480 494
484 496
510 516
510 524
519 515
541 520
555 543
551 539
556 543
572 544
581 561
573 553
573 550
585 548
587 563
572 552
567 549
576 545
578 559
566 548
563 543
573 540
574 555
558 544
552 540
559 535
559 546
545 534
539 527
548 524
547 537
531 525
524 521
533 517
534 529
521 517
517 512
528 510
529 525
515 515
509 512
519 508
522 522
510 510
510 508
528 510
538 532
535 529
543 534
565 539
579 560
577 555
583 556
604 560
614 581
606 575
606 575
619 573
622 587
608 574
605 569
616 567
618 582
602 570
598 567
607 563
608 576
594 562
589 556
599 552
598 568
581 555
572 549
581 545
580 556
564 541
557 534
566 531
564 545
544 531
536 526
543 520
541 531
524 516
517 510
526 506
524 520
506 507
497 502
506 497
506 509
493 497
493 495
512 498
524 521
518 516
524 520
547 524
559 545
555 538
560 539
579 542
587 563
575 554
572 553
585 551
586 564
572 551
568 546
580 545
580 560
563 547
556 543
565 538
565 551
547 535
541 528
549 537
547 538
528 523
519 518
527 526
525 525
508 509
502 503
512 513
511 516
493 502
485 497
495 506
495 506
479 491
473 485
484 496
483 499
465 486
458 481
468 490
470 491
457 478
459 477
479 493
489 503
482 497
487 499
509 516
519 523
513 513
516 513
535 528
527 535
525 523
520 519
532 529
521 530
518 515
514 510
527 522
516 527
513 514
509 511
522 521
512 522
509 507
506 503
519 516
506 520
501 505
496 502
508 512
497 513
494 497
490 493
503 506
490 510
486 496
480 491
492 501
481 503
478 487
473 482
485 495
471 497
467 483
462 479
478 491
472 496
478 486
487 490
512 509
509 520
515 512
520 514
540 530
536 536
540 525
541 525
557 541
545 545
542 531
540 529
553 541
545 543
540 526
538 524
553 538
540 541
534 526
529 523
541 533
527 532
526 518
520 512
530 524
514 525
507 508
500 503
513 514
499 513
495 496
492 493
505 507
490 508
485 494
480 490
492 502
481 503
475 484
471 481
485 495
475 500
477 490
480 491
507 511
511 522
521 514
530 518
556 540
550 548
554 538
556 538
575 554
565 556
564 542
561 539
576 553
563 557
560 544
554 537
568 550
556 551
553 534
548 530
561 543
545 546
542 532
533 524
546 534
532 534
528 517
534 511
533 524
517 513
511 510
519 506
522 520
506 505
501 500
511 497
512 513
497 503
490 499
499 496
500 507
487 494
486 491
501 493
509 512
504 507
510 511
527 513
539 532
533 523
536 524
552 524
556 541
544 532
539 528
549 526
550 537
536 524
532 518
541 515
544 531
528 520
522 518
531 514
531 525
516 512
511 506
523 504
523 518
504 505
495 499
501 493
501 505
490 494
484 488
492 484
493 499
475 487
467 482
475 477
475 489
460 475
456 470
465 467
465 481
450 470
446 468
459 466
465 482
461 475
467 477
486 480
496 502
490 497
488 496
504 496
509 512
499 501
496 498
509 497
508 511
492 500
486 496
496 492
498 505
486 494
483 489
494 488
495 503
480 493
474 489
483 484
484 497
471 485
465 479
474 476
474 492
458 480
452 476
462 473
464 486
453 475
447 468
459 466
461 483
444 471
439 467
451 464
454 479
443 467
443 465
463 468
475 492
470 487
474 490
495 493
509 516
500 505
504 505
523 520
531 528
515 517
511 515
522 523
525 526
513 513
511 509
525 521
528 527
512 515
507 511
519 521
521 522
506 508
501 502
514 515
514 518
496 505
489 500
499 509
500 509
485 494
482 490
492 500
493 503
476 490
470 486
487 501
486 500
470 483
466 478
481 492
473 498
475 488
478 490
501 507
503 516
511 509
516 510
536 526
532 535
533 527
534 526
548 537
539 540
539 527
534 522
548 536
536 540
532 527
527 524
540 535
528 536
526 522
520 516
531 529
515 531
510 516
502 511
512 520
499 519
495 502
491 497
504 510
488 511
484 498
477 493
489 504
476 504
474 489
470 485
482 498
469 500
467 487
467 487
485 500
482 506
488 496
496 500
522 521
518 531
522 522
525 523
546 539
541 543
542 530
540 527
555 542
543 547
539 533
537 531
549 541
538 542
536 526
534 524
549 538
535 541
529 526
523 520
536 531
522 530
517 513
515 510
524 521
509 523
504 507
499 504
511 516
498 514
494 498
489 493
503 507
488 510
483 494
479 491
497 506
490 509
496 500
502 501
528 524
525 533
531 524
536 527
558 544
556 551
559 538
563 540
582 558
568 561
565 548
560 543
574 556
562 556
558 540
556 537
569 552
555 554
549 538
544 535
557 546
544 544
538 526
546 522
545 535
528 524
523 522
531 519
530 528
514 514
510 508
518 503
519 519
502 507
497 505
503 500
504 513
493 502
489 495
503 495
512 516
505 509
512 513
535 519
544 536
544 532
549 533
569 536
578 556
569 550
568 550
580 548
584 562
571 549
567 545
578 542
580 557
565 546
559 543
570 541
572 553
557 540
553 534
561 529
562 545
543 532
535 527
545 524
542 534
527 519
525 516
531 510
534 527
514 512
508 509
516 504
519 517
504 502
501 499
509 494
509 510
497 501
492 498
510 501
519 517
515 510
522 513
546 519
557 541
554 538
558 540
578 542
589 562
579 551
582 551
592 547
593 563
576 552
571 549
579 544
581 558
565 544
561 540
573 538
571 552
555 540
545 534
553 529
552 540
538 528
529 518
539 516
536 529
518 515
511 511
519 506
521 520
504 503
499 498
512 498
510 511
494 499
483 493
494 489
494 502
480 488
476 483
494 486
499 505
492 499
498 502
521 506
535 528
531 520
545 528
563 542
574 553
563 544
563 544
578 555
580 556
566 543
561 537
573 549
574 552
557 539
552 536
563 546
563 545
548 530
543 525
555 536
553 539
534 526
525 519
535 527
533 526
517 511
510 504
519 514
517 516
498 501
490 496
500 504
500 505
484 489
480 485
491 495
477 499
471 485
466 481
477 491
465 491
462 476
458 472
475 488
468 494
475 488
480 491
505 510
508 520
517 512
526 515
552 537
548 545
552 537
555 538
574 554
565 556
562 541
558 536
569 547
555 549
551 536
546 532
560 543
548 543
546 528
540 522
555 537
537 537
529 521
523 518
531 526
518 526
511 508
505 502
516 514
502 517
495 501
491 497
499 506
487 506
484 491
479 486
492 500
476 501
470 485
465 482
475 491
462 491
459 476
456 472
472 487
463 493
467 484
472 487
498 506
499 515
512 510
519 513
545 534
543 543
548 537
552 538
571 552
564 556
561 540
559 537
572 550
559 554
555 540
551 535
562 544
549 545
544 527
540 523
552 536
537 537
530 521
522 515
534 526
522 528
513 506
507 501
520 515
501 514
495 498
488 494
498 504
486 505
479 486
475 482
490 499
471 499
466 484
458 478
471 488
457 488
454 472
450 468
463 483
448 486
444 471
444 470
464 485
463 493
471 482
494 488
514 514
510 511
521 518
539 521
552 540
551 535
558 537
573 537
580 557
567 547
563 545
571 541
573 554
561 542
557 538
567 534
569 550
553 539
547 535
554 531
556 545
539 529
534 524
540 518
539 532
520 519
513 514
521 510
520 519
504 505
498 499
507 496
506 510
489 498
482 494
490 490
491 502
477 488
475 486
482 480
483 495
467 483
460 479
467 474
470 488
457 475
458 473
475 473
486 495
484 492
493 497
515 502
531 524
530 520
538 523
561 529
572 552
565 546
567 547
581 547
586 562
574 551
571 548
584 547
586 562
570 550
564 546
575 542
575 553
559 540
553 533
563 530
561 546
539 529
531 524
536 517
535 529
518 514
512 508
519 504
518 519
498 504
491 501
501 497
497 505
482 490
478 486
485 482
485 497
469 486
461 481
471 477
471 491
455 475
450 470
462 470
461 485
450 475
447 473
467 475
481 496
480 490
490 494
515 501
528 524
523 520
529 524
550 526
559 544
553 535
552 531
567 544
569 549
552 535
546 533
558 542
560 544
545 528
542 524
554 535
555 540
537 526
530 521
539 528
539 528
522 512
518 508
527 517
527 521
506 504
496 499
507 509
508 510
490 494
486 489
495 499
495 503
476 490
470 485
481 494
481 495
466 480
462 476
476 490
460 490
455 477
453 474
465 484
460 489
467 481
475 484
502 505
504 519
512 512
519 516
544 537
542 543
552 537
554 535
574 552
566 559
566 548
564 546
577 557
565 557
565 544
562 540
577 554
565 558
560 543
555 540
565 548
553 549
548 533
545 529
558 542
543 543
539 529
530 524
542 534
529 535
523 518
518 513
531 527
515 528
509 514
506 512
513 518
501 520
495 501
490 497
502 509
490 512
485 498
476 491
489 502
479 503
482 490
487 491
512 511
511 523
521 517
530 522
557 543
558 551
568 545
576 548
595 565
589 573
589 561
589 560
604 572
594 574
591 558
590 556
608 573
591 574
589 562
582 554
596 566
581 565
577 548
571 542
583 556
565 556
558 539
551 535
560 543
543 540
539 523
531 516
543 530
525 531
519 516
511 511
525 524
510 522
505 504
501 499
514 512
499 515
492 498
486 493
502 505
491 507
492 492
497 495
520 515
516 524
521 515
526 517
549 535
543 541
546 530
559 528
567 548
552 537
547 535
558 534
555 541
542 529
535 522
542 518
543 532
528 522
522 518
529 512
527 522
513 509
507 503
514 499
513 513
495 502
491 501
495 494
493 504
477 489
469 482
478 479
476 492
459 480
452 477
459 472
459 484
446 472
442 467
451 465
450 479
435 468
430 465
442 463
449 479
444 471
451 474
474 479
487 502
485 498
490 502
510 505
519 522
514 515
516 513
530 513
534 530
520 520
516 517
526 514
528 528
517 516
515 512
527 511
529 528
515 517
510 514
519 510
521 523
506 510
501 505
511 502
512 518
494 504
487 501
496 496
497 509
483 495
479 490
489 487
490 504
474 492
468 488
477 485
478 497
464 484
462 480
477 480
484 501
477 495
484 500
507 505
522 527
520 521
527 524
549 528
558 550
549 543
550 544
565 543
568 558
556 545
554 541
566 540
569 557
552 546
549 543
561 541
563 554
550 540
547 535
559 534
560 550
543 538
537 533
550 531
549 543
536 528
532 524
543 534
542 536
525 523
524 523
531 530
530 530
516 515
512 510
525 522
525 525
508 513
503 510
520 522
530 527
526 520
536 525
562 545
577 558
568 549
573 553
593 568
603 575
596 565
598 564
615 578
618 583
602 571
597 567
611 577
613 579
599 565
596 561
609 572
597 575
592 561
586 556
597 565
585 565
580 549
574 543
584 554
568 555
561 540
552 534
562 544
547 543
541 525
534 520
543 531
526 532
518 516
509 511
518 519
503 518
499 503
494 498
509 512
502 519
506 511
512 513
536 531
536 539
543 530
550 532
572 551
567 558
569 548
567 547
583 559
572 559
568 543
564 539
577 551
563 554
559 539
553 535
566 545
554 546
550 530
546 526
559 539
544 542
539 527
533 522
545 532
533 533
529 517
525 513
539 527
524 530
519 516
514 513
527 524
515 525
512 510
508 506
522 520
508 524
508 511
510 511
533 529
533 537
541 529
549 533
574 554
570 564
574 555
578 556
598 573
592 577
591 562
589 559
604 574
589 576
583 560
577 554
591 566
577 566
573 549
569 544
581 558
565 559
557 542
551 536
561 546
546 544
540 525
534 519
545 532
528 532
521 515
514 509
526 520
511 519
506 502
501 498
514 513
497 515
492 500
488 496
506 511
500 516
506 506
528 510
542 534
541 532
548 537
568 540
580 559
576 553
579 553
595 554
600 571
587 561
581 557
589 552
590 564
575 550
571 544
581 541
581 555
564 544
557 540
563 534
562 546
546 531
539 524
546 519
543 531
526 519
517 515
523 509
522 520
507 507
501 502
510 498
509 512
493 501
486 496
493 492
493 504
481 492
476 487
489 486
495 504
490 500
495 503
516 506
531 527
531 523
538 525
561 531
572 553
565 547
567 548
581 548
586 563
573 551
571 547
580 544
580 559
563 546
558 543
568 540
569 552
554 539
549 533
558 529
558 544
540 531
532 527
541 523
540 534
523 519
518 512
528 510
528 525
510 513
503 510
513 505
513 518
498 505
493 499
503 497
503 512
487 500
480 496
492 494
498 510
491 501
498 504
523 510
538 535
535 532
542 536
564 539
576 559
571 552
574 552
591 553
594 571
579 559
574 555
584 551
585 563
570 549
567 545
579 543
580 559
562 546
555 543
564 538
565 552
545 534
539 527
550 538
551 543
528 525
520 519
530 527
529 527
513 511
508 506
520 517
520 519
502 505
496 501
506 509
506 511
490 495
485 491
498 503
501 509
492 500
496 503
521 521
537 531
536 525
546 530
572 550
585 562
579 555
585 559
604 574
612 580
599 565
597 562
611 576
599 580
596 567
592 564
606 576
596 578
594 565
592 562
605 575
593 579
587 565
581 561
591 571
577 570
571 553
565 547
575 559
560 561
553 545
544 540
554 549
540 548
536 532
530 527
543 540
532 546
525 529
518 523
531 535
520 536
520 523
520 521
540 538
536 546
542 538
548 541
573 559
574 567
580 557
588 560
613 580
610 591
614 581
615 581
633 596
624 598
618 580
609 572
615 580
595 579
587 563
578 556
591 566
582 570
585 559
592 563
622 587
628 602
647 604
672 620
719 656
757 694
764 719
763 747
760 761
765 760
762 752
755 747
761 753
747 737
708 682
608 597
437 446