759 760
758 758
763 760
763 728
764 603
761 504
763 415
763 328
764 270
759 243
763 216
763 180
764 161
760 163
763 158
763 139
764 138
760 154
763 161
763 150
765 150
761 168
763 174
763 166
764 170
759 191
763 202
763 195
765 199
760 219
763 227
763 220
764 220
759 242
763 249
763 240
765 241
760 259
763 265
763 254
759 256
760 276
763 271
763 273
760 275
760 293
763 287
763 289
760 289
759 308
763 301
763 303
760 305
760 327
763 329
763 340
759 354
759 384
763 387
763 400
760 408
760 434
763 433
763 441
759 445
759 469
764 464
763 466
760 465
760 482
763 472
763 469
760 469
759 485
763 475
764 473
760 470
760 485
763 473
764 470
760 465
759 479
763 465
763 460
760 455
760 468
763 455
763 450
760 447
759 462
763 451
761 447
760 443
761 457
763 444
759 440
760 437
759 453
763 442
757 439
760 437
760 456
762 452
759 457
760 467
759 496
763 498
761 507
761 514
761 538
763 533
760 536
760 541
760 562
763 553
759 553
760 551
760 567
762 555
757 551
760 550
759 567
762 556
756 554
761 551
760 566
759 553
754 549
760 547
759 562
757 549
752 544
761 540
760 554
753 539
749 533
760 531
759 547
752 534
748 529
760 526
760 540
748 526
745 522
758 519
759 535
742 523
736 520
748 519
753 539
746 534
746 538
760 558
759 572
753 568
750 574
760 592
760 601
752 594
749 595
760 611
759 617
751 605
747 602
760 613
760 615
747 600
744 595
758 606
759 609
742 594
733 589
742 599
738 599
717 582
706 576
714 585
708 586
684 569
672 562
678 570
672 569
649 551
638 544
645 554
628 555
618 539
608 533
616 542
599 541
590 524
581 518
590 528
575 530
569 517
566 515
584 531
582 540
590 534
597 539
622 561
621 573
626 566
630 570
653 590
649 597
648 584
648 583
663 596
649 599
644 584
636 579
646 588
633 589
627 573
619 567
631 579
615 580
607 563
597 556
607 565
590 564
582 546
574 540
583 550
569 554
559 536
548 528
557 537
541 536
534 518
527 513
539 525
524 528
521 515
509 506
523 520
505 517
499 499
495 496
505 507
497 514
496 501
502 503
528 524
531 536
541 531
551 536
576 558
574 569
583 564
584 562
608 583
600 586
601 572
600 570
618 586
603 588
601 574
594 568
609 580
593 580
589 563
582 556
596 571
578 570
571 554
564 549
574 558
557 556
551 539
545 533
559 547
544 549
536 531
531 526
543 537
530 538
525 520
520 515
533 528
519 531
510 512
505 508
518 521
500 518
495 502
490 497
507 514
498 519
504 510
510 513
539 537
538 545
549 539
572 546
583 566
580 564
583 565
602 568
608 584
600 576
596 571
609 569
611 584
598 574
592 570
600 564
601 577
585 563
580 559
587 553
587 568
569 555
562 550
568 543
565 554
548 540
538 532
547 528
544 539
528 528
521 523
526 515
526 528
509 513
504 508
512 503
512 519
494 505
489 502
495 496
497 510
486 500
483 496
503 499
517 524
514 520
523 527
549 535
561 556
559 550
565 553
585 555
596 577
585 567
584 566
597 564
600 577
586 563
582 559
593 556
595 571
578 559
572 555
581 550
580 563
563 548
556 541
568 539
566 552
547 537
538 530
545 524
545 537
526 521
519 515
528 510
529 526
512 514
504 508
514 505
513 517
496 501
490 495
501 493
501 508
485 495
482 493
499 493
511 515
509 511
518 516
545 524
560 550
558 549
562 550
586 556
594 574
588 565
589 565
606 566
609 583
595 571
589 567
602 565
602 578
587 564
580 557
593 556
592 570
574 555
566 549
575 545
573 558
555 541
547 534
558 544
556 545
536 530
529 525
540 535
535 533
519 517
513 512
523 521
523 524
505 509
496 503
509 514
505 511
486 495
480 489
494 501
495 505
486 497
489 498
512 517
527 528
526 525
530 526
555 545
568 557
559 548
562 550
582 566
588 571
575 558
572 553
586 565
574 568
571 556
564 549
578 561
565 560
560 543
555 538
568 551
553 551
548 537
538 529
549 539
533 538
527 522
519 514
531 525
515 526
508 510
501 505
512 516
499 516
494 499
488 494
499 505
486 508
480 493
474 489
486 500
476 503
476 489
479 490
504 510
505 522
514 517
523 522
549 543
549 551
556 543
561 544
583 562
578 570
577 557
575 555
588 566
576 569
571 552
567 548
581 560
567 563
563 548
556 542
567 552
554 553
546 534
540 529
553 542
535 541
530 526
521 519
532 529
517 528
513 514
504 504
518 518
502 519
495 502
489 497
502 509
486 508
482 493
475 486
488 499
474 502
469 486
469 485
489 502
487 510
495 503
507 508
534 531
533 542
541 535
546 537
569 557
562 561
565 550
563 547
579 562
565 564
560 550
555 544
568 556
553 555
547 538
543 534
557 549
540 548
534 531
527 526
538 536
522 534
518 519
509 510
522 524
503 523
495 504
485 497
498 508
481 506
476 489
482 482
482 496
467 485
459 479
466 474
464 484
448 470
442 463
451 460
455 476
447 470
453 473
473 478
488 501
486 497
495 502
515 504
528 528
524 524
523 523
537 522
543 539
530 527
527 523
537 519
538 534
520 520
514 516
522 510
522 521
507 509
499 500
508 495
506 508
487 494
477 488
485 484
479 492
462 478
451 468
457 462
453 473
434 460
423 452
430 447
426 457
409 442
404 437
410 430
407 443
391 431
382 425
391 421
390 432
377 419
372 415
392 419
403 441
401 437
411 444
436 450
449 472
450 470
453 471
474 475
483 496
475 490
472 488
486 488
488 503
475 490
471 486
486 487
486 500
470 488
466 485
475 480
476 494
460 480
454 474
463 470
462 484
442 469
434 462
443 458
439 467
424 453
414 443
422 438
419 451
404 441
392 431
400 424
399 437
379 419
372 412
380 406
377 419
356 402
350 398
359 393
364 409
358 402
364 405
391 414
406 441
402 437
409 441
433 449
440 466
431 456
433 457
448 469
451 473
436 461
432 457
444 467
447 469
433 457
430 453
444 466
447 470
431 458
427 455
442 466
443 468
428 453
426 449
439 462
444 469
428 456
426 455
439 465
443 469
431 458
430 455
445 469
450 476
435 464
433 463
447 474
452 478
436 463
435 461
451 475
447 484
459 482
465 485
495 508
501 522
512 516
523 522
549 543
547 552
554 546
555 545
572 560
564 564
564 552
562 547
580 564
569 567
567 554
565 551
581 564
572 567
570 553
568 550
585 564
573 567
569 553
564 547
577 559
564 560
560 543
555 538
569 550
553 550
550 536
541 529
552 538
539 538
533 521
527 516
537 527
521 527
515 512
511 508
528 523
525 531
533 524
542 529
570 553
571 566
580 560
586 564
612 585
608 590
613 582
612 579
631 595
621 600
619 587
616 584
631 598
620 600
618 585
616 582
631 597
618 600
613 585
608 581
621 593
607 592
601 575
596 570
607 581
591 581
583 564
575 557
585 566
569 565
562 546
555 539
566 551
549 551
542 534
536 529
548 540
535 541
532 525
531 524
553 543
550 554
558 547
567 553
596 576
596 586
604 578
611 581
635 603
629 610
630 598
631 598
649 612
638 614
635 597
633 594
648 609
633 611
628 594
623 590
636 602
620 600
613 581
621 576
619 588
601 575
593 569
597 562
595 573
578 559
570 551
577 545
576 558
559 545
551 540
557 534
556 546
539 532
532 526
540 521
539 535
523 522
517 519
528 515
535 533
530 526
537 530
560 536
574 559
570 556
576 560
594 562
603 581
595 574
596 572
609 570
612 587
597 575
592 571
599 566
598 577
581 562
572 555
579 549
577 562
556 546
546 538
551 531
547 540
527 523
516 513
522 507
517 518
495 502
484 495
488 487
486 497
467 481
460 474
467 468
466 482
448 468
440 463
448 458
447 469
432 456
427 450
441 450
449 471
445 467
454 473
480 480
495 504
494 501
502 505
524 510
534 532
526 525
527 525
541 524
545 539
532 527
529 524
543 522
546 539
531 528
529 527
538 522
539 535
524 521
518 516
529 513
529 528
513 515
507 510
515 504
515 518
497 502
491 496
505 497
501 508
484 495
478 490
489 486
489 500
473 485
469 481
480 478
481 494
464 480
462 478
480 481
494 505
492 501
502 507
531 530
548 544
541 537
549 542
568 556
577 562
567 551
568 551
582 562
586 568
569 553
565 550
579 561
578 561
561 545
558 541
570 551
571 554
551 539
544 534
552 540
552 542
533 525
527 519
535 528
533 529
514 514
506 508
516 517
515 517
497 500
492 495
502 505
487 507
482 492
474 486
485 496
474 497
476 487
481 491
504 509
505 521
517 519
524 523
550 544
550 553
557 546
561 547
584 566
578 573
579 563
574 558
588 570
578 572
572 555
568 551
582 563
569 565
563 549
556 545
568 555
553 555
547 537
540 531
548 539
531 540
524 524
515 517
526 528
509 526
499 505
492 498
502 509
487 511
481 494
472 488
483 497
469 496
464 480
457 474
470 486
458 489
463 482
465 481
493 505
492 513
503 507
513 512
541 534
537 544
543 536
545 536
566 552
559 558
555 541
554 539
568 552
554 554
550 540
547 537
560 549
548 550
544 534
540 530
554 544
539 545
535 530
526 523
539 535
528 537
518 515
516 512
526 523
512 525
506 509
502 505
514 516
502 518
496 499
493 495
509 511
491 509
487 495
480 488
497 502
489 507
497 500
506 505
537 530
537 542
546 537
554 541
578 560
575 568
578 556
581 557
601 575
590 579
586 564
583 560
600 576
584 575
579 557
589 553
590 567
575 556
568 551
575 546
575 557
559 543
552 537
560 532
559 545
542 532
533 526
539 520
537 531
521 519
514 512
524 509
522 521
506 509
499 505
505 499
503 510
488 497
481 490
494 489
500 507
496 504
503 509
527 516
543 539
543 535
552 541
573 543
586 566
578 560
583 564
598 564
602 578
590 568
584 561
596 559
597 574
582 563
576 558
585 554
584 565
568 551
561 545
570 540
569 553
550 540
542 534
549 529
545 539
529 526
518 516
526 511
525 525
507 512
498 504
508 501
506 512
491 499
482 492
493 488
490 501
474 489
466 483
477 481
486 500
477 491
484 495
513 504
528 529
527 526
535 531
557 535
569 557
562 548
566 549
585 552
587 569
575 558
567 551
579 549
580 563
564 550
559 545
571 543
572 558
554 544
547 538
556 534
556 549
538 533
528 524
536 519
535 533
518 519
506 510
513 504
512 516
492 499
485 493
497 492
495 504
477 490
469 484
479 480
479 494
460 477
453 470
465 481
466 483
455 475
454 474
479 493
495 506
494 501
504 507
531 529
543 540
535 532
538 534
555 547
563 555
547 539
544 535
560 549
560 550
545 538
541 535
553 545
555 547
538 530
534 527
549 540
547 540
528 525
522 520
531 529
530 528
514 514
507 507
522 520
506 521
501 506
495 500
509 514
495 513
495 501
488 493
501 506
491 512
489 499
493 502
514 518
517 530
534 529
556 545
590 570
602 589
614 586
624 591
651 613
647 618
652 609
651 606
671 623
657 623
652 607
645 602
657 613
644 613
639 596
634 592
647 604
632 605
625 589
618 585
625 592
607 589
598 570
590 563
602 575
583 572
577 557
571 551
586 563
573 564
571 550
566 545
581 560
567 561
564 548
562 547
575 557
566 561
568 549
568 547
588 564
585 575
589 565
599 571
626 592
629 604
641 598
652 604
678 626
675 635
676 622
674 619
688 632
673 631
667 613
661 608
676 622
661 624
657 609
651 604
663 615
649 616
640 596
632 589
642 599
625 600
620 584
616 581
631 594
616 593
608 575
601 568
611 579
593 579
583 559
577 554
591 566
580 569
577 554
575 551
589 564
574 566
568 549
567 549
585 562
581 570
588 561
598 566
623 587
615 593
613 579
609 575
624 589
611 589
609 574
623 573
628 590
615 580
609 576
615 571
612 581
590 565
578 555
582 548
578 559
561 547
554 543
564 539
566 552
551 540
543 533
548 527
544 538
524 523
514 516
519 510
520 523
505 511
501 506
512 503
513 517
495 504
486 498
490 491
486 500
469 485
463 479
477 478
487 499
485 496
492 502
514 506
526 527
522 521
525 522
545 524
554 544
546 537
547 538
559 536
563 552
548 539
542 533
552 529
552 543
537 531
533 528
546 527
551 543
540 532
536 529
547 525
546 538
527 524
518 518
526 513
528 527
516 516
516 515
532 516
538 534
523 523
514 517
519 510
514 520
492 503
482 493
492 489
497 507
490 501
495 505
517 509
527 529
517 519
512 514
520 509
513 519
486 498
467 484
463 471
450 475
422 452
406 440
412 434
415 451
404 442
408 444
430 448
444 471
440 465
446 468
467 472
474 492
459 481
454 477
464 474
464 488
450 475
451 473
474 478
487 502
483 498
488 501
507 504
514 521
501 509
498 505
516 519
525 528
520 522
529 527
554 546
567 556
559 546
557 543
570 554
567 554
544 536
533 528
541 535
542 536
529 524
530 523
548 538
552 543
536 530
529 525
538 532
532 530
511 511
500 503
510 513
508 514
491 500
485 496
497 506
495 506
476 489
467 481
474 489
456 488
446 470
433 462
440 469
423 466
416 448
408 441
417 451
404 453
402 440
401 439
421 455
419 463
424 454
429 456
449 473
442 480
442 469
440 466
454 478
443 480
440 465
436 461
450 474
439 478
437 464
433 461
447 473
437 474
433 460
430 455
444 468
431 471
427 456
421 451
433 462
421 463
418 447
413 441
426 454
414 457
410 442
404 438
417 450
405 451
401 436
399 434
417 449
412 458
418 450
425 454
451 474
450 484
457 475
461 477
482 495
474 501
474 488
471 485
485 498
474 499
471 484
469 481
485 495
473 499
471 485
468 482
483 495
471 497
468 481
464 477
477 491
463 493
458 477
453 472
466 483
452 483
446 465
441 461
455 473
441 475
434 459
428 454
441 466
429 467
428 453
431 454
455 475
451 486
458 478
462 481
485 500
479 506
481 493
482 491
498 507
485 510
480 494
475 490
488 502
474 502
469 484
465 481
479 495
465 497
458 480
451 474
464 485
447 483
440 464
447 459
446 471
429 460
421 454
427 449
424 459
407 445
398 437
405 432
403 444
388 432
383 429
396 428
406 447
403 442
410 446
433 451
445 474
439 469
442 471
457 471
464 488
455 479
455 476
469 476
475 493
464 484
463 483
476 482
482 498
473 488
470 485
483 484
487 500
473 489
468 486
478 481
477 493
462 481
455 474
462 468
459 480
440 466
430 459
434 452
432 462
415 448
413 444
430 445
442 468
439 465
448 472
468 474
479 495
472 487
475 487
493 489
501 509
489 499
490 499
502 498
503 510
493 500
489 495
505 495
507 511
495 502
490 498
503 496
505 510
491 498
490 495
501 491
504 509
488 497
484 493
496 490
498 504
484 491
480 486
493 485
496 502
483 492
486 495
504 496
518 519
516 515
524 519
549 526
561 550
555 544
560 547
578 549
586 567
575 556
574 554
589 554
591 571
576 559
572 556
584 553
586 568
571 554
566 548
578 547
579 562
562 549
555 544
566 540
565 553
548 538
542 532
552 542
551 544
533 529
525 524
536 533
538 536
528 525
531 526
554 544
567 556
562 550
568 555
591 573
601 581
594 572
596 572
614 586
619 592
604 579
600 575
613 587
615 588
599 573
595 570
609 583
611 586
595 573
589 569
602 580
603 581
587 566
582 561
598 574
586 578
582 565
577 561
589 571
578 573
574 557
570 552
584 565
575 570
576 559
578 561
602 579
604 589
612 583
621 586
646 606
642 615
644 605
643 603
658 615
644 616
637 598
629 591
639 600
624 601
616 584
608 578
619 587
603 586
596 568
586 559
595 568
575 567
565 548
554 538
560 545
542 542
531 522
521 513
529 522
511 521
502 503
492 496
501 505
486 505
483 489
483 488
505 506
502 517
509 510
514 513
539 532
536 540
539 528
541 528
559 544
547 548
543 533
538 529
550 539
537 540
531 522
526 517
539 529
524 531
518 515
512 510
524 520
508 520
503 502
496 496
508 509
493 510
486 493
480 488
492 499
477 498
472 481
467 476
480 488
465 490
459 473
454 469
470 483
462 488
467 478
475 482
501 504
499 515
505 507
510 511
532 528
526 534
526 521
525 520
541 535
528 538
523 522
519 519
534 532
521 533
516 516
513 512
526 525
511 527
505 509
499 504
511 514
496 513
490 495
498 490
498 504
482 492
477 489
483 483
484 496
470 483
466 479
475 475
476 489
461 477
456 474
467 472
475 490
470 484
478 488
502 495
518 520
517 519
525 525
546 529
558 549
552 542
553 541
568 541
572 557
558 547
554 543
563 539
566 552
552 540
547 535
557 531
558 546
543 534
536 529
543 525
542 535
525 521
518 514
527 509
525 522
507 509
499 504
507 500
506 512
490 499
483 493
492 488
492 502
474 489
468 485
478 481
482 497
475 489
480 490
503 496
519 521
517 519
524 525
546 529
557 549
550 542
553 542
570 543
575 560
560 548
556 544
566 540
567 554
551 540
545 534
556 531
556 546
539 533
531 528
540 522
538 533
521 518
513 511
522 507
522 521
501 504
493 499
501 494
502 508
483 492
476 485
486 481
486 496
468 482
461 477
470 473
472 488
458 475
459 473
481 479
492 501
489 498
496 503
519 508
532 530
527 522
532 524
552 528
558 547
545 535
544 535
553 529
553 543
537 528
532 523
543 533
543 537
525 522
517 517
526 525
524 525
506 509
498 501
507 510
505 510
484 494
475 487
483 495
480 494
462 478
455 470
466 481
465 482
447 467
439 462
449 470
448 470
430 454
424 448
435 460
437 464
425 453
429 455
452 474
466 484
461 478
469 482
493 502
490 512
495 503
496 504
513 518
505 522
504 508
501 505
516 517
506 522
503 509
499 505
513 516
502 518
498 503
494 498
507 510
493 512
488 497
481 492
493 502
478 502
474 487
469 482
481 494
464 492
458 477
451 472
462 482
449 482
445 466
439 459
451 471
438 473
434 459
434 458
454 474
454 483
464 478
474 484
502 507
503 519
511 514
517 517
542 537
539 544
542 534
544 534
562 550
552 554
549 542
545 539
559 551
547 551
543 535
539 530
552 543
537 544
531 528
523 522
534 533
519 531
511 513
504 506
515 518
499 518
491 501
484 494
495 504
480 503
474 486
468 481
480 493
464 494
457 477
450 471
463 483
452 485
454 473
461 477
488 499
489 511
498 506
507 511
533 532
532 541
538 532
544 535
566 555
558 561
557 548
555 545
571 559
558 559
553 542
549 538
562 551
546 552
539 535
531 528
543 539
526 537
519 518
511 511
522 523
503 522
494 502
484 495
494 504
477 502
469 482
476 477
475 489
457 475
449 470
454 464
453 474
437 461
430 455
439 450
442 466
434 459
439 462
460 468
475 491
475 488
483 492
505 497
517 519
512 516
515 517
530 518
537 534
525 523
522 519
534 516
536 532
522 521
517 518
527 514
527 527
513 514
506 508
516 504
517 518
499 505
491 499
498 494
498 505
481 490
474 484
482 480
482 494
466 481
460 477
468 473
469 485
453 472
448 466
459 463
459 478
445 468
445 468
465 472
480 495
481 493
491 500
517 507
533 533
531 530
537 535
558 537
569 558
563 550
564 549
579 549
584 566
570 555
565 551
577 549
578 563
563 549
557 544
568 541
568 556
549 542
541 536
549 531
547 542
529 527
521 519
529 515
527 528
508 513
501 508
509 502
508 514
490 499
482 492
491 488
491 503
472 488
469 485
485 486
495 507
491 502
500 506
526 514
541 540
537 535
543 539
565 543
576 564
569 555
570 554
588 555
591 573
576 560
572 557
583 554
584 567
568 553
563 548
575 558
574 560
556 545
548 540
558 548
556 548
538 531
530 524
541 533
539 534
520 519
512 514
521 522
519 521
501 505
493 497
504 508
502 509
483 493
478 489
494 502
503 510
497 504
506 509
532 529
547 542
542 537
549 541
571 559
582 567
574 558
577 558
595 574
586 579
582 566
576 561
588 571
575 571
570 555
564 549
575 559
560 560
552 544
544 537
552 545
540 546
530 525
521 518
531 527
514 527
507 511
499 504
508 513
497 516
488 496
480 489
491 500
476 501
470 485
464 480
477 491
471 496
477 488
485 492
512 514
514 528
524 523
531 528
556 547
554 556
560 546
563 547
584 565
575 571
572 557
568 554
581 565
569 565
564 548
559 543
571 555
555 556
549 539
541 532
550 541
535 540
526 521
518 513
528 523
510 522
502 504
492 497
501 507
485 506
478 487
470 481
481 492
464 492
456 475
448 468
459 479
445 479
445 466
448 468
474 490
474 503
483 498
492 503
519 524
519 533
525 524
532 527
554 547
547 554
546 542
543 539
559 552
546 553
542 537
539 533
553 546
537 548
531 531
525 526
536 537
520 535
513 517
507 511
519 524
502 525
493 506
486 500
498 510
483 509
476 490
471 485
484 499
468 500
461 483
455 478
468 490
455 490
453 475
469 477
482 499
481 499
492 507
515 514
532 537
532 535
541 540
563 545
575 566
570 561
572 562
586 561
591 576
578 564
575 559
586 556
588 571
574 561
569 557
576 551
575 562
559 548
552 542
560 536
559 549
542 536
536 532
540 524
541 536
522 520
515 513
522 508
521 522
503 509
496 504
502 498
503 513
484 497
480 492
496 493
508 516
505 514
514 520
538 527
552 550
550 545
557 548
579 552
590 574
582 568
582 568
596 566
600 582
586 569
581 564
592 561
593 576
577 563
570 558
579 553
579 565
562 551
555 544
564 540
560 552
541 537
531 529
538 523
536 535
518 518
510 512
519 507
518 521
499 507
490 501
497 495
496 507
478 492
474 488
489 489
499 511
496 507
504 513
529 519
544 543
542 537
549 541
573 546
583 569
575 561
576 562
592 562
595 577
580 563
575 558
586 555
586 570
569 556
561 550
569 545
567 558
548 542
540 534
550 529
548 543
528 527
518 521
524 513
521 524
503 508
495 500
505 508
503 510
483 495
475 488
483 496
481 496
464 480
458 475
473 488
480 496
475 491
484 496
510 516
524 527
522 523
530 527
555 546
567 557
559 550
562 551
579 563
584 568
571 555
567 551
582 563
583 566
567 553
562 549
574 559
575 560
557 544
551 539
562 548
548 550
541 534
532 527
541 535
526 534
519 517
512 510
523 520
508 522
501 505
493 499
503 507
489 506
482 490
476 484
490 496
482 504
488 496
494 500
521 521
522 531
533 525
542 529
567 550
565 560
571 552
574 553
593 569
585 572
583 558
580 554
594 568
580 570
575 555
570 550
581 561
567 560
561 544
555 538
566 549
550 549
542 532
533 525
542 534
527 533
520 515
513 509
524 520
509 521
502 504
494 498
505 508
489 506
482 488
476 482
487 495
474 497
473 485
476 487
501 506
502 517
511 510
521 516
548 538
547 549
553 542
558 544
580 561
573 566
574 553
574 553
587 564
572 564
567 548
560 544
573 555
557 555
550 537
545 532
558 546
537 544
528 525
518 518
528 528
511 525
503 506
495 499
506 511
490 513
484 496
479 491
493 504
480 505
475 488
473 484
486 498
473 501
468 485
465 482
484 498
480 505
487 496
497 502
525 525
524 537
531 529
536 532
560 551
554 557
556 543
570 543
573 559
559 549
554 546
564 542
566 554
554 542
549 537
560 534
562 548
545 536
539 532
545 525
544 537
529 523
523 517
531 512
530 524
513 512
505 506
512 501
511 511
495 498
489 492
498 488
499 503
485 492
481 490
492 488
498 505
493 498
500 501
525 508
542 534
542 533
551 539
573 545
585 565
579 559
582 559
601 561
608 580
596 571
592 567
602 562
603 576
588 563
584 558
598 558
597 571
581 558
576 554
585 549
585 562
569 548
561 540
569 535
568 549
552 537
548 534
558 531
558 544
546 533
537 523
546 519
545 532
528 519
523 515
533 511
535 525
520 513
516 509
530 508
536 527
527 520
529 521
547 523
556 542
547 532
548 531
568 535
571 551
558 540
556 539
570 537
574 554
561 542
559 539
572 537
574 554
558 541
554 539
563 533
561 545
544 530
538 524
550 523
552 538
537 527
534 525
549 524
554 541
541 529
539 525
551 523
551 540
533 526
524 519
530 513
526 524
507 507
498 499
508 508
509 511
497 501
500 503
522 520
537 532
535 526
542 529
566 548
577 557
567 548
568 548
584 561
588 564
574 550
570 545
584 558
585 561
569 547
564 544
576 554
577 556
560 540
555 535
566 545
566 548
547 533
540 528
552 538
553 540
538 526
536 523
552 536
542 541
538 527
532 523
543 532
529 532
523 516
515 509
526 520
513 522
511 510
512 510
533 528
534 538
543 532
552 537
579 558
579 569
585 562
589 564
610 581
606 588
611 578
616 580
638 598
633 606
634 595
631 592
645 604
632 604
625 586
619 580
631 592
616 594
612 579
608 575
622 587
608 587
602 571
595 564
606 575
590 576
584 560
579 556
594 569
583 571
581 557
579 554
593 567
580 569
576 555
575 553
596 569
594 577
600 568
607 571
631 591
623 597
621 584
616 580
629 591
612 589
605 571
600 565
615 579
603 582
600 568
597 564
610 576
594 575
586 556
577 549
586 558
567 557
558 539
550 533
561 543
547 543
543 527
539 523
552 536
536 537
527 519
516 511
525 519
505 516
495 496
487 489
498 500
483 501
479 487
479 486
500 503
495 509
500 500
506 503
529 523
522 530
523 518
523 517
541 533
529 534
525 518
520 513
533 527
518 528
510 509
505 505
520 519
508 520
504 503
516 501
519 517
505 506
499 503
506 497
506 510
491 498
487 493
498 490
501 506
490 498
487 495
497 492
499 506
485 494
479 488
487 484
490 500
473 486
471 485
486 486
498 506
496 501
504 505
525 509
536 530
527 522
524 520
533 516
534 529
518 515
511 508
523 506
526 523
515 514
513 513
526 511
530 526
517 515
512 510
522 506
522 520
504 507
496 501
504 496
504 509
490 497
486 493
498 490
501 506
486 495
480 491
488 486
486 497
468 483
460 476
468 471
467 485
450 472
446 468
459 468
466 485
459 477
462 478
480 480
487 499
475 490
471 487
482 484
483 497
468 485
464 481
478 480
484 498
473 490
474 489
489 490
495 506
483 496
480 492
493 492
494 506
478 492
471 488
480 483
480 496
463 481
457 475
467 471
467 486
450 473
443 468
453 464
452 477
436 463
431 458
444 456
449 475
439 465
441 466
462 469
471 488
463 479
465 478
481 479
486 497
471 485
466 481
477 478
478 493
463 479
459 474
472 485
474 489
457 475
452 471
463 480
463 481
446 466
440 460
450 469
448 471
428 456
418 449
426 456
422 454
403 437
394 429
401 437
398 437
377 421
369 414
379 423
380 424
367 411
369 411
391 429
403 440
398 434
403 438
425 456
432 462
423 452
422 451
439 465
429 470
427 458
425 456
441 469
434 472
434 460
435 459
451 474
443 479
444 468
442 466
458 480
451 484
452 471
451 469
469 484
461 490
461 479
460 477
477 492
465 492
465 480
465 478
482 492
477 501
485 496
495 503
525 525
529 538
542 534
553 541
579 563
577 573
580 563
580 563
596 576
585 578
581 561
576 557
588 568
574 570
567 554
559 548
569 557
552 555
543 535
534 528
542 536
523 534
511 515
499 505
506 512
486 508
475 487
464 478
473 487
457 487
452 472
451 469
472 487
471 495
480 488
490 494
518 517
517 529
523 522
528 524
549 542
541 546
540 532
539 530
553 544
540 546
535 531
530 526
543 538
531 538
527 522
526 520
543 536
533 540
532 528
531 526
549 541
540 544
539 530
538 528
555 543
543 546
540 531
537 527
553 542
545 545
549 535
556 539
583 562
582 573
590 566
596 570
620 589
615 595
616 582
618 581
635 597
621 599
614 582
608 576
619 588
602 586
595 568
602 562
600 574
582 561
574 555
578 549
576 559
560 545
552 537
559 533
558 546
542 533
535 529
542 524
542 535
527 522
524 518
537 517
545 536
538 530
540 532
557 534
567 552
559 544
561 544
576 544
582 561
570 552
566 550
576 546
575 559
559 545
553 539
561 534
562 549
545 537
538 531
545 526
545 539
530 525
524 519
534 516
536 531
520 519
515 515
526 511
527 525
514 512
509 507
520 503
522 519
508 509
508 509
526 511
538 532
535 527
544 531
569 538
585 563
582 560
589 564
611 569
623 590
618 583
621 583
638 584
641 601
625 588
617 582
624 577
623 590
607 575
601 570
609 564
607 578
587 562
578 556
584 549
584 562
563 546
556 539
564 534
561 546
542 531
532 525
540 520
538 532
521 517
515 511
531 512
540 533
535 528
542 532
566 538
579 560
576 554
582 556
605 561
614 582
604 574
601 572
614 571
615 584
597 569
590 562
599 558
596 571
576 554
566 547
573 541
569 552
548 534
538 526
546 534
542 533
521 517
511 510
519 517
515 515
496 498
486 491
495 499
492 500
472 483
464 478
474 487
478 491
469 481
474 483
500 504
515 516
512 513
520 518
544 536
556 545
548 537
551 537
569 551
571 555
553 542
546 536
555 544
552 544
533 526
525 519
536 530
522 532
516 517
509 511
519 521
506 521
501 506
496 500
509 512
495 514
490 499
483 494
495 504
482 504
478 488
473 483
485 495
474 499
473 487
475 488
497 506
499 517
509 512
519 518
547 540
547 552
554 546
561 548
582 565
578 572
579 559
579 557
593 570
578 571
570 554
562 547
571 556
555 555
547 537
540 530
551 540
534 540
526 523
517 515
527 524
510 523
503 505
495 498
505 509
489 510
482 493
474 487
484 497
470 497
464 480
458 474
471 487
457 489
452 473
450 471
470 488
468 496
479 491
491 498
523 523
527 537
539 533
549 539
576 560
576 570
583 561
589 563
609 580
600 585
596 569
591 565
604 576
589 576
582 558
577 553
590 567
574 568
566 551
559 545
570 555
554 553
545 534
538 527
549 540
532 540
524 522
516 515
526 526
510 525
503 505
497 500
509 513
492 513
483 495
474 487
484 497
466 494
458 476
452 470
463 483
449 486
447 472
450 473
475 494
475 503
486 497
510 503
526 527
523 524
529 528
547 530
557 549
550 542
549 539
559 536
559 549
542 536
532 529
537 522
534 532
516 516
508 509
515 503
512 515
496 501
488 496
492 489
490 501
473 486
464 479
472 475
471 488
453 474
446 470
452 465
452 477
436 464
430 458
440 454
440 468
425 456
419 452
428 448
429 460
416 449
411 444
422 441
424 456
409 444
404 441
418 440
428 459
425 454
435 461
464 470
482 496
483 495
494 503
518 510
534 534
531 529
536 532
556 535
564 554
551 543
547 540
555 535
554 547
536 532
528 525
537 521
536 534
518 520
510 515
517 509
515 521
496 504
489 497
497 492
495 505
476 490
468 484
476 480
475 491
458 476
451 469
462 466
462 481
445 468
439 464
449 460
449 473
434 460
429 455
441 453
443 469
428 457
422 453
433 450
435 464
420 451
416 446
428 444
431 462
419 451
422 453
444 458
461 483
464 481
476 488
506 498
525 526
525 524
535 529
560 537
573 559
568 551
572 551
589 566
592 570
576 557
570 552
579 560
579 560
560 544
553 538
563 548
562 549
542 534
534 527
542 535
539 533
519 516
511 509
520 518
517 517
496 500
486 493
494 501
491 499
472 483
464 475
474 484
472 485
451 470
444 465
451 473
450 472
432 455
425 450
437 460
424 461
419 447
413 442
425 453
412 453
408 438
404 433
417 446
406 449
405 436
405 436
428 454
431 465
444 462
457 470
486 494
491 508
503 505
511 510
537 531
537 540
544 533
548 534
567 550
558 555
554 542
550 539
562 549
549 550
544 534
539 528
551 539
537 541
531 524
523 518
534 529
519 527
512 509
505 502
514 512
499 512
491 495
482 488
492 497
477 496
470 479
463 473
476 486
461 487
454 470
445 462
457 473
440 471
433 453
426 447
439 460
424 462
419 446
413 442
425 453
414 455
409 438
404 433
418 446
403 447
398 431
395 428
414 444
412 451
421 444
433 452
464 477
468 492
481 489
492 496
522 519
523 530
532 524
541 528
564 548
557 556
557 543
555 541
571 554
558 555
554 538
550 534
563 547
548 548
541 532
535 527
547 537
531 536
524 517
518 511
529 523
512 524
504 506
496 499
507 509
491 507
483 487
477 482
489 493
472 493
464 476
457 469
468 480
452 477
445 459
453 454
451 467
435 455
428 450
435 446
434 457
419 444
413 438
421 433
421 447
405 435
399 431
408 427
410 441
402 433
408 437
432 443
449 469
451 470
462 478
486 485
502 508
501 505
509 510
531 514
542 536
534 530
534 529
546 527
549 542
536 529
532 524
543 521
544 536
529 524
522 519
529 514
529 526
512 511
505 504
512 499
511 512
493 499
486 493
492 488
492 499
476 485
470 480
480 476
482 492
467 481
464 478
475 475
478 490
467 480
466 477
481 478
486 496
475 487
474 486
489 486
495 503
485 494
484 491
500 491
507 511
500 506
507 510
532 518
550 544
554 543
567 551
597 562
616 591
615 589
626 596
650 602
663 624
657 616
662 618
677 616
683 634
670 624
666 621
680 619
682 634
668 620
665 616
679 614
681 630
668 620
659 613
667 607
665 619
647 603
639 597
650 593
649 607
630 594
622 588
629 581
628 592
607 576
597 567
606 563
602 576
581 559
568 550
575 545
569 555
547 537
536 527
546 537
544 539
528 526
523 521
539 535
546 541
537 531
536 528
556 544
564 552
550 541
551 542
566 553
569 557
556 543
550 538
565 552
564 553
544 537
537 532
549 542
549 543
530 525
521 517
533 528
533 530
511 513
506 508
517 518
520 520
504 506
500 501
516 516
504 520
501 506
496 501
510 514
502 517
499 503
494 497
510 512
499 515
494 499
490 496
503 507
492 509
488 493
485 488
505 506
499 514
505 507
507 507
529 524
527 532
533 524
538 526
560 544
554 552
555 541
554 539
569 552
560 555
557 540
552 534
566 547
554 551
548 537
541 532
555 544
540 544
535 528
531 524
544 535
531 537
524 521
519 516
529 525
519 528
513 511
504 502
517 516
503 517
496 500
491 497
500 505
486 504
479 486
473 481
486 494
470 496
465 480
460 477
475 491
467 496
470 485
474 487
498 508
496 520
499 509
504 511
525 528
520 533
525 522
526 522
543 536
533 542
527 525
525 522
538 533
525 533
519 515
514 511
527 524
514 527
505 509
501 506
511 515
494 512
486 494
479 488
493 501
476 501
467 482
462 478
473 487
455 483
448 465
442 459
452 470
434 469
423 449
416 444
425 452
409 451
400 430
397 427
413 442
404 448
406 438
408 438
430 457
423 462
426 451
442 453
450 471
441 464
444 467
457 465
462 480
451 470
450 468
459 464
464 480
452 472
447 469
456 466
460 480
447 468
440 462
451 460
448 471
433 459
427 455
434 449
436 463
419 448
410 439
418 434
417 446
400 433
394 427
401 422
398 432
384 420
377 415
384 409
384 424
372 415
371 416
385 415
392 431
386 425
392 428
412 432
422 453
416 449
419 451
437 454
446 472
439 465
441 464
456 464
462 482
449 472
446 470
459 471
462 485
445 470
446 469
454 462
456 479
441 467
433 462
442 456
444 469
429 456
421 448
431 444
431 458
413 445
407 440
415 435
414 446
399 432
394 427
402 422
401 435
385 423
378 418
389 416
394 431
387 424
390 425
407 425
417 447
409 440
412 444
432 447
442 468
437 462
442 464
463 469
472 489
465 484
465 484
482 484
489 501
478 490
477 488
494 491
497 508
481 495
480 494
492 492
493 506
481 494
478 492
491 490
493 506
476 492
472 488
484 486
486 500
470 483
466 480
477 489
479 494
459 478
454 475
466 485
465 484
450 470
446 465
461 479
465 485
457 478
457 478
478 494
489 504
481 495
484 494
505 512
514 521
505 513
505 513
525 530
532 535
521 524
520 521
539 538
542 543
528 532
523 527
537 539
540 541
527 529
522 523
539 537
526 538
521 524
516 519
527 530
516 531
512 516
511 514
523 523
512 527
509 514
502 508
511 516
500 517
497 502
491 496
502 507
490 511
486 497
481 494
494 504
484 507
485 495
488 495
511 515
506 524
507 512
509 513
528 528
523 534
525 522
526 521
544 538
536 544
535 531
535 532
549 544
538 546
534 530
530 525
544 538
531 542
526 527
520 522
532 532
517 530
511 513
504 506
517 518
499 517
494 502
485 495
496 504
480 502
474 485
468 478
481 491
465 490
460 474
455 469
467 480
451 478
449 464
443 459
452 469
440 474
435 459
433 458
452 473
444 478
447 468
451 468
468 484
461 491
464 481
465 481
486 498
481 504
480 489
482 488
499 506
489 510
486 495
484 494
503 510
491 511
486 493
486 490
501 505
488 508
483 492
480 490
494 501
482 503
477 485
474 481
488 496
472 496
467 482
462 477
475 489
461 489
458 472
454 468
469 483
451 483
446 466
441 461
456 474
441 474
436 456
445 451
446 465
430 452
427 450
438 448
444 465
435 456
436 455
449 454
453 471
443 462
441 461
453 459
458 475
450 466
451 466
461 463
465 478
453 469
452 468
466 468
470 482
458 470
458 469
474 469
479 486
467 476
467 477
479 475
484 491
472 480
472 479
484 477
486 493
474 484
471 482
482 480
484 493
473 483
471 479
482 477
483 491
469 481
465 479
477 476
481 492
469 480
466 475
484 479
492 501
483 495
488 499
509 503
520 523
514 516
518 516
539 521
549 543
541 537
540 537
559 539
562 553
552 542
551 540
563 538
570 556
555 546
553 545
563 540
567 557
553 544
549 540
560 536
563 552
547 540
543 538
553 532
553 544
538 529
533 524
544 521
545 537
528 523
522 519
531 515
531 527
516 512
512 507
525 507
527 524
510 511
506 507
520 505
525 522
515 513
518 514
539 517
545 537
538 532
542 534
560 535
569 556
564 549
569 551
586 553
591 570
578 560
578 559
591 558
593 572
580 559
574 553
587 565
586 566
568 551
560 546
569 553
568 553
548 535
540 528
550 537
548 539
529 524
521 517
528 524
525 522
508 506
502 500
514 510
514 512
495 497
488 492
498 501
498 502
482 487
477 483
493 497
499 504
487 493
488 495
509 511
517 518
508 508
511 509
528 523
523 532
525 523
526 523
542 536
534 540
533 527
531 523
545 536
532 538
527 524
521 519
532 528
519 528
512 510
505 504
516 514
500 514
492 497
484 490
493 499
477 498
470 480
462 473
472 483
458 485
450 468
443 463
454 472
441 472
437 456
433 452
446 464
433 467
429 454
426 451
442 464
436 469
440 460
449 464
471 484
470 494
476 487
481 491
505 510
503 519
508 510
514 513
535 531
529 540
530 529
531 530
549 544
540 547
540 534
538 531
555 546
543 550
539 535
535 531
549 543
537 543
533 526
529 521
542 534
527 536
521 519
514 514
527 525
513 524
507 505
502 500
515 513
499 515
493 499
487 493
499 504
486 504
481 487
476 483
492 499
482 505
482 493
486 495
509 514
505 522
510 512
516 515
539 536
533 544
536 535
539 536
560 554
553 558
553 544
554 542
572 559
560 563
556 547
552 543
567 556
554 557
549 539
545 536
558 548
542 549
535 532
529 526
540 536
524 535
517 516
524 509
523 522
506 509
501 507
505 499
504 509
489 494
480 487
488 482
487 496
472 484
465 480
475 476
476 489
464 477
462 474
474 471
484 493
479 488
483 492
501 494
510 513
507 508
514 512
532 514
544 536
539 532
541 534
556 534
564 554
554 544
554 542
566 539
569 555
556 545
550 540
560 536
562 549
547 536
542 531
552 527
552 542
536 529
528 523
537 519
535 529
519 515
512 509
521 505
519 518
503 505
495 499
503 495
502 505
486 492
478 484
489 482
488 495
471 481
464 477
474 473
476 486
466 475
468 476
488 479
498 501
492 497
496 500
515 503
525 523
519 516
524 518
543 521
552 543
542 535
541 535
556 534
560 550
548 539
546 534
557 531
559 547
544 535
539 531
549 527
550 541
534 526
527 520
538 517
538 533
520 517
513 513
521 507
520 518
504 504
496 496
507 493
504 506
487 492
482 489
489 482
490 497
472 480
466 474
477 472
476 486
461 475
455 470
468 468
476 487
469 480
474 482
497 502
510 514
504 509
509 513
529 528
540 538
533 527
538 529
557 543
565 551
552 541
552 540
566 551
571 556
560 546
554 539
569 552
572 556
554 542
548 538
560 547
559 547
543 531
535 524
548 536
549 539
528 522
520 515
531 525
529 524
512 508
507 503
517 514
506 518
500 503
494 498
506 507
497 511
491 494
490 491
501 501
489 504
489 493
487 491
510 509
504 515
511 506
518 510
541 530
538 540
544 534
545 534
566 551
561 558
564 548
566 548
583 564
575 570
574 558
571 556
585 567
577 572
572 555
569 550
583 562
569 564
564 549
557 543
569 554
554 553
547 534
541 528
553 540
537 541
530 524
522 518
533 528
518 527
512 509
476 504
460 536
434 555
417 551
404 557
404 571
386 577
378 564
387 559
404 568
397 568
406 553
434 543
468 547
474 543
487 524
498 518
525 531
523 533
529 519
533 515
554 528
548 528
549 512
549 508
566 522
554 525
552 510
548 506
562 517
549 517
545 501
541 496
554 510
539 512
534 496
528 492
542 504
528 504
523 489
519 484
532 499
519 503
514 489
510 486
525 500
512 502
509 486
506 484
521 499
507 502
502 486
498 483
514 497
503 500
506 489
509 491
533 513
528 523
534 514
539 518
563 538
559 546
563 536
582 540
591 560
582 555
581 555
592 553
595 567
583 557
579 553
589 550
591 565
577 554
570 549
578 545
578 557
563 543
557 537
565 533
566 547
549 534
541 530
549 524
548 535
533 521
526 514
536 510
536 523
520 510
513 506
521 501
521 514
506 500
500 495
510 492
513 509
503 501
505 504
523 506
533 527
529 522
535 525
556 529
567 552
562 548
565 551
583 554
591 572
582 563
582 561
596 561
600 577
586 566
582 563
592 559
593 572
579 559
573 553
583 548
583 563
565 550
558 545
566 539
566 552
549 536
542 530
551 525
551 540
533 526
525 521
533 515
533 528
516 513
510 507
519 503
518 517
501 504
495 501
508 498
514 515
506 506
510 507
532 513
544 536
539 531
545 536
567 541
578 562
574 556
577 558
598 561
604 581
592 571
590 569
603 566
605 581
590 568
586 563
599 560
599 576
583 562
576 557
586 553
585 566
568 551
562 544
572 541
570 554
551 539
542 533
550 528
549 540
531 524
525 517
535 527
534 528
515 514
508 508
518 516
517 516
503 503
498 497
514 511
521 519
512 511
515 514
537 531
549 541
544 535
551 538
574 558
585 568
577 561
580 563
597 576
602 580
589 568
588 565
602 577
604 581
587 567
580 561
590 570
589 570
570 553
564 547
575 557
561 559
555 544
548 538
559 548
546 548
541 531
534 525
546 536
530 537
524 521
516 515
527 525
515 524
510 508
506 503
518 515
505 518
501 504
499 501
517 516
512 523
518 514
524 517
548 537
547 549
554 542
559 545
582 563
578 571
581 561
582 560
599 575
588 580
585 566
581 562
594 573
582 573
577 556
572 551
584 563
570 565
563 548
556 542
566 551
551 550
544 531
537 525
548 535
531 534
524 518
515 511
525 520
509 519
502 500
496 495
508 506
492 507
486 491
478 485
490 495
475 495
469 477
464 472
478 486
468 491
468 480
470 480
491 498
487 505
492 495
497 497
519 518
514 527
517 517
518 517
536 531
527 535
526 521
525 518
541 533
530 537
528 524
526 522
543 536
532 538
531 524
530 522
546 537
535 541
531 526
528 522
542 535
530 536
526 520
522 516
535 529
520 531
515 514
509 509
523 522
509 521
504 504
501 499
515 514
500 515
496 500
492 496
508 510
499 514
501 502
519 504
530 526
528 524
534 529
553 533
565 553
561 547
564 549
581 550
587 568
575 558
572 555
581 552
583 564
568 551
563 545
573 541
574 555
559 544
553 540
561 535
562 548
547 534
540 528
549 524
547 536
530 523
522 517
528 511
527 521
510 506
503 500
511 495
509 507
491 493
483 487
489 481
488 493
471 477
464 471
474 468
478 485
468 477
471 480
490 483
502 504
498 500
504 503
525 508
535 530
527 524
529 526
544 525
549 541
536 530
533 525
545 523
547 539
531 527
526 523
537 520
537 533
523 520
517 514
528 511
529 525
511 512
505 507
513 501
513 514
497 499
491 493
501 489
502 504
486 492
482 490
490 485
491 498
477 486
473 481
485 479
487 495
472 485
467 481
480 478
485 495
477 486
483 489
506 496
520 521
517 518
524 523
546 527
557 548
551 541
553 541
571 543
576 561
562 550
558 547
570 544
572 558
557 544
552 539
565 537
566 552
549 539
544 535
555 531
555 544
539 531
533 524
544 534
543 536
524 521
516 515
525 523
524 522
505 506
497 498
505 506
503 506
481 488
471 480
478 485
474 482
453 464
444 457
454 466
455 470
442 460
443 460
464 476
474 484
467 476
472 479
493 496
502 505
492 496
492 497
508 510
512 513
498 499
493 495
506 507
493 511
488 496
482 491
493 501
480 501
475 486
469 480
480 491
465 492
459 476
450 470
459 478
445 477
438 460
431 452
441 461
427 464
419 446
412 440
425 450
413 451
406 432
401 427
414 439
401 442
398 428
394 425
411 439
405 445
412 438
421 444
450 468
453 483
463 479
475 488
500 508
500 518
508 512
514 515
536 534
530 542
532 532
534 532
553 548
545 551
546 539
546 538
566 555
554 557
552 544
548 541
563 554
551 555
548 539
544 534
557 547
543 549
538 534
533 529
546 540
532 540
529 524
525 520
539 533
525 535
520 520
514 515
526 526
512 524
507 507
504 504
522 520
515 527
519 519
525 522
550 543
549 552
557 545
564 549
588 570
584 580
587 570
590 570
608 585
597 588
595 572
593 569
608 582
593 584
587 567
582 562
595 574
579 573
572 554
565 548
577 560
559 560
551 541
543 535
554 544
538 542
530 523
525 517
538 531
522 532
516 516
511 511
525 523
511 523
505 504
514 500
514 514
500 503
495 500
508 499
517 517
515 513
521 517
543 523
557 547
555 545
560 550
578 552
589 573
581 564
580 561
594 560
597 576
583 566
580 565
588 561
592 575
578 561
575 558
585 554
587 569
572 558
564 552
573 548
573 560
556 544
549 537
558 533
557 546
540 533
531 527
537 521
536 532
520 518
512 510
520 505
520 518
502 503
495 498
502 493
501 505
486 491
482 488
496 489
504 509
497 504
504 509
525 514
539 537
535 531
540 534
560 539
569 560
559 552
558 551
570 549
573 564
561 551
557 546
569 543
571 559
556 547
551 544
561 540
562 553
547 539
541 533
552 530
552 545
535 531
530 527
536 520
535 532
518 516
513 512
521 506
521 520
504 507
498 503
508 499
509 512
493 498
487 493
499 492
501 507
485 495
482 493
499 494
508 514
506 511
515 516
539 522
552 547
548 542
553 546
573 550
581 569
571 559
570 557
585 556
588 572
572 559
566 554
577 551
578 564
562 549
557 544
569 555
568 557
550 543
543 538
553 546
550 545
532 529
525 522
535 531
533 532
513 516
505 510
515 518
515 518
497 502
490 495
502 506
501 507
481 491
474 485
483 493
481 492
464 476
460 472
475 485
482 492
474 485
478 488
502 507
513 515
508 508
512 510
533 527
528 535
529 524
526 522
541 534
529 536
526 521
521 514
534 527
520 528
514 514
507 508
519 519
506 519
501 504
496 499
507 511
494 512
488 496
482 491
494 501
481 501
476 485
472 481
486 493
473 497
469 483
465 480
478 491
467 491
463 476
460 472
474 485
462 489
459 476
460 476
481 493
479 501
487 494
495 498
520 520
518 531
523 523
526 524
544 540
536 543
534 528
531 524
545 536
532 540
528 525
523 521
536 533
524 534
520 518
517 513
532 527
519 530
515 515
510 511
522 521
510 520
505 504
502 500
516 514
503 516
499 502
494 498
509 510
496 511
493 495
489 491
504 505
490 508
486 494
483 490
502 506
499 514
507 507
520 515
552 543
558 560
573 560
587 569
618 594
619 605
626 596
630 598
650 615
638 619
635 604
633 602
650 616
639 617
638 602
638 600
654 614
642 619
636 601
630 596
644 607
628 607
622 587
619 583
633 597
620 600
614 582
609 577
623 591
609 591
605 575
616 572
618 587
605 578
602 576
612 573
614 587
604 577
606 577
624 580
638 603
635 602
642 606
661 610
670 628
662 620
661 618
674 616
678 633
663 621
658 618
668 613
669 626
653 613
646 606
653 599
650 610
629 595
617 587
620 578
615 586
594 568
582 558
585 549
578 559
555 542
543 533
545 524
538 532
519 515
508 506
515 500
512 513
493 499
485 494
492 489
491 500
474 486
467 480
477 476
477 491
463 480
461 479
477 480
488 499
484 495
491 499
514 505
526 528
519 522
520 523
534 522
538 537
524 524
518 519
527 514
527 528
510 514
503 509
512 504
512 517
497 503
492 497
503 495
504 510
488 497
482 493
491 489
492 502
476 488
472 483
483 481
484 496
469 484
464 480
474 477
476 491
463 478
459 474
471 472
473 488
457 475
453 472
466 470
472 487
466 480
471 482
496 490
510 516
508 513
515 518
537 523
547 543
539 534
540 532
556 533
559 550
543 536
538 533
550 530
551 544
536 530
531 525
544 536
545 538
527 524
521 519
530 527
528 527
511 511
505 504
515 514
514 515
494 500
487 495
498 503
498 503
482 489
476 483
488 494
488 498
471 484
465 480
476 490
478 493
466 481
469 481
493 501
507 514
504 511
514 517
540 538
555 548
550 542
555 544
576 561
571 569
570 557
567 554
581 567
570 568
568 554
563 549
577 561
566 564
562 550
558 546
570 556
558 557
553 541
548 536
560 547
545 549
540 534
534 529
546 539
533 539
529 524
524 520
537 531
524 534
520 520
514 515
527 526
514 527
513 513
514 513
537 532
538 544
547 540
556 545
582 566
583 576
590 569
598 573
621 592
616 600
618 590
617 589
634 602
622 603
619 587
614 581
627 594
611 594
605 577
597 572
608 581
593 580
585 562
579 555
590 566
574 566
566 549
558 542
568 551
553 551
546 532
539 526
552 539
537 540
530 524
523 518
534 528
519 527
512 509
507 504
521 517
511 522
514 512
519 515
546 537
547 547
556 541
566 547
592 569
588 579
592 569
596 570
616 587
607 590
605 575
603 572
618 586
603 588
597 572
592 567
605 579
590 578
585 560
580 555
592 567
576 567
569 550
562 543
572 554
555 551
548 533
542 527
554 539
537 540
529 522
523 516
535 527
519 525
513 507
520 502
521 516
505 504
497 499
505 495
507 508
497 499
502 501
523 506
539 531
539 531
548 538
570 543
584 565
580 559
584 561
602 563
608 580
597 572
593 569
603 565
604 579
589 565
583 560
593 555
594 570
579 558
572 553
580 548
579 559
563 545
556 538
564 533
562 546
544 533
536 527
542 522
540 533
524 518
517 512
526 507
527 521
510 508
504 504
513 500
514 513
499 500
494 495
506 494
506 509
490 496
487 494
501 494
512 514
509 511
519 516
545 524
560 549
557 547
566 554
582 555
592 574
582 564
583 562
598 561
601 577
586 565
580 561
590 557
590 570
574 555
568 550
577 546
577 560
559 546
551 540
558 534
556 546
538 530
531 524
540 519
537 532
519 518
510 513
518 508
517 519
499 504
493 498
503 495
503 509
486 496
480 490
490 487
490 500
473 485
467 479
478 477
479 492
462 480
459 477
474 477
484 497
482 492
491 498
518 506
533 531
530 527
535 530
555 533
562 552
551 542
549 539
562 550
564 554
548 540
543 536
554 545
555 547
541 533
537 528
549 538
549 541
532 527
526 522
536 530
534 530
517 515
511 509
521 518
520 520
499 504
491 497
501 506
498 505
479 489
473 482
484 493
483 495
464 480
458 475
468 484
467 484
450 469
445 462
457 474
443 476
438 462
434 458
451 472
447 478
453 470
459 473
484 494
484 506
490 499
495 502
514 517
508 523
507 511
507 508
521 521
510 525
508 512
505 510
521 523
512 525
510 513
509 510
525 524
515 529
512 516
509 514
523 525
512 527
508 512
503 508
517 521
504 524
499 509
494 504
507 515
494 515
491 499
486 494
501 508
488 510
483 495
478 490
491 501
477 500
473 483
469 479
486 494
479 500
483 490
490 496
518 518
520 530
529 522
537 527
561 547
556 555
556 544
555 541
572 555
561 557
558 541
555 537
568 550
555 552
550 537
545 533
557 543
543 543
538 527
533 522
546 535
529 536
523 519
517 513
528 524
513 524
507 506
502 501
515 514
500 515
495 499
489 494
503 507
489 507
485 491
482 487
496 501
482 504
477 488
471 483
486 496
476 498
477 487
483 490
509 513
508 524
517 518
525 523
551 544
547 551
550 539
553 541
572 558
560 562
556 548
553 544
567 556
554 556
549 539
560 535
562 550
547 538
542 535
549 529
549 541
533 527
527 521
534 516
533 528
516 516
508 509
515 503
513 514
496 501
489 495
497 490
497 504
481 492
475 488
483 483
483 495
468 482
464 477
474 474
475 488
461 478
460 477
475 477
486 497
484 493
492 498
516 504
530 529
526 525
531 528
549 531
556 548
545 538
543 535
556 533
559 549
544 538
541 536
552 533
556 547
543 536
540 532
552 531
554 547
540 535
534 531
545 528
547 542
532 528
527 523
538 520
540 537
524 524
519 521
529 517
531 532
519 521
518 519
536 521
544 540
535 533
536 533
551 532
558 549
547 539
550 539
570 542
582 565
577 562
580 563
599 566
604 583
593 573
598 574
619 578
630 600
623 595
624 595
638 593
642 608
625 593
620 588
638 591
651 618
636 610
583 577