766 766
764 764
765 762
765 765
765 759
761 761
766 752
766 712
766 683
762 677
764 664
765 637
765 623
761 628
766 616
766 583
766 561
762 564
764 563
763 551
765 549
761 562
766 561
766 545
766 543
762 557
764 555
764 536
766 531
762 546
766 547
766 526
766 517
762 526
764 527
764 510
765 503
761 511
766 509
766 491
762 486
761 496
764 481
764 476
761 475
762 489
766 472
765 464
762 458
762 473
764 466
764 463
761 457
761 470
766 461
766 464
762 468
761 485
764 482
763 490
761 497
762 520
765 513
765 516
762 522
761 546
764 541
764 539
761 535
762 552
766 543
766 539
762 533
761 546
764 535
763 536
761 535
762 548
766 532
766 527
762 526
761 541
763 528
761 521
761 516
762 533
766 518
765 510
762 503
761 515
763 505
759 502
761 498
762 508
764 493
761 491
761 490
761 504
761 489
754 484
761 484
762 502
762 487
759 479
762 475
761 492
756 485
753 484
761 480
761 495
758 489
757 496
762 502
761 522
756 515
751 520
761 527
762 546
761 533
756 528
762 528
761 549
755 539
752 534
761 529
761 544
755 532
754 529
762 523
760 535
749 524
745 523
761 525
761 540
751 520
748 516
760 518
760 538
747 525
739 519
751 519
753 538
737 526
733 522
739 518
733 534
715 525
711 526
722 526
719 537
698 522
693 519
705 530
704 526
686 506
680 495
694 509
696 514
678 495
669 474
680 460
694 464
686 459
683 463
688 469
691 490
664 498
649 515
651 547
641 567
616 573
605 589
613 621
613 638
594 632
589 634
600 652
603 664
590 654
589 649
605 658
608 660
595 645
591 641
601 649
583 647
575 631
573 627
587 640
573 638
566 619
558 614
565 630
548 637
538 623
528 617
538 629
521 633
516 619
510 613
520 620
504 619
497 604
496 599
513 607
503 600
505 577
505 565
523 574
514 569
512 547
508 534
527 543
520 543
525 527
519 513
530 520
516 522
512 511
510 509
525 521
515 524
517 513
522 520
541 544
533 556
534 551
535 555
561 576
561 582
570 564
573 558
592 570
587 575
590 563
593 559
608 569
596 568
596 552
596 545
611 555
595 553
589 537
589 537
606 552
593 554
586 534
578 530
588 547
572 554
562 543
552 539
561 554
543 561
537 549
530 546
539 558
520 561
512 548
510 545
528 556
512 550
509 527
508 521
526 533
517 531
510 512
503 507
516 524
502 531
500 514
498 509
506 522
484 528
475 520
471 520
485 534
469 533
466 516
464 516
483 534
478 538
483 524
493 527
522 551
525 559
536 542
544 537
565 555
559 565
563 556
570 555
591 571
581 575
582 560
594 561
597 575
584 561
577 557
586 556
591 574
579 559
575 552
582 547
581 565
565 558
559 556
566 549
566 563
549 553
549 550
565 542
568 546
554 524
554 514
572 507
575 520
556 505
548 500
555 497
554 514
542 501
538 492
550 482
556 491
547 476
552 470
565 456
565 454
557 434
564 423
586 416
594 421
583 402
573 378
594 394
569 430
522 445
487 462
476 480
465 514
444 517
437 526
444 532
445 558
433 559
433 566
448 570
450 589
436 579
437 582
453 584
458 601
444 588
440 584
457 584
464 603
452 588
450 581
462 576
465 591
452 578
448 571
460 563
460 573
444 555
444 549
456 543
454 553
437 536
433 531
449 530
453 543
436 524
432 516
445 513
448 528
433 514
430 508
443 502
447 518
435 505
435 504
446 499
446 515
425 512
412 512
431 510
435 524
424 513
423 512
432 510
426 525
414 511
412 506
430 507
434 525
421 514
430 515
456 520
470 544
463 538
462 540
488 545
505 569
499 555
505 555
527 570
533 572
522 559
520 555
539 569
546 574
530 558
526 551
536 559
536 561
523 550
526 544
542 552
542 551
530 539
526 534
538 545
534 544
515 529
510 526
525 539
528 542
510 523
504 515
516 526
518 529
503 515
497 508
510 517
513 519
497 504
495 499
506 508
492 508
484 492
482 491
497 503
485 504
480 484
476 479
489 492
478 496
473 481
466 475
480 487
468 490
469 476
468 471
483 483
476 489
481 484
491 491
518 512
516 520
522 510
530 515
553 535
550 543
551 531
552 531
574 550
570 558
574 544
574 541
587 552
573 554
573 544
570 538
586 548
571 544
573 518
579 518
594 534
581 539
571 526
562 530
574 551
558 557
550 539
541 531
553 544
536 544
531 528
525 519
538 529
523 529
521 513
518 508
530 517
514 514
506 498
502 496
518 511
504 511
498 488
504 476
548 452
575 429
586 408
572 408
598 412
591 414
571 412
558 418
569 431
558 428
558 409
554 408
554 436
526 454
512 456
504 474
517 510
494 528
492 527
501 543
517 567
503 579
502 568
503 569
526 590
514 597
507 586
505 585
524 601
517 604
516 586
510 581
522 593
511 596
515 583
513 577
521 588
507 589
508 572
506 567
524 582
504 582
496 563
496 558
513 572
505 575
499 553
505 545
505 558
492 546
487 538
502 536
501 547
487 534
485 531
500 527
497 540
475 527
470 522
485 519
491 535
475 518
467 512
477 506
476 518
464 507
461 504
467 502
473 517
465 507
476 510
496 513
500 535
498 531
505 535
529 540
545 562
535 554
539 554
561 555
567 573
557 566
550 565
565 562
571 578
564 568
565 564
568 559
569 573
554 560
551 557
564 555
563 570
549 556
546 552
558 547
557 562
539 548
528 542
540 538
544 552
535 540
528 534
532 525
532 539
518 526
512 520
523 519
519 530
505 513
503 509
516 504
512 520
490 503
486 497
499 496
503 511
488 499
481 493
492 489
494 503
480 491
475 489
482 486
484 498
471 482
469 478
484 477
480 493
473 487
478 492
507 501
524 525
514 520
519 522
543 526
554 549
547 543
543 543
559 546
571 565
563 554
568 554
578 553
576 567
560 554
557 550
577 550
577 565
558 548
557 543
572 540
575 555
558 540
554 530
560 526
564 542
547 529
541 525
547 534
544 538
526 521
521 516
528 525
529 527
513 510
511 505
526 515
523 519
495 499
489 495
504 505
512 509
496 494
490 489
499 497
499 498
485 485
481 482
489 493
491 494
477 479
479 476
491 487
492 493
477 482
484 485
512 506
531 520
523 513
527 516
552 534
554 544
556 536
555 538
570 553
565 559
574 548
574 546
587 560
567 560
563 545
564 542
582 555
571 559
563 542
562 537
578 549
567 552
562 539
556 535
564 544
554 546
555 530
549 526
558 538
539 537
538 523
536 519
550 532
537 536
532 517
530 512
546 525
531 527
524 513
515 506
531 519
525 522
520 505
518 502
524 512
514 514
511 499
506 496
521 510
501 510
501 494
500 490
513 504
502 510
494 497
504 500
534 524
536 538
546 532
546 534
572 554
569 564
575 557
579 559
597 577
589 584
599 572
600 570
614 586
598 587
589 570
591 567
608 581
594 583
585 563
583 557
598 570
586 572
578 557
569 551
582 563
571 564
571 547
566 542
573 554
552 552
550 536
547 531
561 544
542 545
536 525
533 518
548 531
530 532
521 516
513 509
530 522
520 524
515 505
510 501
518 512
503 512
502 497
498 493
512 508
494 510
491 490
493 486
505 499
490 501
479 483
477 478
496 495
489 502
494 489
506 492
521 516
526 515
533 521
556 527
564 548
558 542
571 546
589 548
596 569
586 563
581 561
600 560
609 576
596 565
591 562
599 556
600 570
587 558
580 556
593 553
589 564
581 552
577 546
587 541
587 556
560 541
557 536
570 530
572 544
556 531
547 524
560 519
559 532
541 518
535 515
541 509
541 522
529 508
526 503
537 500
535 513
516 499
512 495
523 492
530 511
512 494
504 487
516 484
515 499
500 488
495 485
499 479
507 494
493 482
494 482
513 485
516 506
518 503
524 509
549 517
565 543
555 535
563 537
581 537
589 556
581 546
580 542
601 541
607 557
594 545
594 542
603 538
604 552
586 538
580 535
595 534
599 550
582 534
578 529
588 527
588 543
570 529
562 523
572 519
574 535
557 522
553 516
562 510
558 524
539 509
533 506
547 504
548 518
529 502
525 497
538 498
537 513
519 498
511 493
524 492
529 510
513 496
510 491
520 487
519 502
503 490
498 488
512 487
515 501
496 486
494 483
507 495
508 499
494 487
497 489
524 512
543 528
541 524
551 530
574 550
586 563
580 560
584 563
606 580
617 588
606 579
610 581
627 596
628 598
610 584
605 581
621 594
624 596
605 578
600 571
612 583
612 587
595 571
588 563
600 573
602 575
584 559
579 553
590 561
571 560
564 543
558 539
572 550
558 550
552 530
546 525
558 538
543 540
536 522
529 515
542 528
529 532
526 516
521 510
531 519
516 520
510 507
506 502
521 514
507 513
504 496
501 493
515 506
500 506
493 488
488 483
503 497
492 501
489 480
491 473
511 490
508 503
519 501
529 509
557 532
556 544
565 537
573 543
596 562
588 569
589 558
591 561
613 581
605 588
603 570
600 565
613 579
599 584
593 568
588 563
602 577
589 583
574 570
570 570
585 584
570 583
563 564
559 559
575 571
561 570
555 548
550 542
563 554
548 554
540 535
534 528
548 541
535 544
532 525
529 519
539 528
523 528
518 513
515 510
530 523
515 524
511 504
508 500
523 513
508 512
501 492
496 486
512 502
499 507
496 489
493 483
509 500
502 510
510 504
520 511
548 534
545 546
552 536
560 541
583 562
574 567
573 555
577 557
600 578
591 585
589 565
586 559
599 574
583 577
578 559
574 553
588 566
573 569
571 552
582 547
582 560
562 545
555 541
565 537
567 552
552 538
546 530
554 525
555 540
538 527
531 522
539 515
540 528
527 515
526 512
535 506
532 518
513 505
507 503
519 501
521 516
504 501
500 496
510 493
512 509
495 496
488 492
498 486
502 502
490 490
487 486
496 481
495 495
478 484
473 483
485 480
491 497
481 487
488 492
513 501
529 528
527 525
534 530
559 537
575 563
570 557
575 558
592 559
599 581
590 575
590 575
606 574
610 589
594 576
592 573
604 571
602 584
583 568
576 562
590 561
593 576
575 559
569 552
577 546
577 562
559 548
550 540
560 534
561 547
544 532
540 527
549 522
546 534
525 518
517 513
530 511
532 526
513 508
507 501
516 498
517 513
499 498
491 490
502 484
505 500
489 486
486 481
496 475
493 489
475 475
470 472
484 470
488 484
470 468
464 462
477 462
480 479
468 468
470 471
497 479
517 509
516 506
525 511
548 516
557 539
554 538
557 538
577 540
583 557
570 547
572 548
588 562
588 564
572 550
564 545
578 559
583 565
567 547
561 540
572 552
573 556
556 542
548 535
561 546
564 549
544 534
539 528
551 538
547 537
527 521
520 516
535 530
539 532
520 513
513 504
526 517
526 520
507 503
502 498
515 509
517 512
500 497
498 493
511 503
495 505
488 489
484 486
501 500
491 503
487 485
480 478
496 493
484 495
480 480
481 480
506 501
508 517
522 512
533 518
560 540
557 550
562 541
569 545
593 565
588 573
591 560
592 560
614 580
602 582
594 563
590 560
606 573
594 577
591 558
586 552
594 561
580 565
575 550
570 545
583 557
568 559
564 541
560 536
572 547
554 545
547 529
542 526
554 538
539 539
532 517
528 510
539 523
524 525
515 505
508 499
522 510
507 512
504 495
499 489
510 500
492 500
483 482
481 479
497 495
483 497
477 476
473 473
487 489
472 490
464 469
460 463
476 478
465 484
469 471
473 471
496 494
495 507
504 503
517 512
546 536
542 547
545 532
552 537
574 557
564 563
561 548
561 548
583 567
571 572
569 554
562 546
575 559
558 561
552 545
551 543
566 555
552 557
548 539
548 538
561 550
544 549
534 529
533 526
549 541
535 544
530 521
525 516
540 532
524 534
516 513
514 509
528 522
511 523
510 507
520 502
520 514
503 500
497 497
507 493
512 508
497 495
493 490
503 486
505 501
490 490
484 486
493 480
498 497
491 492
500 497
521 498
534 523
529 520
537 529
563 538
576 559
566 549
570 551
588 555
594 574
582 563
581 562
593 558
599 577
584 563
582 558
591 552
590 564
574 554
569 552
583 548
584 562
567 547
563 544
573 542
571 555
551 539
541 531
552 527
558 545
542 528
536 518
544 513
543 527
525 514
519 508
530 502
532 515
515 501
513 499
525 495
525 509
507 496
497 491
510 488
515 505
498 489
492 481
502 478
507 496
488 482
481 475
492 471
494 486
477 472
476 469
488 464
491 480
481 473
485 476
513 481
528 506
516 497
516 500
530 505
531 524
514 506
513 493
535 482
560 486
574 448
598 403
631 353
654 313
664 255
694 224
740 202
762 192
751 144
757 138
765 144
764 161
754 145
747 142
762 156
760 200
755 211
746 231
738 246
720 283
689 298
671 317
667 331
652 359
619 356
607 366
610 387
598 391
569 370
564 358
588 367
603 361
595 332
599 321
612 338
609 354
586 352
574 355
577 375
569 390
541 387
533 391
537 407
524 414
495 410
483 423
496 456
493 483
465 500
452 530
464 577
467 611
452 622
448 633
466 655
480 668
477 656
487 651
506 660
495 665
488 657
481 659
496 672
481 674
473 658
467 654
484 665
478 661
476 639
465 633
473 650
459 659
457 642
460 624
485 616
484 600
493 572
505 553
535 548
531 530
538 500
545 483
569 485
560 470
554 406
578 382
624 395
628 398
632 380
626 387
626 414
597 440
565 450
534 466
524 502
482 533
452 540
425 559
420 590
389 605
369 602
357 607
375 633
376 643
386 631
398 642
420 672
412 690
412 687
414 691
436 716
425 729
427 720
427 722
444 738
432 741
429 727
425 721
443 735
432 731
431 703
432 694
449 708
437 708
432 692
428 687
443 702
426 702
426 678
424 669
438 683
419 681
411 663
406 651
429 659
420 651
421 616
430 599
454 602
450 595
450 575
447 563
467 571
458 574
455 552
456 538
473 551
461 556
451 540
446 532
465 550
446 558
438 542
434 540
445 559
427 565
417 557
408 560
418 585
398 598
396 592
394 602
410 631
405 644
416 639
431 647
464 676
461 689
465 677
486 678
496 700
490 691
490 685
510 680
522 695
513 676
520 663
539 654
540 673
517 665
507 662
516 658
519 674
501 659
496 655
508 651
508 667
491 649
483 643
488 639
488 654
469 635
466 624
477 613
478 624
462 603
460 593
475 585
480 599
462 580
458 571
472 563
473 573
459 557
451 552
461 550
462 566
446 551
442 543
450 539
448 558
432 546
424 544
431 542
429 562
408 551
402 549
415 548
411 566
388 553
380 549
400 551
413 572
409 564
420 570
453 578
471 605
469 597
478 600
498 602
511 625
505 616
514 617
533 617
535 635
521 623
519 620
537 616
541 631
522 613
518 606
535 605
535 621
518 605
513 600
524 596
528 612
514 596
509 587
521 582
517 598
498 586
492 579
505 573
506 590
483 571
480 566
494 561
493 576
473 559
465 553
478 550
483 566
467 549
461 542
474 539
471 555
458 543
454 539
465 533
465 549
447 531
447 525
463 523
460 536
441 520
438 516
462 519
480 542
480 534
491 536
520 557
537 568
535 559
542 558
566 574
578 581
570 567
578 566
601 581
602 583
587 567
585 560
603 571
606 569
588 548
584 539
602 550
602 547
589 528
580 513
601 517
608 513
597 489
597 479
612 488
609 486
589 469
585 462
600 471
599 471
580 452
576 447
591 460
575 459
575 445
564 443
577 460
559 469
551 455
542 453
551 471
533 475
525 467
514 461
529 477
511 480
505 465
501 464
515 477
502 480
491 469
482 469
496 487
482 493
477 477
473 476
497 497
496 509
506 502
516 507
550 532
550 544
561 537
572 540
598 561
592 568
596 557
600 558
626 578
616 584
613 568
609 564
624 580
610 580
604 561
595 555
611 568
596 568
596 548
595 540
608 552
590 549
585 531
579 524
594 530
583 528
575 503
572 494
585 501
572 493
567 467
570 439
623 411
635 392
644 355
660 333
689 332
690 322
695 294
701 275
735 277
731 278
730 266
716 272
709 297
674 316
655 324
635 336
634 362
603 376
588 369
579 377
590 393
574 395
558 385
549 396
564 429
556 453
559 452
560 464
578 497
569 519
571 521
572 531
588 556
576 571
577 564
578 571
585 589
572 595
568 583
562 581
569 593
554 595
562 576
560 568
576 581
563 583
551 562
553 557
571 571
556 574
556 556
559 549
565 564
552 551
547 549
559 548
557 561
543 548
545 545
555 542
558 559
538 545
533 541
550 538
553 552
539 541
534 536
542 527
539 536
519 521
513 516
522 510
524 521
506 503
502 497
511 493
513 506
499 495
494 490
512 492
530 519
531 520
543 524
566 528
575 548
572 546
579 552
597 553
605 570
595 558
603 566
623 566
627 584
611 570
602 564
612 561
618 580
605 570
597 561
605 555
602 568
586 557
581 553
591 547
590 559
572 544
569 542
579 537
575 549
552 531
543 526
554 525
557 541
538 524
529 516
537 512
537 529
520 516
512 507
521 500
522 514
507 501
504 497
513 489
510 500
491 485
486 483
501 482
503 495
485 479
480 474
493 475
497 492
481 479
473 471
484 468
489 485
480 475
486 476
506 477
517 500
513 497
522 503
547 509
557 527
546 517
550 519
570 522
577 542
562 529
559 526
575 527
582 545
564 528
558 519
566 514
566 530
550 517
546 513
559 508
562 521
543 506
543 503
555 513
553 513
532 496
524 491
539 505
544 508
525 490
518 482
529 493
530 498
514 485
508 479
521 488
524 491
508 478
507 475
520 485
518 486
498 473
494 474
511 490
515 493
495 475
490 472
503 486
506 491
490 477
484 470
500 484
513 495
507 490
518 496
543 516
541 528
549 526
556 532
583 551
578 556
582 544
586 546
607 564
600 570
596 554
590 548
606 562
596 568
595 552
589 544
598 555
583 558
580 546
578 542
591 552
575 552
571 536
567 533
580 545
563 543
552 524
545 518
560 532
547 535
543 515
535 506
546 517
532 521
527 506
521 499
533 509
517 511
515 496
514 492
525 502
507 501
500 484
497 480
515 496
501 498
496 478
491 473
503 487
491 491
487 474
481 467
495 480
486 489
493 478
502 482
527 503
526 516
534 513
546 522
575 545
570 554
575 543
580 547
603 569
596 576
595 563
593 561
612 578
601 585
599 565
593 557
603 567
587 569
581 555
578 551
591 563
573 563
568 543
565 540
577 552
559 550
548 530
541 523
556 538
541 540
536 517
528 507
538 519
522 522
515 506
509 500
521 510
503 511
500 492
496 488
508 499
489 496
481 477
478 474
495 490
482 491
476 469
471 463
485 477
471 481
465 462
461 456
474 470
460 475
460 458
474 457
480 473
473 469
480 477
508 487
527 515
524 511
530 516
550 522
562 547
555 542
556 541
575 544
582 563
572 555
572 553
583 548
581 560
564 548
560 546
575 544
578 558
562 543
557 538
570 537
572 553
555 540
546 533
555 529
559 547
543 534
538 528
545 521
543 534
525 523
521 520
531 515
531 527
513 512
509 509
520 506
520 520
500 504
491 498
503 496
508 514
492 499
486 492
494 487
494 503
478 492
473 488
484 483
489 500
481 493
492 500
516 505
528 528
521 524
527 530
551 538
565 561
556 551
557 552
575 556
583 579
571 569
568 565
580 560
583 576
569 563
566 558
576 551
575 564
557 550
552 547
567 545
569 558
550 540
545 534
557 533
557 548
538 532
529 523
540 519
544 536
528 522
523 514
531 507
530 521
513 507
509 505
523 503
525 516
506 501
506 501
524 504
530 523
516 512
512 511
529 513
538 534
523 520
518 513
527 509
527 525
508 512
501 505
510 499
510 510
490 495
491 493
510 507
517 512
508 502
513 507
541 531
557 542
546 533
547 535
564 557
570 569
558 561
557 559
573 574
579 580
563 568
562 565
573 573
570 573
550 557
547 554
564 567
568 567
548 546
542 538
553 547
552 548
529 527
517 515
525 522
525 523
505 503
498 494
504 499
485 497
477 481
471 477
484 487
468 485
462 465
458 460
471 471
458 471
450 451
444 445
458 459
447 464
446 447
440 439
450 449
436 451
432 439
428 435
442 445
427 447
425 431
424 429
441 444
430 447
430 436
436 441
465 467
466 480
473 470
478 471
500 491
496 502
499 494
503 494
523 510
515 518
519 506
522 505
537 518
521 518
515 501
513 500
532 516
520 518
517 498
513 494
528 508
516 512
511 495
505 488
518 502
505 507
503 489
499 483
510 492
494 492
488 478
485 474
501 488
486 488
480 469
478 466
492 481
478 482
471 463
466 457
482 472
471 478
470 459
465 451
477 464
463 466
458 453
456 448
472 461
457 463
455 446
457 447
478 466
470 473
474 463
482 470
513 496
511 510
517 496
522 498
542 519
535 529
538 520
542 520
562 537
552 544
553 529
554 528
567 541
549 540
542 523
539 521
558 537
544 539
540 517
536 513
549 528
535 531
528 512
522 504
537 518
521 522
519 503
528 497
527 508
507 495
501 492
512 489
516 503
498 487
493 481
503 478
505 494
490 481
482 475
490 470
495 488
481 477
479 473
487 467
485 481
468 470
463 468
477 465
479 480
462 464
459 462
471 461
473 476
457 464
451 461
468 462
482 486
479 482
488 486
508 490
519 514
514 511
518 514
539 516
548 536
540 528
544 531
563 532
567 549
552 536
547 533
560 532
567 550
551 534
546 528
557 524
558 541
544 530
538 525
549 520
552 536
534 522
532 519
544 514
542 525
522 510
516 506
530 505
534 521
515 504
510 498
520 496
521 512
505 499
497 492
508 487
512 504
499 493
495 487
505 482
503 495
486 483
481 480
496 479
499 494
481 478
477 475
491 477
491 492
477 480
476 479
499 486
515 514
511 509
518 513
538 517
545 540
537 535
541 538
562 541
570 561
558 550
560 552
576 553
579 569
559 554
551 550
566 551
571 569
554 553
548 547
558 545
558 562
542 550
537 546
550 543
554 559
538 547
540 549
557 563
558 565
541 551
537 547
554 559
559 561
540 540
535 530
547 538
548 539
531 523
525 514
538 523
542 527
525 512
522 508
531 519
527 521
508 507
503 504
523 515
530 513
511 496
507 495
518 512
518 519
495 504
481 498
489 510
487 514
470 500
468 499
484 515
477 525
482 521
487 526
512 546
505 554
508 543
513 546
535 564
528 571
526 557
524 554
544 571
536 577
535 559
530 550
542 560
529 563
526 548
522 542
537 552
523 555
521 538
519 534
532 545
515 544
507 526
500 521
517 535
504 537
499 517
493 510
504 523
491 526
486 510
480 503
493 514
481 518
481 502
480 497
492 506
476 506
470 491
468 489
486 503
473 505
469 485
465 481
479 496
467 500
463 483
456 475
472 490
461 495
462 479
462 475
479 490
472 498
480 493
490 500
519 523
515 533
521 521
527 525
550 546
543 552
542 538
542 536
564 555
556 562
556 544
552 538
564 549
549 551
545 536
543 531
559 543
544 545
542 527
540 525
554 537
537 536
528 516
524 512
541 529
526 532
521 509
515 502
527 515
512 518
506 501
502 494
515 507
499 511
497 493
495 489
507 500
489 498
482 481
481 479
499 495
483 496
478 474
474 469
489 485
474 488
467 470
462 463
477 479
464 484
462 466
472 461
473 477
457 466
459 469
486 478
502 502
500 497
507 500
529 507
543 531
538 526
540 526
558 527
570 551
563 545
567 546
581 544
585 561
568 550
563 546
574 542
577 556
560 542
557 539
570 538
572 552
553 537
546 532
555 527
559 544
543 529
536 520
544 513
544 527
527 516
520 510
531 504
531 516
513 502
510 500
521 496
519 507
499 492
492 488
503 484
508 500
490 484
485 477
495 474
496 490
483 482
475 476
484 470
486 486
469 472
467 469
478 464
478 477
460 464
456 462
474 463
485 483
476 473
483 478
506 487
519 512
512 507
514 509
534 513
546 538
538 531
542 531
558 529
562 547
547 538
545 536
560 534
564 548
546 532
544 529
558 528
559 543
541 527
534 522
547 520
552 539
535 523
530 515
538 510
537 524
519 511
514 505
525 501
526 516
506 499
503 496
515 492
514 506
494 488
486 483
501 482
505 499
487 481
482 474
492 470
494 487
477 474
471 468
483 465
486 481
469 466
466 463
477 473
476 473
457 460
455 460
477 479
489 488
481 478
487 483
510 503
521 514
512 506
512 505
533 522
545 534
534 525
538 525
557 541
556 543
539 532
536 529
553 543
556 544
537 527
534 524
549 537
550 540
533 526
524 518
537 531
542 538
525 521
520 514
529 524
514 526
508 513
503 508
517 518
502 520
497 502
494 499
507 511
493 511
485 494
478 488
494 503
482 507
480 488
474 480
485 491
472 494
468 480
464 475
477 487
463 490
460 475
458 473
471 484
455 484
449 469
443 465
462 482
453 487
454 471
457 471
478 491
476 502
481 493
484 494
507 513
501 523
508 512
512 513
530 527
519 533
518 521
517 521
537 537
524 540
521 522
519 519
536 535
525 539
521 523
518 518
535 534
526 541
527 525
528 523
544 538
536 546
538 538
541 541
561 556
546 557
540 537
534 531
545 541
525 537
512 513
501 504
513 516
496 517
489 493
481 483
490 493
474 494
467 478
462 472
477 484
462 486
460 468
460 465
476 479
462 480
458 465
459 465
486 488
481 497
488 484
495 486
518 509
514 519
517 507
521 507
544 527
537 535
543 522
547 521
568 535
557 538
555 524
557 523
578 541
563 543
560 526
558 524
573 541
559 544
552 526
548 521
565 538
550 544
547 525
557 520
555 532
538 520
533 518
543 514
547 528
530 512
525 507
536 502
537 516
520 502
513 495
523 490
526 508
511 496
508 491
517 485
516 499
501 490
496 487
510 485
513 500
497 487
494 485
505 484
505 498
486 485
478 481
489 479
494 498
479 485
478 483
494 484
502 506
497 504
504 508
529 513
545 538
541 535
552 542
577 548
589 571
583 566
588 572
610 576
621 598
606 583
602 577
610 572
608 585
588 570
578 561
586 554
586 569
567 553
563 547
571 541
566 551
546 536
538 530
549 526
551 541
531 522
525 517
535 513
535 528
516 513
508 507
519 504
522 522
505 507
502 501
510 495
508 509
489 495
483 491
496 480
502 495
483 480
477 476
487 474
486 489
466 473
459 468
474 469
483 490
474 480
479 480
497 484
506 507
497 502
499 505
517 506
528 525
517 514
520 515
538 516
542 533
527 520
522 518
538 518
545 537
528 521
525 516
537 514
537 532
522 520
516 515
531 513
535 530
518 516
516 512
527 522
526 522
507 508
501 503
518 516
522 519
504 500
500 495
512 507
513 510
495 495
488 490
501 502
505 507
488 491
485 486
496 496
495 498
476 484
470 480
486 493
489 495
469 477
465 474
477 485
477 487
457 470
449 463
464 476
470 481
457 467
461 466
481 483
478 494
482 489
487 492
512 512
506 520
509 508
513 510
533 527
525 532
523 518
522 517
541 534
532 539
530 520
526 514
539 526
527 531
523 517
519 511
535 524
521 527
519 510
516 505
528 515
511 513
503 495
496 490
511 503
498 505
493 484
486 478
498 490
484 493
477 475
470 469
484 482
471 487
469 469
465 464
476 474
459 474
451 459
448 456
462 468
447 469
442 449
438 445
452 459
437 461
431 444
426 439
445 456
437 465
441 450
448 452
473 473
473 487
482 484
492 491
521 514
517 525
525 516
533 522
558 543
553 552
555 541
559 544
584 566
577 573
579 556
578 552
595 565
585 569
584 554
585 549
604 562
591 566
591 548
590 545
604 558
588 557
581 539
577 537
594 554
578 554
575 529
573 519
586 531
572 534
566 520
557 517
566 535
545 543
539 529
531 529
538 544
515 547
503 535
497 537
508 557
487 562
477 544
470 543
480 561
463 565
454 547
447 541
461 556
446 558
444 541
454 535
454 547
442 540
446 545
470 551
486 575
481 569
489 572
510 577
523 599
515 591
515 590
533 590
545 611
537 603
539 600
552 594
553 607
540 596
537 593
550 587
554 601
538 585
538 582
550 579
552 593
534 578
526 571
538 566
542 582
526 566
522 558
530 551
529 565
513 552
507 546
517 540
519 553
501 540
499 536
511 533
510 544
490 529
483 524
495 522
500 538
484 523
480 515
490 510
492 527
476 513
471 507
482 501
485 516
471 503
469 500
481 495
483 508
471 497
476 501
502 507
519 533
514 525
522 529
544 535
556 559
546 551
545 550
563 552
574 574
564 564
565 562
577 559
577 574
561 562
557 559
573 556
578 571
561 555
560 551
576 550
578 565
560 549
553 542
567 542
573 561
559 549
559 546
571 544
573 561
558 550
556 545
572 541
576 555
561 541
561 540
576 540
575 553
553 533
544 525
556 521
556 533
534 507
530 494
539 489
535 506
514 490
505 481
514 475
512 486
492 469
487 462
500 467
502 469
488 460
492 464
519 486
536 499
526 491
528 495
548 516
553 526
540 517
535 515
552 531
558 539
545 527
545 525
557 534
555 536
535 521
530 518
546 530
548 531
529 513
525 509
539 522
540 523
520 506
512 498
526 510
529 514
512 496
507 489
516 497
501 499
495 485
490 480
503 491
488 492
483 474
480 471
492 483
477 483
469 465
461 460
477 474
465 477
462 458
456 452
466 464
452 468
447 453
440 448
454 459
441 462
439 447
437 444
449 455
433 457
429 444
430 445
458 469
459 482
470 473
480 480
506 502
504 515
510 508
513 508
536 527
530 538
537 527
540 529
557 543
544 548
540 535
538 532
556 547
543 550
541 530
540 528
556 543
544 547
538 530
533 525
550 541
538 546
537 528
532 522
542 531
527 533
522 518
519 513
534 525
518 526
513 506
511 502
524 515
507 516
499 496
493 492
510 508
497 512
493 492
488 485
500 497
486 499
482 483
478 477
491 489
476 492
473 475
473 473
490 488
481 494
485 485
495 492
528 519
527 530
534 519
539 522
560 543
554 553
555 542
558 541
579 559
568 566
570 551
570 548
583 560
565 559
559 543
557 540
575 556
560 556
557 536
553 532
566 547
551 548
543 528
539 522
554 539
539 542
538 525
545 516
542 527
523 514
516 510
526 506
529 519
511 503
506 498
515 494
516 508
499 494
491 488
500 482
505 499
490 486
488 481
497 475
496 488
480 477
476 475
488 471
492 486
476 472
475 470
488 468
493 484
481 475
484 478
510 485
532 516
534 514
546 521
570 528
585 555
582 555
588 560
611 563
622 585
611 577
615 579
629 577
629 589
608 573
598 566
607 561
608 575
587 555
578 547
585 541
582 555
563 540
554 531
562 521
564 534
547 517
543 509
553 500
549 510
530 494
523 487
536 482
539 495
521 475
517 467
528 462
531 473
515 454
512 436
530 432
535 452
516 440
513 436
521 432
519 448
502 436
497 432
513 429
517 444
498 427
496 423
509 422
509 437
492 423
488 420
510 423
527 449
523 443
536 444
564 448
579 470
576 465
582 470
600 486
602 511
588 501
593 500
614 497
625 503
623 472
633 446
674 411
700 418
692 394
693 383
710 376
714 392
700 379
697 371
712 367
716 383
697 370
695 370
704 382
698 387
667 384
655 384
669 397
672 399
650 377
645 368
659 377
662 381
645 364
639 355
655 369
663 382
647 373
645 371
655 380
653 382
637 375
636 378
653 395
652 395
629 379
624 377
637 393
639 400
622 383
627 384
656 410
678 431
671 425
676 430
691 449
683 463
680 462
683 468
699 483
689 489
690 471
692 448
722 470
707 475
694 465
685 474
695 503
675 519
662 507
651 510
651 528
633 544
617 534
605 525
616 531
599 529
605 525
591 524
593 531
570 521
562 490
566 471
595 473
587 446
605 426
610 419
629 435
619 443
613 430
609 426
620 438
605 445
604 432
600 428
608 436
589 434
582 423
582 425
598 442
580 444
571 420
564 417
576 432
559 436
545 416
541 412
562 432
562 453
570 445
581 455
599 474
594 490
599 489
607 497
630 516
621 522
622 506
627 510
647 529
633 531
627 515
624 510
645 534
629 540
625 521
615 513
623 530
608 538
597 523
591 516
605 525
586 525
586 513
582 518
585 524
562 517
551 494
551 490
573 510
554 506
546 479
540 470
551 479
538 480
531 461
528 450
544 462
529 464
531 450
531 451
536 457
517 456
512 442
513 442
529 460
511 460
505 438
502 437
514 455
497 458
488 439
483 429
502 450
493 459
497 449
513 451
521 472
518 473
530 485
559 499
569 521
557 510
562 515
581 522
587 544
578 541
569 535
584 533
590 549
577 537
574 532
579 522
577 534
561 520
558 519
567 508
552 500
553 502
558 507
573 508
575 528
552 511
546 508
557 504
562 523
544 510
535 500
544 496
543 509
528 502
523 500
531 493
532 507
515 492
513 492
524 489
520 498
497 479
496 478
516 480
522 498
501 479
494 473
505 469
510 490
493 478
491 477
510 479
526 505
526 505
539 517
562 525
566 543
558 536
568 546
595 558
604 582
586 567
588 568
605 572
608 593
589 580
578 569
591 565
598 584
582 571
579 566
583 557
579 569
563 557
560 556
575 555
570 561
549 542
548 539
560 537
555 548
531 528
524 520
540 518
543 535
524 518
516 510
522 500
522 515
507 505
502 501
514 497
514 511
497 495
500 496
513 498
511 513
500 509
490 497
507 497
509 513
489 494
480 481
493 474
496 491
479 478
471 469
485 468
505 502
506 506
521 521
545 544
551 552
547 553
554 559
581 584
589 592
574 577
577 577
597 595
602 604
585 590
579 581
596 594
602 597
588 582
583 577
589 581
584 578
565 564
564 562
580 577
577 576
555 556
552 552
565 566
562 567
538 546
532 538
549 551
558 559
547 549
535 532
539 531
523 526
519 510
515 505
529 516
512 513
512 495
512 493
525 504
507 502
498 482
495 476
516 494
502 497
527 509
519 524
496 513
484 514
473 487
468 475
492 490
481 490
494 484
511 496
535 519
531 529
534 521
545 530
576 557
568 566
564 544
558 537
589 570
586 585
585 573
583 567
599 580
586 584
588 569
583 564
594 573
576 569
572 555
573 555
591 571
574 571
568 548
565 546
577 560
560 563
546 544
535 534
544 542
525 543
520 525
510 518
516 527
501 531
500 521
502 521
519 536
502 535
501 514
501 512
514 525
497 522
485 498
483 492
501 510
490 516
487 495
479 485
493 498
487 508
494 505
505 512
533 537
531 550
543 544
554 552
576 572
567 577
571 567
582 573
611 599
599 605
598 585
596 579
609 593
597 597
592 579
586 570
600 582
586 583
588 568
585 563
593 572
574 569
569 552
571 551
587 567
566 564
559 540
553 534
566 549
547 549
537 528
531 519
548 535
533 537
530 519
534 511
524 516
505 504
501 504
513 506
513 523
492 506
487 502
500 503
501 521
484 510
473 501
486 497
494 519
485 511
485 511
496 507
489 515
471 501
474 504
496 507
509 527
505 520
522 531
551 541
565 565
554 554
556 552
581 558
592 584
582 578
583 578
597 578
600 598
588 591
585 589
599 585
599 596
582 579
581 577
593 575
588 585
566 565
560 560
579 562
582 579
561 561
550 549
558 542
558 558
540 547
531 538
539 529
540 544
525 531
523 530
528 523
519 530
498 514
493 513
509 516
511 533
489 511
484 506
497 505
499 524
479 509
471 501
485 496
492 516
479 504
476 499
485 491
484 502
473 492
479 495
505 503
520 528
514 522
527 532
554 542
562 566
551 557
554 556
577 561
591 586
578 573
577 571
587 564
588 579
572 568
568 563
582 559
573 565
554 552
554 554
567 555
562 567
538 549
532 544
551 546
555 564
532 545
524 535
533 529
532 545
513 531
505 523
516 517
517 531
502 519
499 515
507 521
502 516
482 499
480 494
499 510
501 510
478 488
472 481
487 495
487 498
466 483
460 475
476 487
482 493
467 478
463 473
471 479
468 478
452 465
456 467
482 490
495 501
490 494
505 505
536 533
550 546
540 538
545 539
574 563
588 577
578 568
580 568
595 581
586 586
586 576
585 573
599 585
582 584
579 565
578 563
592 577
574 574
564 555
560 548
581 566
567 570
562 549
552 537
561 545
545 547
538 531
532 524
544 533
526 532
526 517
524 514
533 523
511 516
502 497
501 493
522 511
506 512
500 489
494 480
507 491
493 494
483 477
475 468
490 482
477 488
477 474
473 469
480 476
460 473
454 459
455 460
472 477
456 478
452 458
455 459
479 483
478 499
485 495
495 501
527 532
529 550
538 544
542 547
559 563
551 570
553 562
560 567
580 586
566 588
564 570
563 568
576 582
557 581
548 560
545 554
565 572
553 580
549 560
541 551
552 562
537 564
531 548
528 542
540 554
523 554
521 535
518 533
528 543
507 539
499 519
498 514
518 532
503 533
497 508
491 499
504 512
489 514
482 497
479 490
494 502
480 503
479 486
477 481
486 490
466 486
459 469
461 468
479 486
464 489
465 472
472 476
501 504
502 520
509 512
519 516
546 542
540 555
545 546
559 549
562 569
552 564
553 568
574 571
579 588
561 570
558 564
570 560
570 575
551 560
542 551
555 547
562 567
549 556
544 550
550 540
548 551
531 538
526 535
540 531
539 540
521 521
520 518
534 516
535 527
516 508
507 496
524 493
532 513
516 497
509 488
515 479
514 493
499 483
492 480
503 475
504 489
488 475
489 474
501 471
496 482
475 463
469 457
485 457
484 473
461 456
451 450
458 446
458 466
446 462
447 467
471 475
491 507
489 508
499 518
519 522
524 541
514 534
518 539
542 546
552 568
538 554
540 553
556 552
559 568
541 551
534 541
550 537
557 554
543 541
539 535
546 526
543 539
527 526
523 522
538 521
538 533
518 514
515 510
528 508
526 522
504 503
496 494
513 492
520 512
503 495
499 487
508 479
507 491
492 478
488 473
499 467
500 480
483 464
482 463
494 464
493 477
472 458
468 450
488 452
493 470
473 452
463 441
469 435
470 456
453 448
453 451
477 461
492 488
491 490
504 504
527 528
533 538
523 533
530 539
560 564
572 574
561 561
564 560
585 577
591 584
573 568
567 558
581 568
580 568
562 554
555 551
561 559
555 558
537 546
538 544
554 556
551 551
523 520
521 520
537 536
537 537
513 516
505 505
519 516
523 522
505 505
498 497
506 503
491 503
488 492
494 495
521 513
500 503
493 477
490 471
501 482
483 481
472 461
467 455
487 475
474 482
470 464
463 457
473 467
458 470
452 460
448 458
470 481
467 497
481 499
494 514
523 545
519 557
525 552
534 559
562 586
553 595
554 580
555 580
577 604
563 609
557 594
551 587
568 602
555 603
552 583
543 574
543 580
529 589
525 576
525 573
545 587
531 585
531 563
531 554
547 564
535 561
531 538
528 525
549 536
539 539
541 521
536 512
545 520
528 520
521 505
519 503
533 516
511 511
504 487
500 482
510 492
489 488
476 466
471 459
489 476
476 481
471 460
461 449
472 461
457 463
453 449
451 444
464 456
448 458
451 446
460 455
486 482
483 494
492 489
508 500
544 534
542 548
546 534
550 534
570 554
563 565
564 556
566 553
584 569
573 572
575 556
572 552
580 560
559 556
555 539
556 538
575 558
558 557
551 533
547 528
562 544
545 543
534 523
530 514
545 529
529 531
526 513
533 505
524 512
508 502
513 503
535 500
539 508
518 483
512 471
523 462
515 470
492 458
483 455
495 453
504 476
493 469
493 469
499 460
493 468
476 456
472 455
483 452
482 466
462 451
463 453
483 461
491 485
485 485
491 492
520 504
540 536
535 534
537 537
553 536
560 558
553 556
555 558
574 560
578 576
563 561
563 559
576 557
571 566
550 548
547 544
566 544
573 563
551 544
544 536
552 529
552 545
534 532
525 525
534 518
536 534
519 520
517 518
525 512
518 520
498 505
494 500
508 497
504 509
487 497
485 495
500 492
503 509
486 493
478 483
493 477
499 493
485 479
481 474
486 465
481 475
464 463
460 461
476 462
476 475
455 456
452 454
466 456
470 478
459 472
466 478
501 494
527 531
525 527
535 534
557 540
564 561
557 557
563 561
585 565
593 586
581 574
584 576
600 578
603 596
580 578
576 574
598 580
605 602
585 586
578 579
588 574
586 589
566 574
556 565
566 559
565 572
546 554
543 549
550 556
543 552
521 532
516 525
533 540
535 541
510 519
503 511
513 520
512 522
490 506
482 497
495 507
499 510
484 495
480 491
486 497
480 494
460 478
455 475
473 493
474 492
453 470
451 464
466 479
467 480
446 461
444 452
470 471
488 488
486 484
494 492
520 515
520 525
527 519
537 525
559 544
552 551
554 535
557 536
576 554
562 557
552 538
547 532
568 549
560 555
560 536
555 527
570 534
563 534
565 520
574 519
596 529
579 522
579 502
593 525
593 544
556 529
546 521
530 537
527 571
492 590
466 580
440 583
433 607
390 640
351 649
316 665
307 692
285 699
283 679
288 667
305 680
282 684
277 660
283 643
310 648
304 642
311 604
319 584
345 585
350 576
364 552
382 542
423 554
437 562
463 544
484 536
514 540
518 538
533 526
549 525
579 537
574 535
578 508
587 507
608 522
597 526
586 512
578 516
588 555
540 592
503 606
463 628
444 666
405 690
377 692
356 699
358 720
332 727
321 709
314 707
325 721
305 718
298 684
299 675
318 692
306 697
300 675
293 671
302 686
285 686
282 665
281 655
300 665
289 662
292 639
298 633
313 641
298 637
294 615
296 612
316 630
304 628
302 606
301 598
317 609
307 607
307 587
313 581
342 600
343 608
361 600
389 605
406 629
405 626
413 630
436 632
451 651
447 640
453 639
473 639
480 657
471 645
469 638
481 630
487 645
473 629
472 621
484 614
484 625
467 609
463 603
476 596
480 609
463 592
459 585
470 579
471 592
452 574
446 565
454 556
457 572
441 554
438 546
448 539
447 550
430 533
424 524
437 517
441 528
426 510
425 504
438 498
440 512
421 495
414 490
427 488
431 508
414 492
411 485
422 480
422 494
406 481
402 475
416 471
425 490
418 480
429 485
457 491
474 512
474 509
481 515
508 522
523 547
516 538
521 539
541 543
548 565
537 555
533 553
548 549
554 569
538 554
536 551
549 547
550 562
532 548
529 546
544 543
549 561
531 544
527 541
539 538
538 552
520 536
511 528
523 524
526 542
508 526
503 520
513 515
511 534
490 524
481 520
492 517
494 531
477 514
474 508
487 505
487 519
470 502
466 496
484 496
491 515
480 499
480 495
494 492
498 509
485 499
485 499
510 504
526 527
528 521
543 528
572 551
585 558
580 543
591 545
618 566
629 576
618 567
618 570
633 589
632 598
612 586
604 582
615 595
613 598
593 582
588 578
598 589
594 589
573 572
565 565
580 576
581 577
561 557
554 550
564 559
562 558
539 539
529 529
539 537
534 536
512 515
502 505
508 511
486 508
475 488
463 480
474 488
455 487
448 465
441 457
452 466
435 464
428 446
420 439
435 453
421 457
418 440
414 436
426 447
412 450
409 436
405 433
423 448
413 453
417 441
425 446
454 471
457 488
468 485
479 494
511 521
512 536
521 526
528 529
550 548
544 557
547 547
547 545
567 561
556 563
555 543
554 536
568 546
553 543
548 525
544 516
566 528
556 529
554 509
550 504
563 518
547 519
540 503
534 486
557 493
547 490
550 466
550 457
565 465
550 465
543 450
537 448
553 466
536 468
531 450
528 448
541 466
524 471
515 458
506 458
521 478
505 487
500 474
494 474
504 490
487 495
481 483
476 481
493 498
477 501
473 486
470 485
484 502
469 506
466 494
470 498
500 526
500 541
512 533
521 539
544 561
538 569
542 559
546 560
571 581
560 587
562 574
564 573
579 589
563 588
556 566
555 559
577 574
563 575
559 557
555 550
570 564
554 565
549 546
544 540
559 555
541 555
536 537
545 532
543 544
524 531
515 526
524 522
527 538
509 523
503 517
511 512
510 527
493 515
485 510
494 504
496 520
479 507
475 503
485 498
483 512
464 498
457 495
469 489
475 503
459 489
454 485
464 482
463 498
445 485
437 481
448 477
455 497
448 487
460 491
488 496
507 524
507 523
518 530
544 534
559 560
553 553
559 555
582 558
592 580
581 570
578 569
594 569
596 587
579 572
573 566
582 561
580 575
561 561
553 555
562 550
562 565
542 548
536 542
546 537
541 549
519 532
508 525
517 519
517 535
498 517
490 509
499 504
497 518
477 502
468 496
479 490
480 506
461 489
457 484
467 480
465 493
447 478
440 473
453 470
455 486
437 470
432 464
443 461
443 477
425 463
417 457
429 450
434 461
424 440
426 429
441 418
445 429
432 415
435 414
462 419
483 448
486 449
503 460
532 473
547 501
538 496
542 498
569 505
583 533
575 527
578 532
594 538
596 562
575 550
570 550
581 546
585 560
569 543
568 541
582 552
579 553
560 541
551 537
564 551
566 557
546 541
537 536
547 549
542 551
520 537
510 533
522 544
521 548
502 530
497 527
509 539
504 539
485 524
474 517
489 530
489 533
471 514
465 508
477 519
476 520
456 503
449 496
465 507
466 508
450 490
446 484
459 495
443 495
438 481
438 480
465 502
467 517
482 512
497 521
528 547
530 559
538 553
542 555
569 576
564 586
570 574
574 574
591 589
579 593
574 577
569 572
585 585
569 586
565 566
560 561
574 573
558 573
551 556
543 549
558 563
543 564
539 544
533 536
543 547
526 547
519 529
512 523
528 537
511 537
506 517
501 511
513 523
495 523
486 505
479 498
494 512
478 511
478 482
479 468
497 474
488 471
487 450
484 439
504 450
490 451
489 432
486 431
494 448
472 453
460 441
449 439
463 458
447 465
448 454
455 461
484 491
487 511
500 512
512 522
544 551
543 566
553 557
561 560
584 582
576 591
577 580
579 581
602 601
588 604
584 585
580 581
592 595
575 595
568 577
563 572
580 588
565 589
561 569
557 563
568 575
549 576
540 557
534 550
549 564
532 563
528 542
525 537
537 551
519 550
512 532
507 527
524 542
507 542
503 522
498 516
510 530
493 531
485 512
480 505
496 520
477 518
474 498
485 494
484 507
466 493
459 487
469 482
473 497
458 476
460 464
476 455
487 471
485 463
497 470
526 482
546 517
546 520
556 532
579 540
589 564
580 560
581 564
600 567
609 591
596 580
595 578
607 575
607 591
589 577
581 572
591 567
594 584
578 569
574 566
584 562
581 577
560 564
551 560
559 555
558 571
537 554
529 549
538 544
533 557
517 531
514 518
529 507
535 521
519 501
516 493
526 484
525 496
508 481
501 475
514 469
515 482
498 468
491 467
500 466
496 483
475 472
464 470
472 468
475 484
458 467
455 459
468 454
473 471
468 463
480 468
513 477
538 510
541 511
556 522
583 531
595 556
588 552
592 557
615 564
626 589
616 578
616 578
630 579
631 597
612 582
605 576
616 571
617 589
599 574
596 569
608 565
605 578
585 563
577 558
589 555
591 573
567 552
558 545
567 542
564 555
542 539
532 532
543 528
543 543
528 527
520 516
529 510
526 524
507 511
498 507
508 505
508 516
490 496
487 489
499 499
499 497
479 480
473 473
487 484
490 486
474 468
469 460
480 470
478 471
460 456
455 451
473 465
483 475
481 471
496 483
529 511
546 529
542 528
551 537
579 562
592 576
584 567
588 569
608 588
614 597
600 585
596 583
611 596
611 599
592 581
589 575
600 584
586 583
579 566
573 561
589 574
575 574
570 554
563 547
574 558
557 558
548 540
538 531
550 543
534 544
529 525
522 518
531 527
512 526
503 509
496 503
510 514
493 514
488 495
482 488
494 499
479 499
471 481
463 474
479 488
465 490
462 472
457 465
467 477
451 477
446 462
441 457
457 470
445 476
449 466
458 475
487 503
490 518
504 513
516 519
551 544
552 554
561 540
568 541
590 560
582 567
584 554
583 552
602 567
588 570
584 551
581 546
594 559
577 560
571 544
565 541
582 558
566 559
560 538
556 530
569 542
553 543
544 524
538 517
551 532
532 533
528 510
525 495
543 493
533 483
534 460
535 451
556 462
540 461
535 441
530 436
542 452
523 458
511 444
501 442
513 463
497 472
493 458
486 454
495 469
476 475
470 464
470 465
492 486
487 498
501 497
519 515
554 549
555 565
565 560
578 567
611 595
610 604
620 593
627 595
649 616
639 626
636 615
633 612
646 625
626 625
621 606
629 601
628 613
604 603
590 600
595 595
596 613
576 597
566 589
571 579
569 591
552 574
543 566
549 556
549 566
530 550
525 542
534 531
532 538
513 520
506 513
518 506
523 518
505 499
500 490
510 484
511 496
495 480
489 471
499 465
502 480
486 466
483 460
493 454
491 465
474 452
467 450
476 450
475 466
457 452
458 453
480 460
498 487
502 487
513 496
543 507
561 542
557 542
562 550
578 555
585 577
577 575
577 580
593 583
597 603
579 590
574 587
584 583
584 595
564 578
556 572
568 568
574 583
559 564
556 554
567 545
566 556
549 539
544 530
555 522
557 534
538 515
533 509
543 502
541 514
519 496
510 490
521 486
523 502
503 484
497 477
505 473
503 489
484 476
474 468
483 463
482 483
461 471
455 465
465 459
462 471
442 455
436 450
451 444
455 457
437 437
434 430
450 427
461 448
458 442
470 449
504 458
529 488
532 483
545 487
571 491
581 514
573 506
578 509
601 514
611 537
596 527
593 529
605 544
604 549
582 535
573 532
586 547
589 555
572 540
567 535
578 546
578 549
559 536
552 531
565 542
564 545
544 528
540 524
551 534
548 534
526 517
517 512
530 529
528 536
506 521
497 517
506 530
504 533
485 517
479 510
494 520
496 525
480 510
477 507
489 519
473 521
467 506
460 503
476 518
464 520
463 503
467 504
493 522
499 535
515 532
530 541
565 567
569 583
582 576
592 580
619 601
612 607
615 598
619 600
643 618
633 623
631 605
627 600
639 611
624 610
617 592
608 585
624 599
610 601
607 582
602 575
611 585
593 585
585 567
578 561
591 575
569 574
563 554
557 548
569 558
552 555
542 535
534 528
549 542
532 543
528 522
521 515
530 526
512 527
505 509
497 502
511 514
495 514
491 494
488 488
502 500
484 499
476 480
468 475
483 492
465 495
459 476
452 470
466 486
460 495
468 488
481 495
518 524
522 540
537 535
548 541
574 563
568 572
571 565
573 570
599 593
589 601
588 586
585 586
598 602
581 602
573 583
565 577
580 591
564 592
561 572
557 565
568 575
549 574
542 555
536 548
552 559
533 556
527 533
522 526
535 536
518 532
510 508
504 499
521 512
505 510
501 489
495 480
506 491
488 491
483 472
479 465
496 482
475 481
470 465
480 463
479 480
458 464
448 459
457 456
461 474
445 460
441 456
452 452
453 470
444 465
454 471
485 477
508 507
511 506
526 515
553 522
567 543
560 538
562 541
583 544
594 568
583 557
582 554
595 551
594 566
577 553
570 547
580 540
582 557
566 543
563 539
573 534
571 546
552 532
544 527
554 522
556 537
536 518
529 512
538 509
533 527
511 515
499 511
505 508
504 527
484 513
478 508
486 503
482 517
463 501
458 495
471 489
473 504
456 487
451 482
464 478
463 492
445 477
436 471
449 466
452 484
435 468
430 462
444 459
452 479
450 476
463 486
494 495
517 526
517 523
529 530
555 536
566 559
558 552
560 555
582 559
593 582
581 569
579 565
592 561
591 575
572 559
565 552
577 547
578 563
559 547
556 543
566 539
563 552
541 536
531 531
543 527
544 544
524 524
516 514
526 510
523 524
504 506
495 498
506 494
506 510
487 493
482 488
493 483
490 495
470 480
464 475
478 473
479 489
459 471
455 466
467 478
467 480
448 463
440 457
453 470
454 474
437 458
432 453
444 462
443 464
428 453
432 455
463 478
483 495
485 491
502 502
533 527
547 539
540 533
544 537
570 558
581 566
573 554
575 552
592 566
594 569
577 554
571 548
585 558
583 560
564 541
561 537
574 548
559 548
551 531
544 525
560 538
545 539
541 519
534 511
545 522
528 523
521 506
513 499
526 511
510 513
507 496
503 490
515 501
498 500
491 484
485 479
502 494
488 496
484 478
479 472
492 487
478 489
472 473
465 467
482 481
468 484
466 470
460 466
471 480
456 484
458 474
466 479
499 505
501 519
515 513
527 522
554 545
552 555
555 544
557 545
581 567
574 576
575 562
575 560
589 574
573 575
568 557
563 552
580 565
564 566
560 547
558 544
572 557
556 556
548 537
541 533
557 548
540 549
534 528
528 520
539 531
524 533
514 513
507 506
522 519
505 520
501 501
498 496
510 508
492 508
484 488
480 483
497 498
481 499
476 479
473 473
486 487
470 488
464 472
458 466
475 481
458 486
454 470
449 465
460 479
443 481
438 468
440 472
470 499
472 513
487 509
503 520
535 547
535 560
542 551
549 553
576 577
571 586
577 572
582 572
601 588
588 591
583 574
580 568
596 583
578 581
574 561
584 556
584 570
567 555
559 549
569 542
571 558
554 543
548 535
557 528
554 540
535 527
525 521
533 515
533 529
514 512
508 506
517 502
515 514
495 499
485 494
494 489
496 505
479 490
473 482
482 475
481 488
465 475
458 469
468 463
470 479
453 464
449 460
460 456
458 469
439 454
431 450
445 447
453 468
447 460
458 466
487 476
506 505
506 506
515 513
540 517
555 544
547 536
553 540
573 542
579 560
567 551
563 550
578 548
581 565
563 548
558 543
570 539
570 556
553 543
545 537
557 532
560 550
544 533
541 527
551 520
549 533
529 518
521 512
533 507
534 522
515 505
510 499
520 495
519 509
498 492
491 486
502 483
502 502
484 486
478 482
486 478
484 493
465 480
458 474
471 469
474 486
455 469
451 464
464 460
462 474
444 459
445 459
468 463
485 491
485 487
498 494
526 502
541 530
534 525
539 528
562 533
572 557
562 547
566 549
585 552
587 568
568 554
562 550
578 548
579 565
559 545
553 537
565 549
563 550
544 534
536 527
551 539
551 542
533 525
526 517
539 529
530 526
508 509
503 505
514 516
515 518
492 498
486 491
497 503
497 504
475 486
469 478
479 489
480 492
465 476
460 471
472 484
468 486
449 473
444 470
460 482
458 482
443 465
437 457
450 469
437 469
430 452
425 447
442 460
433 466
441 455
453 461
485 488
490 504
507 507
515 512
547 537
547 549
554 541
558 541
581 561
576 569
576 557
573 555
595 574
579 576
576 558
568 549
580 561
565 563
560 547
555 542
571 554
556 556
554 537
550 532
563 544
545 544
537 526
527 517
542 529
526 531
520 511
514 506
525 521
508 522
500 504
493 499
507 512
492 513
490 495
485 488
496 499
481 500
475 482
467 474
487 489
471 488
467 468
464 463
476 475
460 476
453 460
448 455
466 471
450 473
450 458
456 461
482 486
484 502
496 502
510 513
541 539
539 552
547 542
553 546
575 565
568 573
568 561
568 561
591 582
574 584
572 565
567 559
579 572
564 575
559 557
556 551
572 564
556 564
552 544
550 540
560 550
545 550
534 529
527 522
543 537
526 536
521 514
517 508
530 523
512 523
504 503
500 498
515 513
496 511
493 493
489 488
499 499
482 500
474 481
471 476
488 493
472 492
467 473
478 468
477 484
461 471
453 467
462 463
465 480
450 465
455 467
476 470
489 494
493 497
505 506
537 517
556 545
552 541
561 547
584 553
593 575
584 568
585 570
603 571
610 592
596 578
593 575
604 570
603 584
584 570
576 565
588 559
594 577
576 560
572 556
581 551
583 566
561 549
553 543
560 536
559 550
541 533
535 528
540 520
540 535
517 518
510 512
519 506
520 520
501 505
497 499
509 494
505 505
488 491
479 485
491 480
492 495
475 479
468 472
481 468
479 482
463 469
457 464
468 460
467 476
451 463
447 459
454 452
455 469
437 455
436 456
463 463
482 493
486 494
501 503
529 513
545 540
543 537
547 545
569 553
583 578
574 566
580 567
598 567
602 584
584 568
578 564
591 559
593 574
574 557
569 551
582 548
581 563
561 547
554 542
570 540
570 556
549 537
544 531
552 524
548 539
526 523
518 517
528 511
529 527
508 508
503 503
513 499
512 513
493 498
484 492
494 488
499 508
480 490
472 482