762 522
762 535
766 523
760 516
760 510
760 527
766 510
762 505
762 500
762 515
762 498
755 493
760 487
760 505
761 486
757 479
762 477
762 491
755 478
749 470
760 467
760 485
754 466
752 460
762 454
762 467
750 453
744 448
759 448
760 472
755 469
754 480
762 496
762 532
759 531
752 537
760 544
761 571
758 559
755 559
762 559
762 577
754 565
748 561
760 559
760 575
752 556
750 551
762 563
762 565
750 554
744 546
759 563
761 564
748 545
745 539
758 547
758 548
735 530
724 521
738 532
733 532
710 514
699 506
705 515
698 514
673 497
660 491
670 503
667 506
644 487
633 479
641 492
633 491
611 475
599 468
611 479
607 482
584 464
574 457
585 469
564 467
554 451
549 449
574 474
572 489
585 488
598 499
627 528
628 544
634 541
637 545
659 566
651 576
653 564
650 561
667 577
652 579
645 565
637 561
653 573
638 574
632 555
628 551
639 563
625 565
617 547
609 541
624 556
607 558
600 538
592 530
601 541
585 542
572 523
562 516
575 528
555 528
547 508
540 502
553 516
533 514
524 498
515 491
528 506
511 508
506 487
500 482
516 499
496 498
488 480
479 473
494 487
478 489
471 467
466 459
479 471
460 469
454 451
453 449
483 475
482 488
500 486
514 496
546 525
548 540
555 534
562 540
587 561
578 568
581 555
582 554
600 571
590 576
583 559
578 555
598 573
582 574
579 554
577 552
594 570
580 572
573 554
570 551
589 569
572 570
570 552
564 546
573 557
557 558
547 539
541 533
557 547
538 546
531 524
526 519
538 532
518 530
509 511
503 505
519 522
501 521
496 501
492 495
504 508
487 507
480 491
472 483
488 499
470 499
464 481
474 476
472 490
456 477
452 475
471 477
489 506
490 506
507 518
538 529
556 559
557 560
564 566
586 568
600 592
590 583
592 583
610 583
615 599
602 588
597 584
609 580
612 597
595 581
590 575
601 570
600 585
583 572
575 564
585 558
586 573
566 556
558 549
565 541
561 551
541 534
530 527
540 520
540 535
520 517
511 509
520 503
518 517
498 501
489 494
498 488
500 504
481 487
476 481
485 475
483 488
465 474
455 468
466 462
466 476
447 458
441 451
452 446
450 458
432 442
424 435
437 430
444 451
436 443
449 451
481 463
502 497
507 502
520 513
550 521
566 550
558 542
563 545
583 548
588 567
576 557
574 555
591 554
595 574
577 556
573 551
584 547
584 564
567 550
561 545
575 541
577 559
558 542
552 536
563 531
560 542
538 526
527 517
537 511
535 526
513 506
502 497
510 492
505 504
484 486
474 478
485 473
484 490
465 471
460 465
470 461
467 473
446 457
437 450
449 447
448 462
427 442
419 435
429 445
427 443
407 426
397 418
409 428
409 430
388 411
384 404
400 418
409 428
406 427
420 437
455 466
476 485
474 481
484 488
508 510
516 517
504 507
502 506
523 524
528 530
513 514
511 510
524 522
523 524
506 510
501 504
518 518
521 521
504 505
502 502
515 514
502 515
497 499
490 494
506 508
490 510
485 489
480 482
491 493
476 492
470 475
463 469
477 481
462 483
458 465
453 459
465 470
450 469
444 454
437 448
454 462
439 463
436 444
431 439
445 453
430 453
424 437
417 430
432 445
417 447
417 431
420 431
445 453
448 468
460 468
475 480
509 509
510 525
519 517
526 522
548 543
541 550
540 538
539 537
561 557
549 562
547 544
544 539
557 552
543 554
537 539
533 533
551 549
536 551
534 533
529 529
543 542
526 542
517 524
508 517
523 531
505 531
499 509
492 501
503 513
486 512
477 494
470 487
485 501
468 500
463 480
458 474
469 485
452 483
443 463
437 456
453 470
436 469
432 447
428 441
440 453
425 453
418 433
413 427
431 441
415 443
410 422
409 418
423 431
413 436
419 430
431 441
468 473
472 489
486 486
498 495
524 521
521 530
523 519
526 520
552 543
543 549
546 535
547 534
563 550
550 552
545 537
543 533
563 551
550 553
551 539
565 538
567 555
551 542
542 536
550 528
549 542
528 522
521 512
528 503
523 513
504 498
496 491
504 483
506 497
486 480
480 474
490 468
487 481
470 467
462 463
472 458
474 474
456 458
451 452
462 447
459 462
442 449
434 444
445 439
447 457
429 443
423 440
434 435
431 443
419 423
417 414
433 405
440 419
426 401
429 399
453 404
468 431
469 431
478 440
505 447
521 476
515 471
520 474
537 475
542 495
531 488
529 488
548 487
557 508
542 494
541 492
556 492
559 510
543 498
539 496
554 497
559 519
544 506
542 502
555 500
555 517
538 507
530 504
542 501
542 520
521 505
516 502
526 499
524 515
502 501
494 496
506 493
508 511
489 494
483 488
494 486
493 500
475 486
468 480
481 474
482 491
464 474
461 470
472 467
471 480
453 466
446 461
460 460
461 477
444 460
439 453
456 450
459 469
444 458
446 461
471 469
487 500
483 497
492 505
515 513
522 536
514 533
510 532
530 531
536 549
523 535
524 533
540 549
542 552
525 540
520 535
535 548
539 554
524 539
521 535
538 549
538 553
524 541
516 535
533 549
534 551
516 531
512 524
526 537
525 537
508 521
499 513
517 528
520 533
501 515
493 506
506 519
504 522
482 505
477 500
490 511
489 514
471 497
464 491
478 504
464 502
455 484
449 478
467 491
455 495
451 475
444 467
459 482
446 483
437 467
432 462
447 475
434 478
432 461
432 456
459 476
458 485
471 481
482 490
514 519
514 535
520 526
522 527
544 551
536 557
534 546
534 547
557 567
548 576
547 562
545 558
560 573
547 576
539 560
536 557
556 573
545 577
545 560
543 557
561 574
549 576
545 560
541 555
562 575
548 579
542 558
537 550
549 558
535 557
533 539
527 529
543 538
527 536
527 504
535 492
552 504
535 504
527 490
518 486
532 501
516 502
515 476
513 467
527 475
514 473
510 452
505 436
524 438
516 434
518 410
518 401
532 410
516 404
510 390
503 388
516 404
500 408
496 392
497 397
516 420
516 438
522 439
530 450
559 479
554 494
560 486
564 488
584 506
571 511
571 503
573 503
595 523
584 530
582 514
581 515
595 531
583 533
578 516
577 514
595 533
582 539
580 521
577 519
590 535
575 543
567 534
558 532
569 547
555 547
551 531
556 529
551 548
529 538
516 536
519 533
520 553
502 541
494 536
501 532
495 544
475 531
467 527
474 518
475 533
457 517
453 514
462 511
458 526
437 513
426 511
436 510
436 526
419 508
417 504
425 497
425 512
411 498
404 491
412 481
416 497
403 484
405 483
430 490
445 508
452 507
467 518
499 527
522 558
518 553
524 559
543 564
550 588
538 579
539 579
555 581
563 606
550 596
549 595
561 592
561 608
548 599
547 600
560 597
568 617
549 600
549 598
563 597
563 611
544 593
537 587
551 578
556 594
539 573
538 567
549 561
547 575
527 555
526 549
540 542
539 554
520 536
517 532
528 529
526 542
508 526
500 519
515 511
522 526
508 505
506 497
522 495
521 507
505 494
496 488
509 485
510 504
488 487
484 485
494 481
494 494
484 486
492 495
520 505
543 538
542 532
558 540
588 548
602 573
597 567
601 568
621 577
629 606
617 600
620 603
640 606
643 623
628 610
628 607
646 603
655 619
642 600
643 594
662 604
668 604
651 584
648 576
663 586
666 587
649 568
641 557
649 562
644 561
620 540
610 529
621 535
619 533
597 513
591 507
602 517
599 515
579 497
568 489
581 501
583 504
564 484
558 475
570 486
566 485
545 468
540 464
555 473
554 476
536 459
534 456
544 466
527 464
520 449
511 444
529 460
521 468
528 458
538 467
567 497
573 520
584 522
592 530
620 556
613 567
618 558
621 559
639 575
628 580
625 569
623 568
643 585
629 587
624 568
620 565
632 578
619 580
612 563
605 557
621 572
607 577
604 558
600 552
610 561
592 562
583 546
575 540
590 551
570 549
563 528
557 522
569 532
553 531
543 511
535 504
553 519
539 523
534 502
529 495
540 506
524 508
518 492
512 486
528 498
512 500
508 480
506 476
518 487
502 487
493 468
486 463
504 479
488 480
483 460
481 455
502 476
501 490
511 489
523 498
557 529
557 546
568 540
575 545
597 563
587 569
585 558
586 559
610 580
598 584
597 566
595 564
610 580
597 582
591 565
586 559
604 577
589 581
588 563
584 557
596 569
579 570
571 553
567 549
584 564
564 561
555 539
548 532
558 544
537 541
525 519
516 510
531 526
513 525
507 505
500 497
510 508
492 509
484 493
479 487
494 502
475 500
469 481
478 476
477 489
459 475
450 468
459 462
463 480
450 467
452 468
474 472
488 500
490 504
500 513
526 520
540 548
532 542
536 547
554 548
560 566
547 557
545 556
560 556
568 577
554 562
549 556
560 552
560 567
546 556
541 551
552 545
555 562
539 548
536 544
547 539
545 550
526 536
518 531
530 525
532 541
512 522
506 514
517 509
516 523
499 507
492 500
503 493
506 510
489 494
486 489
496 482
493 495
475 482
468 479
481 474
483 491
465 475
459 471
469 468
469 483
450 468
441 461
453 458
457 478
440 464
437 461
453 461
461 485
457 484
465 492
492 499
505 526
497 518
501 521
519 524
524 541
509 530
505 527
524 528
531 550
517 535
514 531
526 528
527 544
511 534
506 529
521 526
523 544
508 530
507 528
523 527
525 543
509 530
507 528
527 530
534 551
519 535
518 530
534 530
533 545
515 529
507 521
519 516
519 533
500 514
495 508
505 502
501 514
481 499
473 492
487 489
487 505
468 486
463 479
475 489
475 490
457 473
449 465
463 475
466 479
449 461
445 454
456 464
457 466
444 458
450 462
479 485
494 499
488 493
497 498
520 519
528 527
514 516
511 514
532 531
538 531
528 520
528 520
540 537
540 544
522 534
515 532
532 547
533 551
519 535
518 532
535 544
523 545
518 533
509 532
525 547
512 548
510 527
505 519
518 530
506 532
501 516
496 509
512 521
498 523
498 506
496 500
510 511
495 512
491 499
486 497
504 513
489 514
486 495
483 490
497 504
485 506
480 489
473 478
493 493
481 498
480 484
477 480
490 493
483 501
489 495
498 503
532 530
530 543
539 536
545 541
566 561
559 568
558 556
558 557
580 579
572 588
574 574
573 572
587 586
577 592
574 584
573 585
596 604
587 610
589 595
592 594
611 608
599 600
599 586
596 583
617 601
602 604
598 584
592 575
605 589
591 591
584 574
578 568
593 581
575 581
571 563
568 558
580 570
562 568
554 550
547 546
565 565
544 567
536 546
530 539
542 551
526 551
519 531
512 522
528 535
511 534
507 514
502 506
513 516
494 514
487 496
486 494
511 516
504 523
511 512
518 516
541 539
533 545
532 531
533 530
554 550
542 553
547 541
544 535
560 552
546 554
540 538
538 535
557 551
540 550
538 533
552 532
554 548
538 535
530 527
541 522
550 544
530 526
527 521
534 513
532 526
515 513
508 509
519 503
521 518
502 501
498 497
510 495
510 508
491 493
483 487
497 484
499 502
482 486
479 481
489 476
490 494
473 480
466 475
479 470
481 486
465 473
462 470
473 466
471 479
453 465
446 461
459 457
463 475
447 460
447 459
468 463
481 489
479 487
485 491
509 494
522 520
514 512
518 511
534 508
540 514
525 506
524 509
542 510
547 533
528 523
523 526
533 529
532 551
514 544
505 544
515 544
518 565
503 548
500 537
514 526
515 535
500 518
496 509
510 501
513 513
498 486
493 474
507 476
507 492
489 479
481 475
493 475
495 497
476 482
471 480
479 482
474 503
453 495
444 491
456 484
459 498
443 480
442 473
457 465
457 474
440 457
434 448
451 443
459 463
450 441
459 441
486 453
503 486
502 489
508 499
532 509
542 538
532 532
535 535
554 540
557 561
542 553
541 552
561 551
567 569
551 550
548 543
563 553
566 553
551 537
545 525
569 527
569 534
555 519
554 516
566 528
563 531
544 520
536 516
550 530
548 533
528 517
520 513
531 526
529 526
508 507
502 499
517 510
519 513
502 497
496 491
505 501
503 500
486 485
480 479
495 489
495 490
478 472
475 467
488 479
474 479
467 463
460 457
478 472
464 476
462 458
460 455
480 474
478 486
488 484
501 493
531 517
530 531
540 523
547 526
568 545
560 550
558 538
559 537
584 559
574 566
574 551
569 546
584 561
572 566
567 552
561 547
579 563
565 567
565 550
561 545
574 556
559 557
553 542
548 538
566 553
551 557
545 545
540 545
554 564
539 568
533 551
528 544
547 559
534 561
532 540
528 531
539 539
523 537
516 520
509 511
523 521
504 517
496 493
487 484
497 493
478 488
467 466
459 457
476 471
460 470
456 449
451 441
463 453
447 455
442 440
439 437
463 458
459 470
471 465
486 476
517 504
517 517
524 512
531 517
559 541
555 539
560 529
561 532
578 556
566 566
561 556
557 556
574 574
558 578
557 561
556 557
571 572
556 575
549 559
547 554
568 570
552 568
548 546
544 539
556 551
541 551
533 530
527 521
544 536
528 536
524 516
519 509
530 520
513 518
506 501
505 496
520 509
502 507
497 485
508 481
508 496
492 482
484 476
496 474
496 490
479 476
475 470
484 464
482 478
465 467
458 464
469 462
472 480
460 470
467 477
494 488
511 517
512 519
522 528
548 537
563 565
556 559
559 560
576 560
581 579
571 572
570 571
585 568
591 586
575 571
573 569
586 566
587 580
570 566
565 562
579 559
583 577
567 561
563 554
573 548
572 561
555 547
546 540
557 533
557 548
538 532
532 526
542 521
539 533
520 518
512 513
524 509
526 526
507 509
502 503
513 499
511 514
494 501
486 493
499 489
501 507
484 491
480 487
490 482
487 495
469 482
462 477
475 475
477 492
458 474
453 470
465 467
467 484
456 477
462 482
493 494
517 531
521 534
538 547
567 558
582 586
578 584
581 588
603 590
611 612
598 599
598 597
614 595
613 609
597 594
586 585
599 581
604 601
583 581
577 573
591 569
589 580
571 566
563 558
575 552
573 566
553 548
544 540
554 535
550 546
528 529
517 520
531 516
531 531
511 511
505 503
515 514
514 514
495 500
486 493
500 504
500 505
483 488
480 483
492 492
491 491
472 477
466 472
482 486
484 488
465 470
460 464
474 477
474 478
455 464
448 457
466 472
473 480
468 473
480 482
511 508
530 526
531 529
543 540
574 566
586 579
577 569
580 571
600 590
593 596
591 584
588 580
609 598
598 603
598 586
595 580
609 593
597 596
594 584
591 580
609 595
596 598
593 580
590 577
604 589
588 588
580 570
573 564
588 578
573 578
567 558
561 550
572 562
556 563
551 547
544 541
561 554
545 555
542 538
537 532
550 543
534 542
526 525
519 519
535 533
519 533
513 512
507 505
518 516
503 517
497 501
495 497
522 521
522 536
536 533
550 542
580 568
579 580
584 575
589 578
615 600
604 604
603 588
604 586
622 602
609 604
604 586
598 579
617 595
602 597
599 578
595 572
608 583
593 584
588 568
583 561
600 574
582 572
578 551
572 544
582 555
563 550
554 530
545 522
562 536
545 535
539 514
532 507
542 518
527 520
516 501
509 494
525 509
507 508
502 490
498 485
510 497
492 496
484 478
478 474
495 492
478 491
472 470
467 464
480 479
465 480
462 467
466 469
498 498
500 514
516 513
532 524
563 551
560 563
565 555
571 560
596 582
587 585
588 570
604 570
608 588
595 578
590 573
601 567
604 584
588 570
585 565
596 559
595 572
580 559
574 555
586 550
588 566
567 548
560 542
568 537
564 550
545 535
534 527
542 520
542 536
523 520
517 514
524 507
521 520
504 508
496 503
507 497
509 513
490 496
486 492
497 488
496 501
479 487
471 480
483 476
487 494
470 479
465 473
475 467
473 482
457 469
450 464
463 459
468 479
458 470
468 478
496 488
514 517
515 518
524 528
552 536
566 564
558 554
560 553
578 554
584 574
574 566
571 563
586 559
590 578
573 563
571 560
584 555
583 569
567 557
561 553
578 551
581 569
562 551
556 544
568 540
565 553
547 536
537 528
548 521
549 538
530 520
526 513
535 506
533 518
514 504
506 499
519 495
519 511
499 494
493 488
504 485
502 500
483 483
474 476
487 473
489 492
470 475
465 468
475 463
473 478
455 464
449 459
465 456
474 479
467 471
479 480
508 492
523 519
519 516
525 521
551 529
561 554
550 542
550 540
567 556
571 563
558 553
554 550
570 562
571 566
554 550
552 547
565 559
565 560
548 546
543 542
560 556
561 557
543 538
537 531
549 543
547 543
528 527
518 519
532 530
532 533
513 514
508 508
519 517
516 515
498 500
491 495
507 508
506 509
487 490
482 485
495 498
482 499
475 483
468 475
484 490
471 493
468 475
464 469
476 480
461 481
455 468
450 463
465 476
451 478
449 462
451 463
475 485
476 498
487 496
496 503
530 533
529 547
538 539
541 539
560 557
552 564
553 555
553 553
575 571
563 575
562 559
560 556
575 570
561 570
556 555
551 550
571 568
557 570
554 551
549 545
562 558
547 559
540 543
533 535
548 548
531 549
526 529
522 523
533 534
517 532
509 515
504 510
521 524
505 525
501 504
496 498
509 512
495 512
489 495
483 488
500 503
485 505
482 486
479 480
490 492
476 493
470 477
466 472
485 489
469 489
465 470
463 466
477 480
462 482
457 467
459 468
489 495
490 512
503 507
516 515
545 542
543 555
549 550
553 552
578 573
567 578
569 564
571 565
590 583
576 585
571 568
568 564
589 584
575 586
572 566
570 561
585 576
572 577
567 562
564 556
581 572
563 570
559 551
555 546
565 557
547 554
538 534
533 528
550 545
532 543
525 521
535 514
534 528
518 516
510 509
520 502
521 517
504 502
500 497
511 491
509 502
492 489
486 485
497 480
499 495
482 478
477 473
487 468
487 483
471 469
463 463
476 458
486 481
481 476
493 485
520 494
536 522
536 523
544 532
567 537
581 564
568 551
570 552
587 554
593 575
581 565
576 563
590 561
595 581
579 566
576 560
588 556
588 572
573 561
567 557
581 553
583 569
564 552
560 547
571 541
570 554
551 538
541 530
552 524
554 541
534 523
527 515
536 509
535 523
517 509
510 502
521 496
522 513
503 496
499 491
511 487
508 499
489 485
481 480
494 477
495 494
476 476
470 470
481 466
480 482
463 468
454 461
467 456
468 475
451 459
446 455
457 451
458 466
448 459
455 466
487 477
507 509
507 507
520 515
548 526
560 551
552 543
552 542
572 544
581 568
569 556
570 554
584 552
585 568
569 555
564 551
580 548
583 566
565 549
561 546
576 544
575 558
557 542
549 535
563 531
563 549
543 530
535 522
544 530
541 530
522 515
513 508
525 518
524 519
504 500
499 494
511 506
508 505
487 489
479 484
494 498
495 500
476 481
470 474
482 486
480 487
462 473
455 466
469 477
469 479
452 463
449 457
461 468
459 468
441 454
434 448
452 463
452 464
434 445
431 441
450 459
449 470
460 469
473 478
508 509
512 528
527 525
537 531
560 552
555 560
557 551
558 551
582 570
572 575
571 558
568 555
584 571
571 572
566 556
561 551
579 567
566 572
565 554
562 548
574 559
560 560
554 544
547 537
562 547
544 545
539 525
532 518
543 528
526 527
516 508
508 500
524 515
507 516
502 496
495 488
506 499
491 500
485 485
479 479
494 492
477 493
474 475
470 471
482 481
465 481
458 464
452 459
470 475
455 476
450 454
446 449
459 463
446 464
439 448
435 442
454 459
448 469
460 463
474 472
506 501
509 517
520 518
530 526
561 552
554 560
558 547
559 547
579 566
569 571
567 557
565 554
586 573
572 577
571 559
568 555
581 568
568 568
565 554
564 549
583 563
567 563
562 543
559 539
571 551
553 549
543 529
535 522
551 537
533 536
526 515
520 508
529 519
511 519
503 501
497 494
512 508
493 506
489 488
486 483
497 496
481 495
473 477
468 472
486 489
469 488
464 467
473 461
471 475
454 463
447 458
459 454
458 469
441 454
437 451
449 447
445 458
427 445
420 441
437 442
449 467
446 463
460 473
491 485
510 516
511 519
518 523
540 527
552 552
542 543
543 543
559 542
562 558
549 548
546 546
560 543
565 561
549 545
546 541
559 539
560 555
544 542
537 536
549 533
552 551
533 535
529 529
537 522
534 535
515 520
507 514
519 508
519 522
500 503
496 497
507 493
506 507
487 492
480 486
492 481
496 499
479 483
474 477
484 472
484 487
467 474
460 469
473 464
476 481
458 465
456 462
468 459
468 473
451 459
444 455
459 453
462 472
445 455
442 449
455 448
458 467
452 462
459 469
491 480
512 515
515 517
528 528
556 538
567 562
558 556
558 558
579 561
587 583
573 568
573 566
589 567
589 583
573 569
568 564
583 561
587 581
572 566
569 563
582 560
581 575
564 561
556 556
572 553
571 567
551 548
545 541
555 537
553 550
532 533
523 524
536 520
536 537
518 518
512 511
522 519
519 518
502 504
493 497
507 509
507 509
488 491
483 486
495 497
494 496
474 480
466 473
480 486
481 488
463 470
457 463
469 474
467 475
450 462
448 460
474 480
489 495
490 494
506 506
537 534
552 548
546 544
551 549
577 570
585 578
572 563
573 562
590 579
580 584
578 571
573 565
590 580
576 582
575 565
572 560
586 571
572 572
567 557
562 552
579 566
563 566
557 546
551 539
563 551
547 551
539 533
528 524
543 537
527 539
523 519
517 511
528 521
512 520
506 504
500 498
517 511
501 510
498 493
492 486
504 499
490 499
483 481
476 475
495 493
478 493
473 473
467 467
480 480
465 482
459 467
453 460
471 475
461 481
469 473
483 481
515 509
520 526
532 525
543 534
575 563
571 573
573 558
575 558
594 577
584 582
581 568
577 563
597 580
583 582
581 565
578 560
592 572
576 572
571 557
567 553
585 568
569 567
564 546
560 540
572 553
555 551
545 531
537 522
552 537
534 537
528 515
522 507
532 518
514 518
506 501
500 496
517 510
498 509
493 490
490 486
503 500
487 500
479 482
474 479
492 497
476 498
473 479
468 473
481 487
466 489
460 472
456 465
475 480
459 480
462 466
468 470
496 495
497 510
509 509
525 520
561 553
558 564
565 554
585 556
592 577
582 570
580 569
595 566
601 584
586 571
584 569
597 565
597 579
580 565
574 562
587 559
592 577
575 561
570 556
580 551
578 565
561 552
551 544
559 535
559 550
540 534
535 528
542 520
539 531
521 517
513 512
524 507
526 522
507 504
503 498
514 495
514 510
497 496
489 490
500 485
502 501
485 486
480 480
490 474
487 486
469 472
462 468
475 463
481 482
471 471
480 478
508 490
526 519
528 521
536 528
562 537
576 565
567 557
569 557
586 557
591 577
579 569
577 567
593 564
597 582
579 566
578 563
590 561
591 576
574 562
566 557
581 555
585 573
567 556
561 549
570 544
567 558
549 543
539 536
549 528
549 545
529 528
524 523
534 517
530 528
512 513
504 509
518 506
520 524
499 505
494 499
507 499
504 513
485 497
479 491
492 487
495 506
477 490
471 484
482 479
481 493
463 480
457 476
472 474
472 489
455 472
455 471
478 478
492 506
492 506
505 516
540 531
558 564
555 559
561 562
582 579
587 586
576 577
575 575
594 590
599 594
582 578
579 574
593 587
593 588
575 573
569 567
587 583
590 587
573 569
568 562
579 573
576 573
557 558
549 550
563 560
560 559
541 539
535 533
546 543
542 540
524 524
515 517
531 530
530 531
510 510
504 503
517 514
504 516
499 501
493 495
509 508
496 512
491 491
487 485
499 495
485 495
479 480
474 475
491 490
476 491
472 472
467 467
481 481
467 484
461 468
454 462
474 479
468 488
479 482
493 492
525 520
530 538
544 540
555 548
584 573
579 584
583 571
586 573
606 592
597 597
594 584
590 580
609 598
597 601
594 582
591 575
605 588
593 591
588 576
583 570
601 584
585 584
580 564
576 558
587 570
570 566
560 547
551 539
567 553
549 552
542 530
536 522
547 534
531 534
523 516
515 508
530 522
513 522
509 502
505 496
517 507
500 505
492 489
486 484
503 499
487 499
482 478
477 471
490 485
476 485
469 468
462 460
479 476
464 478
461 460
462 458
483 477
482 489
495 490
511 502
549 534
550 549
561 542
570 549
595 571
588 576
588 563
588 563
612 585
601 590
600 573
597 569
610 583
594 585
588 569
585 564
602 580
584 579
580 561
578 557
591 571
574 569
564 548
558 542
574 558
556 555
549 533
556 524
553 537
536 524
528 518
536 509
537 523
518 507
514 501
526 489
525 504
508 491
500 488
510 485
512 502
495 487
489 481
498 476
498 492
481 480
474 474
484 467
486 483
471 469
468 467
480 463
480 478
463 466
455 471
466 470
469 488
453 473
454 471
477 476
496 506
501 509
514 518
546 529
565 561
562 557
570 561
591 563
597 583
586 575
585 575
604 574
609 592
595 578
590 575
603 574
602 591
585 578
576 570
589 565
590 582
572 565
568 558
578 551
576 565
557 551
547 543
559 536
558 550
538 530
532 524
542 519
539 531
520 514
510 507
523 502
525 521
507 502
502 495
513 491
513 507
498 495
491 491
504 486
505 503
488 487
485 484
497 480
497 494
479 479
472 474
487 472
490 491
473 474
467 469
479 466
478 482
461 469
454 463
469 460
477 483
471 477
485 486
517 498
536 529
539 531
551 543
583 553
597 580
588 569
589 570
608 573
613 593
600 582
596 578
612 578
615 597
597 580
594 575
605 585
604 586
587 573
581 569
596 581
595 582
574 563
568 556
579 566
576 563
555 544
545 534
558 543
557 542
539 519
534 512
544 521
539 522
521 508
513 502
527 513
526 515
506 497
501 492
513 502
511 500
491 482
483 475
500 490
501 493
483 474
477 467
487 479
472 485
465 473
456 465
471 478
456 485
451 473
450 473
471 491
470 501
484 501
499 512
538 544
542 561
554 554
562 559
585 581
579 589
579 577
579 574
600 592
589 597
589 581
587 575
600 586
585 585
580 569
574 564
592 577
577 577
572 557
567 552
580 565
564 564
556 545
546 535
560 547
546 539
540 519
533 511
543 522
525 523
516 508
508 502
524 515
505 515
499 495
495 490
508 503
493 503
487 487
478 479
495 494
480 496
479 477
473 470
484 480
469 482
463 467
457 460
474 475
457 475
453 457
450 453
464 466
447 465
442 451
444 454
477 484
480 501
496 499
512 512
544 544
547 562
554 561
557 571
578 595
568 602
571 588
575 586
593 601
580 602
575 584
572 579
592 596
576 594
571 571
567 565
582 579
568 579
562 559
555 550
571 564
553 564
546 543
539 535
547 543
527 540
517 521
510 512
525 524
504 520
496 497
490 490
501 501
484 498
474 477
467 469
483 484
465 483
459 463
468 455
464 466
447 453
439 448
450 441
451 456
433 440
428 435
440 432
439 445
423 432
415 426
426 422
430 440
415 426
411 422
421 417
422 433
414 428
421 435
450 446
473 480
479 485
496 500
526 512
541 539
536 536
539 540
558 543
568 566
556 555
557 553
572 551
575 568
562 557
557 552
570 546
573 564
558 549
555 545
568 541
567 553
550 539
542 534
556 528
558 544
538 523
531 516
541 511
539 524
521 508
510 499
522 491
524 507
505 486
505 476
518 466
518 475
502 460
497 453
513 447
516 461
497 443
493 439
505 436
506 450
487 434
478 428
490 425
493 446
475 430
470 425
479 421
476 437
459 426
452 423
464 418
465 435
446 419
443 417
459 417
467 438
464 436
475 447
510 464
533 502
534 503
544 511
568 520
576 546
567 541
566 541
585 542
592 565
578 554
578 553
592 552
592 567
575 555
569 552
587 554
591 574
573 556
568 553
581 552
580 569
562 554
553 546
565 543
564 560
544 543
538 536
548 544
543 543
523 529
514 524
528 535
527 537
505 517
499 513
510 525
507 526
488 510
479 502
492 514
494 519
476 501
470 495
480 505
478 506
460 492
453 485
468 497
468 498
449 480
445 475
459 488
457 488
439 471
433 466
455 484
468 497
468 493
483 503
516 532
522 550
535 550
544 557
571 578
563 587
567 574
570 575
588 591
577 593
573 580
568 576
587 592
574 595
571 574
567 568
581 581
569 583
565 568
560 561
576 574
561 576
558 558
554 552
565 560
547 557
539 539
532 532
548 545
531 544
524 523
518 516
530 529
515 530
508 512
499 506
514 520
499 523
497 506
493 499
505 511
489 511
483 496
482 492
496 503
479 501
474 482
469 477
482 490
468 490
458 471
451 464
469 479
453 480
450 461
446 454
458 466
448 472
449 462
459 468
495 499
501 520
517 520
534 533
565 560
562 571
565 561
568 563
593 586
584 592
585 575
585 572
600 588
588 591
583 575
578 568
595 583
578 584
575 566
572 562
585 574
567 572
559 555
552 550
570 565
551 564
544 541
537 534
547 546
531 545
523 526
514 517
529 531
511 530
507 510
503 503
514 513
497 512
490 496
486 491
503 506
485 505
480 485
476 480
489 495
474 495
466 476
461 471
478 488
463 489
460 470
470 465
470 479
452 466
446 463
457 459
459 474
442 459
442 459
467 466
482 493
487 497
501 509
533 523
556 557
557 557
566 564
585 565
592 585
583 578
583 579
599 577
605 595
590 581
588 578
602 576
604 591
586 575
578 570
590 566
595 585
579 570
575 564
585 558
585 574
569 561
560 553
569 545
568 559
547 541
543 538
551 529
550 543
528 525
518 519
529 514
532 532
514 514
504 507
513 502
511 516
497 505
485 496
498 493
496 507
478 491
475 487
484 478
484 492
464 475
456 470
470 465
471 481
453 463
447 457
462 456
471 478
470 478
479 485
515 501
535 535
536 535
547 544
571 551
578 572
570 567
568 565
589 566
597 587
579 569
578 568
591 565
592 579
573 563
567 558
581 554
586 575
568 557
566 553
575 547
574 563
557 550
549 542
560 536
560 552
539 533
532 527
543 522
539 533
521 518
512 512
524 507
523 523
504 503
499 497
510 493
509 509
490 493
483 485
501 485
498 498
483 482
477 475
489 485
489 487
468 470
462 465
479 480
479 481
459 463
455 458
466 470
467 473
448 458
443 454
470 477
483 491
487 493
501 505
534 533
552 551
553 553
560 560
587 582
595 590
582 577
587 582
601 596
607 602
588 585
582 579
600 596
599 596
584 580
577 571
589 582
576 583
572 571
564 563
581 576
563 574
558 554
554 550
563 557
548 556
536 535
525 526
541 540
525 542
517 520
510 513
517 520
502 520
496 502
489 495
503 505
488 506
483 486
479 480
491 492
475 489
468 474
461 467
481 482
463 480
459 460
454 454
467 467
454 468
448 453
440 446
455 461
440 464
438 446
435 442
450 455
437 458
441 451
453 459
491 493
497 511
517 511
531 523
561 552
560 564
562 555
563 557
587 578
577 585
579 569
579 565
594 579
580 580
576 565
572 561
590 575
572 575
570 557
565 552
580 565
568 567
556 545
551 541
565 555
549 555
543 532
537 524
546 534
529 533
525 517
515 506
529 518
511 516
507 494
504 489
515 500
498 498
490 481
484 476
502 493
488 495
483 474
477 468
489 483
473 482
469 466
464 457
481 474
464 473
462 457
459 451
473 464
459 466
450 449
447 446
465 463
450 463
448 446
452 447
480 473
483 490
496 490
514 504
551 540
553 557
564 552
587 557
598 580
584 571
582 572
595 569
601 588
585 573
580 569
591 565
591 579
576 566
569 561
580 557
584 576
570 565
565 558
574 551
572 564
553 552
548 549
553 541
554 558
529 538
521 531
532 527
528 535
511 518
500 510
511 501
514 518
499 501
492 492
501 486
499 500
483 488
479 485
487 475
491 493
471 476
467 471
480 466
480 479
464 464
456 459
469 454
474 472
456 455
450 448
461 445
460 458
448 448
449 450
477 458
499 493
504 499
523 516
556 531
572 560
569 561
574 568
600 574
608 596
595 583
596 584
612 585
614 602
599 588
592 581
604 576
607 595
589 579
585 573
596 567
594 581
576 567
568 564
583 563
583 580
559 558
550 550
559 543
557 552
537 531
530 524
539 517
539 535
519 518
512 512
521 506
515 516
497 501
490 495
504 489
505 505
485 487
480 482
492 479
490 492
473 478
465 472
478 471
480 487
460 467
454 460
464 454
464 468
446 451
440 444
455 440
456 456
445 445
453 449
483 473
504 491
510 496
525 511
561 543
579 559
573 552
577 556
597 575
602 583
589 573
585 571
603 587
604 592
587 576
583 572
595 582
593 583
576 570
567 564
584 576
587 580
564 560
560 556
569 566
566 565
546 547
537 537
550 547
549 549
528 526
522 516
531 524
514 523
507 508
498 500
513 511
496 512
490 493
486 488
498 499
486 499
479 482
472 475
486 489
474 493
471 473
464 465
476 477
462 480
455 464
447 457
465 471
448 472
445 454
442 450
455 462
441 462
443 453
450 459
488 492
492 511
511 510
527 522
560 551
563 567
570 563
573 564
596 584
586 593
587 579
586 577
604 592
589 594
580 576
573 570
591 585
575 586
571 566
567 561
582 576
570 579
563 561
557 555
569 567
552 568
546 547
540 539
550 549
530 546
521 528
515 522
531 535
512 533
505 511
500 505
513 519
498 518
490 499
483 491
501 507
485 507
482 486
478 479
489 491
472 492
466 476
461 470
477 484
459 485
454 466
451 462
463 474
447 472
438 455
432 450
452 468
443 473
452 463
465 473
500 507
508 529
526 533
542 543
575 573
570 586
577 576
582 579
601 597
589 601
585 588
584 587
605 606
588 606
583 585
579 580
592 594
577 594
571 575
566 569
581 585
565 586
561 566
570 559
566 569
547 554
536 548
545 541
547 555
526 537
518 529
525 523
524 537
506 522
497 513
507 507
509 525
492 510
490 503
501 496
499 509
482 497
475 495
487 489
490 504
472 486
467 481
478 478
477 491
460 477
451 470
461 464
465 483
448 466
445 460
453 456
450 470
435 460
433 459
456 462
477 492
479 496
498 513
534 530
554 562
553 564
558 572
581 578
594 603
583 590
583 587
597 586
598 606
583 595
578 589
589 583
590 600
571 584
566 579
579 573
577 585
559 570
551 565
564 560
567 574
548 554
541 546
548 541
545 554
525 538
516 530
524 524
523 543
501 528
495 521
504 513
502 525
483 512
475 508
487 505
489 520
468 500
462 495
472 493
471 507
453 492
443 480
458 474
463 493
443 479
436 473
444 469
439 484
421 473
416 467
430 464
432 481
410 466
406 465
423 467
434 490
435 485
451 498
488 520
517 561
517 563
528 573
551 584
559 611
546 602
551 597
573 598
579 616
562 601
561 598
576 607
576 607
554 591
548 586
565 604
571 611
549 594
540 584
552 595
554 602
536 591
527 583
536 590
535 588
515 571
510 563
520 568
515 564
494 547
487 541
507 555
506 551
483 531
478 525
490 538
491 540
472 523
464 513
476 524
479 527
460 508
454 494
470 494
459 493
456 479
450 475
466 488
450 489
443 471
438 466
451 479
442 482
445 474
453 482
486 507
501 530
524 531
539 544
564 572
561 587
564 584
567 586
586 602
574 607
572 592
571 592
585 605
569 603
560 586
552 581
568 596
557 600
553 579
548 571
560 583
547 586
542 570
537 559
549 567
531 569
526 550
521 544
527 549
513 539
506 520
501 516
514 528
501 527
496 504
490 498
501 510
489 514
482 498
477 490
489 502
475 507
473 488
469 480
482 488
466 488
459 474
456 472
473 485
457 486
451 464
444 453
463 462
456 455
459 436
468 432
506 456
516 473
542 469
565 480
601 509
605 525
614 522
622 526
649 549
637 557
638 543
639 543
657 562
644 565
637 549
630 546
646 565
629 571
624 551
618 545
629 557
613 562
604 547
598 541
610 560
585 566
573 544
565 540
571 553
548 550
531 532
522 525
536 539
518 537
510 510
502 502
512 513
497 514
490 496
484 489
498 503
479 507
474 490
482 487
479 501
458 488
449 484
459 482
463 497
446 482
440 475
447 470
448 480
437 467
432 459
445 453
452 468
450 461
467 468
501 483
520 516
526 527
538 547
566 564
582 595
571 590
571 595
585 602
585 620
575 606
574 600
589 601
594 623
577 615
571 616
574 612
565 623
548 600
552 583
578 565
591 570
579 547
576 547
581 548
573 560
550 543
538 537
542 532
543 547
524 533
515 528
518 519
513 532
494 521
486 516
495 509
494 521
476 506
471 503
481 498
478 508
460 482
460 471
477 462
489 472
478 448
478 437
491 433
489 449
472 438
464 431
474 427
482 446
474 442
488 454
521 470
541 504
546 508
562 524
596 549
606 582
592 569
596 574
613 577
618 603
606 598
595 591
610 589
614 608
594 594
589 587
601 580
599 593
582 581
575 573
595 566
602 579
583 561
577 557
588 558
584 577
559 563
545 557
550 554
550 569
534 544
533 532
546 521
547 530
531 512
525 505
539 499
540 514
516 499
508 494
518 508
512 507
491 486
484 479
498 491
500 501
476 482
467 471
477 478
476 475
463 456
459 443
487 437
487 448
462 430
462 430
482 455
493 466
496 468
515 484
555 519
581 546
579 544
588 552
611 579
616 596
602 591
598 588
614 604
618 608
603 592
601 587
612 595
598 590
594 571
589 565
607 575
597 574
594 552
590 546
602 559
586 558
580 538
572 527
585 537
568 537
562 516
554 508
560 518
539 514
532 495
526 485
541 495
525 494
518 475
511 472
522 483
507 480
508 452
503 442
513 459
494 469
485 455
475 453
480 469
463 472
457 458
452 453
466 467
453 472
449 452
446 449
460 463
445 465
435 446
429 444
448 464
443 474
457 468
472 483
508 518
519 541
539 546
554 557
586 583
588 596
598 583
604 583
621 597
609 601
604 588
602 584
623 599
611 601
609 577
606 570
620 582
608 584
604 566
600 559
617 572
602 576
596 554
593 548
601 555
579 549
570 530
559 522
573 533
553 532
543 507
536 502
543 512
522 507
512 486
503 478
522 489
506 491
503 471
496 462
509 475
490 474
480 457
476 452
493 465
475 466
470 448
463 443
474 453
460 454
449 436
443 432
459 450
446 453
446 435
452 438
483 469
488 489
506 494
527 509
563 542
562 560
571 554
593 560
601 580
588 579
577 581
587 581
594 600
577 582
572 576
581 569
581 583
566 571
560 567
571 562
575 576
561 563
557 557
569 552
566 562
546 546
535 540
544 534
546 547
528 526
522 517
529 510
529 523
511 507
506 497
523 476
527 489
512 478
504 471
515 469
508 480
490 467
483 463
496 459
500 473
484 456
479 448
491 443
493 458
476 442
470 437
476 430
477 449
458 434
453 431
462 425
467 446
459 443
472 456
510 474
533 512
538 519
552 532
580 546
593 574
582 575
578 578
595 579
605 600
591 583
591 576
603 568
605 582
587 566
581 560
596 556
596 573
577 557
574 554
586 549
585 560
569 545
562 540
570 532
573 548
552 527
544 519
551 511
546 525
526 508
516 500
527 495
526 513
503 494
497 488
508 484
505 496
486 481
477 476
493 475
495 493
475 474
468 468
480 466
480 482
463 468
456 463
465 465
464 489
442 478
435 477
444 476
440 492
421 481
418 482
442 488
461 519
462 523
482 541
520 576
544 598
549 598
560 604
589 627
604 638
595 624
597 620
614 632
618 635
603 621
599 615
616 625
617 626
599 607
596 600
612 610
615 608
599 590
593 583
612 593
617 590
599 568
592 557
601 567
595 567
574 551
563 542
574 552
570 552
548 532
541 526
550 534
532 531
521 516
509 510
522 523
505 526
497 506
489 500
498 512
482 513
476 497
467 489
479 503
461 507
458 487
453 481
463 491
446 490
439 473
438 473
467 495
470 512
489 508
511 521
551 552
559 570
573 566
580 570
603 594
597 601
601 585
602 579
618 591
606 594
600 583
593 578
608 590
594 587
594 563
593 556
608 571
591 576
580 565
569 561
583 577
567 576
563 550
559 538
569 545
551 543
543 522
536 510
551 519
533 516
528 493
523 486
534 497
518 495
510 475
503 468
522 479
506 479
501 459
495 452
506 465
488 467
479 453
469 449
477 473
452 482
444 464
438 458
449 467
432 465
424 451
418 460
441 487
441 504
458 500
477 515
516 549
525 568
539 564
549 568
578 591
573 599
577 583
579 579
597 592
585 592
579 575
577 570
595 583
578 582
573 560
571 556
586 570
573 568
571 548
569 538
588 554
572 552
568 529
563 519
574 529
556 528
547 510
541 502
557 516
537 512
532 492
546 481
542 497
523 481
513 478
523 475
525 495
507 481
501 476
510 472
507 488
490 482
481 480
491 475
492 488
473 470
468 464
480 458
480 470
464 462
461 472
484 480
510 515
514 515
531 527
560 537
576 563
575 561
578 562
596 562
602 585
586 576
582 573
595 570
595 582
577 569
566 561
580 555
585 573
565 554
563 549
575 542
577 555
568 533
559 524
570 519
571 538
548 522
539 518
547 513
541 524
522 510
510 503
521 499
522 517
495 502
486 499
494 495
491 507
474 491
468 483
480 476
486 495
467 474
465 462
481 454
483 463
472 441
468 435
483 429
486 444
471 429
464 424
477 424
476 441
467 435
473 445
505 467
529 509
532 516
545 532
573 545
590 576
583 571
589 576
607 575
616 599
600 586
600 584
619 583
619 597
602 581
591 574
606 573
608 592
586 576
577 573
585 573
582 589
564 574
555 565
568 560
568 577
545 557
539 548
548 540
544 550
526 533
514 525
528 520
529 532
511 513
503 503
517 516
514 512
496 494
488 486
501 496
505 499
484 479
480 471
490 480
491 482
469 464
465 462
478 472
476 473
455 456
450 454
459 466
459 467
444 453
447 455
482 485
499 504
506 509
517 522
545 552
557 571
551 572
551 574
573 594
576 599
563 586
566 585
578 595
566 593
562 577
553 568
571 582
559 582
556 563
550 554
564 567
550 568
547 553
538 542
553 551
538 553
532 531
527 524
540 531
522 526
514 509
504 500
520 512
504 512
499 491
491 485
503 497
490 500
484 482
476 472
492 485
476 489
474 471
470 465
482 475
466 477
460 462
457 455
476 469
464 471
461 451
456 446
468 459
456 458
450 443
443 438
465 461
462 478
477 480
492 493
527 525
533 544
548 547
558 554
587 579
579 591
584 571
583 574
595 593
581 597
574 586
563 582
579 602
561 604
559 584
553 575
568 589
553 589
550 573
546 561
565 572
551 573
543 547
539 539
553 548
533 543
525 523
522 518
537 531
522 529
519 506
514 498
531 512
511 506
507 487
502 478
518 491
500 494
495 477
488 472
499 484
480 484
470 467
467 464
481 479
463 480
458 464
450 458
462 472
446 472
437 452
432 446
453 463
449 473
463 467
485 481
520 512
530 535
542 536
559 549
590 578
579 586
580 572
598 575
603 594
590 582
584 578
596 576
600 595
585 583
581 578
588 570
586 582
570 570
565 565
582 562
584 575
563 555
557 549
565 540
568 542
550 522
539 513
546 509
543 530
519 517
512 516
514 507
512 521
491 505
483 498
494 490
495 506
475 487
472 485
481 477
480 491
465 477
455 465
476 454
477 469
457 453
451 449
461 447
458 463
442 453
433 444
445 439
451 458
431 443
430 442
449 444
464 470
469 476
487 493
526 510
552 547
553 546
563 554
587 561
595 584
585 575
583 573
601 573
606 595
591 580
590 576
597 569
598 585
577 569
571 564
585 559
590 576
569 557
566 554
576 549
575 562
558 547
545 538
555 532
555 550
532 530
526 523
532 514
528 529
508 512
499 507
511 502
508 519
485 500
479 495
490 492
489 505
471 489
464 482
478 480
480 498
462 478
456 469
468 466
467 480
450 465
443 459
455 457
456 475
435 460
429 457
440 454
436 469
420 461
422 465
453 481
477 518
478 521
495 536
528 566
545 586
540 588
539 592
557 609
565 617
552 600
553 594
568 602
569 600
554 580
557 560
575 572
576 579
551 566
544 570
553 587
549 592
527 578
514 570
524 581
525 582
502 558
493 545
500 549
495 547
472 534
460 526
469 532
467 528
446 503
442 493
454 500
440 494
434 474
427 466
440 478
428 481
423 461
414 455
422 466
405 467
400 448
397 436
413 445
398 449
394 432
389 428
401 436
386 432
382 414
377 404
402 411
404 400
419 386
437 395
475 431
487 456
508 466
524 484
552 521
547 550
551 544
552 551
572 568
562 579
553 565
558 556
587 570
577 569
578 545
576 540
587 557
570 566
557 548
549 542
563 555
547 557
544 534
539 526
548 533
532 529
524 509
518 498
535 504
519 498
518 472
520 455
532 461
517 458
506 438
501 434
514 445
499 445
497 424
493 415
507 427
488 424
482 406
478 398
497 413
478 413
474 398
466 393
477 406
461 405
452 390
443 390
456 409
440 413
435 395
426 390
439 405
432 412
440 408
460 421
499 454
508 479
530 485
548 500
579 533
577 547
578 542
580 544
603 567
589 572
590 563
582 560
595 574
582 575
575 557
570 550
589 567
572 568
570 551
566 544
580 558
566 559
557 540
554 529
573 544
551 541
545 521
550 514
546 528
528 516
516 510
524 506
523 525
503 512
496 506
505 501
502 513
488 503
480 499
489 494
490 515
469 502
461 498
474 496
470 506
454 491
446 485
459 481
462 496
449 481
443 471
455 465
455 480
436 467
435 464
444 456
453 477
452 477
465 488
502 507
524 540
530 546
543 562
572 575
588 602
581 594
579 590
593 590
597 609
581 596
577 590
585 582
586 598
567 582
564 578
576 570
576 586
558 571
552 568
569 563
573 577
552 557
549 550
556 543
553 555
534 535
524 525
530 517
531 533
508 512
504 502
512 492
511 502
492 486
493 474
507 462
507 479
480 467
472 471
475 468
474 485
453 469
445 462
458 461
459 478
445 465
436 460
441 458
437 476
417 466
408 458
423 451
430 464
410 449
409 450
434 457
455 486
465 490
487 505
530 525
560 561
562 557
573 563
595 571
601 595
591 587
591 585
608 583
615 603
596 588
595 585
606 577
604 590
585 578
576 573
593 577
594 591
573 570
567 564
578 577
577 574
560 554
552 545
564 552
566 552
544 531
540 521
549 528
544 525
521 508
510 500
526 509
529 506
510 486
502 480
511 495
511 496
487 480
474 478
485 493
483 497
464 478
461 470
471 478
472 482
450 465
444 458
460 468
462 470
440 452
435 450
443 462
431 461
431 448
437 453
473 485
484 508
509 511
529 526
562 557
567 577
574 575
577 578
598 597
587 609
586 594
587 587
607 595
598 591
596 571
591 563
610 576
597 577
594 558
588 554
600 569
586 569
581 553
574 546
588 559
571 561
564 542
558 532
568 538
552 533
543 514
535 505
553 518
535 517
528 494
521 486
532 498
516 497
509 480
504 472
520 486
503 489
499 471
495 464
506 475
490 476
486 466
477 459
494 472
475 472
468 452
462 450
473 466
455 470
444 454
436 450
456 469
450 482
462 477
479 489
516 521
526 542
550 535
565 546
595 577
586 593
587 586
587 589
604 606
590 607
584 592
578 588
595 605
577 608
571 584
567 578
580 593
566 592
565 573
564 563
585 575
571 572
569 548
572 533
590 533
567 534
550 521
537 520
547 536
524 537
515 513
508 507
515 525
495 524
488 503
485 494
503 507
486 508
484 485
482 476
495 487
479 486
471 470
466 469
481 483
464 480
462 464
465 461
463 474
444 461
434 455
446 447
453 464
447 455
461 462
493 474
517 509
527 519
545 538
577 550
596 579
591 574
597 577
614 578
621 595
610 585
605 584
617 585
619 606
601 592
594 586
602 582
598 599
580 589
574 585
584 583
585 600
564 587
557 582
567 575
564 584
546 565
537 558
545 552
548 567
525 549
519 536
533 525
531 534
517 515
511 505
523 496
526 511
507 494
502 488
513 482
511 494
490 480
481 477
492 474
495 490
475 470
470 464
481 460
479 471
463 457
455 448
469 442
472 459
457 443
464 444
491 451
512 484
519 492
537 510
574 525
597 558
594 554
601 560
621 566
626 587
613 576
609 575
626 575
629 595
612 578
608 571
618 567
616 582
598 569
592 563
607 558
608 574
589 557
583 553
594 549
592 562
571 546
559 539
568 535
567 550
544 530
535 523
542 520
536 534
516 520
508 511
519 505
518 522
497 504
492 498
503 491
504 502
485 486
476 482
489 483
486 511
457 498
446 495
455 507
454 509
437 490
431 481
445 491
450 493
432 473
431 465
448 474
458 482
457 482
472 499
511 535
536 561
535 566
547 583
572 613
580 626
570 618
568 618
586 639
594 651
576 636
573 631
585 641
583 642
567 627
566 625
581 635
588 638
569 621
566 619
578 629
559 628
546 616
538 618
545 633
528 626
529 595
528 576
543 577
532 568
531 542
529 529
545 533
531 531
530 510
529 501
540 508
521 505
511 488
505 485
519 498
504 501
492 480
480 473
490 485
472 483
462 463
452 450
465 459
448 458
444 437
437 430
451 443
445 453
453 452
466 465
499 494
499 509
507 501
513 506
535 527
526 531
523 516
520 510
540 527
531 534
529 514
518 503
529 515
512 518
504 504
500 497
519 511
503 515
496 499
488 500
498 514
482 514
472 495
467 493
476 507
459 509
454 486
446 476
457 487
440 488
434 471
433 462
450 471
437 471
436 450
434 446
448 457
434 459
423 441
417 435
428 442
423 442
426 424
420 419
434 433
420 435
415 416
412 404
430 414
418 416
418 393
415 386
428 397
419 403
426 400
429 404
471 428
478 443
491 435
499 444
521 469
514 478
513 468
512 470
532 497
516 510
516 494
517 491
532 507
515 511
506 500
504 498
522 516
506 521
502 506
511 505
512 521
497 510
489 506
499 502
502 522
481 508
477 499
486 493
483 508
467 497
460 495
470 488
476 499
464 482
466 473
482 460
488 467
476 450
470 447
479 446
480 468
461 457
456 457
467 463
464 482
446 473
431 466
439 459
444 475
427 464
423 463
434 462
435 477
420 460
419 457
441 457
463 480
467 472
485 479
518 489
538 513
543 507
555 509
581 513
594 538
585 529
590 527
613 526
623 542
615 532
613 532
633 531
644 550
634 536
635 534
650 533
652 550
639 541
635 540
650 542
649 568
628 556
619 554
624 550
616 564
593 552
582 547
592 542