195 122
210 156
235 174
267 207
310 249
323 278
344 282
375 297
392 328
394 335
404 347
427 357
437 375
429 366
430 365
445 366
447 382
432 371
425 366
439 367
448 386
434 373
427 365
434 357
434 373
420 364
413 361
421 357
419 365
402 349
396 344
405 338
403 350
387 334
382 328
394 325
396 338
381 323
377 316
386 312
386 328
373 317
369 314
382 307
381 314
370 304
376 308
397 315
413 347
421 360
435 379
472 400
493 433
496 438
510 455
531 463
543 494
536 494
537 504
552 510
555 527
541 516
537 511
547 503
543 512
527 497
522 493
532 487
533 494
515 473
510 464
519 457
517 468
498 452
489 443
497 435
496 444
478 423
472 410
477 402
471 414
452 400
445 392
457 379
460 380
445 362
439 354
449 350
447 362
428 348
420 343
431 340
432 352
416 334
415 328
432 332
445 361
448 369
463 387
499 407
524 441
529 447
543 466
565 487
573 516
565 516
569 524
591 531
600 547
587 531
584 525
598 523
596 536
575 524
566 519
574 516
570 528
548 511
538 501
543 507
537 505
515 490
507 487
514 494
509 492
484 470
473 460
478 466
473 464
453 445
442 433
451 440
449 436
430 416
425 406
435 410
434 408
417 391
412 384
425 389
423 383
403 364
397 359
408 372
411 378
403 376
412 388
445 421
472 445
477 450
494 463
524 491
530 511
541 513
549 521
571 540
565 548
569 538
570 537
585 550
571 551
564 537
557 531
571 539
557 534
550 510
543 498
551 506
537 505
529 489
520 482
528 488
511 486
502 467
494 459
501 466
482 463
473 444
466 432
485 430
473 429
463 408
455 403
461 413
445 416
436 399
427 392
437 403
423 407
415 385
407 377
414 385
399 386
393 374
389 373
405 386
401 392
413 386
431 400
468 436
476 459
492 465
510 480
537 507
539 525
549 519
555 521
573 541
568 554
568 549
567 547
583 555
572 550
569 525
566 516
579 526
559 521
557 505
547 497
557 507
541 504
536 479
531 466
539 471
522 468
510 449
499 440
506 447
484 445
477 425
470 416
477 424
456 423
444 409
435 407
446 419
428 414
421 392
410 382
420 395
402 398
395 383
387 376
396 385
381 386
374 366
365 361
372 373
353 378
350 373
355 380
384 408
387 427
404 433
422 461
456 501
463 521
478 521
496 533
525 559
525 573
534 557
553 555
562 570
557 563
555 562
571 561
567 565
550 547
541 535
550 527
550 534
535 520
523 509
532 503
533 512
518 494
511 483
514 473
506 483
485 470
478 464
485 453
484 461
464 444
454 433
459 425
454 433
437 415
426 409
435 406
431 415
412 397
406 391
408 382
407 400
387 387
379 383
386 377
386 390
368 375
365 372
371 365
369 379
358 374
358 382
387 397
406 426
414 431
434 448
469 470
490 506
496 515
507 527
533 537
549 565
541 559
545 560
562 560
564 575
552 568
546 565
557 562
553 570
535 550
528 534
547 522
546 538
524 526
513 525
517 525
514 542
491 524
483 517
484 507
478 520
458 505
449 500
461 494
455 496
438 477
431 471
437 466
432 476
412 461
404 453
415 449
415 457
399 436
398 427
404 418
404 432
390 419
383 411
394 403
397 411
383 392
386 387
401 380
411 400
406 397
420 413
458 433
486 466
495 469
514 481
546 497
563 530
560 532
566 540
589 550
600 572
589 561
590 555
602 561
600 559
584 546
578 541
591 549
591 542
575 522
567 511
575 520
572 523
550 506
540 501
546 511
542 509
522 488
511 475
516 479
511 478
492 463
487 455
494 460
491 457
468 437
460 431
467 442
460 439
438 424
425 420
435 432
434 432
413 413
405 402
412 410
396 413
389 402
382 398
392 407
376 404
373 388
374 387
396 403
398 402
423 409
445 433
485 473
495 501
509 508
522 525
549 558
550 579
556 580
561 585
582 604
575 611
578 599
578 596
589 606
574 605
569 590
563 584
577 591
562 583
556 560
550 551
560 562
545 563
537 546
530 538
541 543
525 539
519 516
513 503
520 507
503 505
495 489
489 482
498 488
479 482
471 462
465 456
476 465
461 462
454 443
447 437
459 449
443 448
437 426
430 416
438 427
422 430
417 419
415 417
433 433
430 445
445 446
464 463
500 497
508 520
525 527
543 544
577 574
579 588
589 578
596 581
617 603
610 614
610 603
608 600
621 610
606 609
602 588
598 577
610 584
593 582
585 566
580 563
591 572
572 567
562 543
554 535
561 546
543 545
536 526
528 514
538 521
516 517
507 494
497 484
502 492
480 491
470 477
464 472
473 480
454 476
446 454
440 448
451 460
433 461
423 442
417 436
428 448
414 450
415 432
432 433
446 459
453 469
472 490
506 507
532 538
539 542
557 556
587 569
602 596
599 594
603 599
624 603
635 622
624 608
621 602
629 596
626 610
609 599
602 595
608 587
606 595
586 578
579 572
585 564
580 572
559 556
549 552
554 556
543 565
520 543
509 529
513 519
509 529
491 513
481 504
488 494
485 502
468 486
462 479
467 469
461 476
442 461
434 456
445 450
445 457
427 435
422 428
433 425
444 450
439 448
450 457
485 475
510 510
519 519
540 535
571 549
588 580
588 584
598 597
623 609
629 628
620 620
622 622
636 621
635 634
618 619
608 613
618 612
615 622
595 601
587 589
593 581
590 594
572 580
564 573
575 566
573 574
549 551
544 544
549 533
545 543
521 522
512 516
520 509
519 517
497 495
490 483
496 475
492 488
476 475
469 466
477 458
477 467
460 451
456 443
465 436
467 452
449 439
454 446
482 457
507 485
513 486
533 500
570 521
595 559
600 565
612 577
638 588
650 614
643 609
647 612
664 626
667 630
654 619
650 616
664 624
662 617
638 596
626 588
634 599
626 597
603 583
590 576
600 585
596 583
577 563
568 549
576 553
571 547
551 531
545 523
554 523
554 515
532 492
524 481
533 486
529 482
509 463
502 456
513 465
514 464
496 445
483 433
489 444
472 449
464 437
458 437
474 453
471 462
487 463
506 475
545 504
560 528
574 532
594 552
623 581
624 593
635 586
644 587
666 607
661 616
662 607
657 603
673 616
652 613
648 595
639 582
646 586
628 583
622 567
613 561
625 570
604 563
594 541
585 536
586 546
567 547
551 529
538 521
543 531
523 530
513 508
503 497
511 505
489 502
479 487
471 481
481 487
463 481
457 460
449 453
458 464
440 464
431 448
421 445
432 458
416 459
415 442
418 441
443 465
449 488
468 499
489 521
527 556
537 580
557 585
573 600
603 628
602 643
609 640
617 648
640 669
631 671
630 653
627 646
638 658
621 659
613 641
606 630
617 636
600 632
594 609
589 598
597 604
579 598
570 579
565 572
575 576
556 568
548 541
539 530
547 538
527 535
519 512
511 499
521 506
503 502
495 479
486 468
494 475
475 475
467 459
463 454
473 460
456 454
449 431
443 427
453 440
434 441
428 428
430 429
455 452
459 469
480 469
514 485
540 522
550 535
568 556
602 571
622 596
621 594
631 600
651 605
657 625
645 617
639 617
649 616
650 628
634 609
628 596
635 586
633 594
620 578
615 571
624 562
622 568
605 551
597 542
603 533
597 543
574 527
561 520
568 513
564 520
542 500
527 491
527 487
517 514
486 510
470 506
470 500
467 509
450 493
443 481
452 473
447 480
428 464
421 459
433 453
434 460
418 440
417 435
438 440
452 468
457 475
474 495
510 514
537 549
545 556
562 568
591 578
606 606
603 606
609 615
631 619
638 634
626 619
625 617
636 613
635 624
614 603
604 594
614 587
613 596
595 575
590 564
596 552
593 561
574 546
566 539
571 527
567 533
545 514
535 504
540 496
534 507
514 489
503 483
508 476
506 486
486 465
479 453
484 445
483 461
464 445
458 439
468 427
468 437
447 421
442 414
455 412
460 429
457 430
470 448
508 469
534 505
540 513
560 530
592 549
610 585
608 590
616 603
640 612
648 634
636 625
634 623
644 635
641 638
620 625
609 619
619 627
616 621
596 599
587 590
594 599
589 597
566 579
554 568
566 576
565 570
554 541
559 516
579 508
585 494
577 463
581 439
604 429
612 404
600 373
609 340
640 322
655 279
664 220
680 153
749 160
761 139
758 119
751 101
763 106
750 101
750 81
750 83
761 110
757 138
758 162
757 205
763 258
758 302
753 332
750 366
761 414
758 444
754 450
750 465
762 500
749 522
738 521
726 526
730 544
707 551
692 538
676 534
673 544
645 548
627 539
611 541
616 554
590 553
576 534
561 527
564 540
542 541
528 524
516 518
521 527
499 527
487 506
476 498
479 508
457 511
447 499
438 498
444 507
423 507
413 489
405 485
415 495
397 491
389 473
386 474
404 494
401 509
414 508
430 522
465 560
475 586
493 594
510 612
542 640
545 653
557 644
568 642
595 656
591 658
589 639
594 638
609 646
593 640
585 616
573 607
580 620
559 620
544 602
534 595
543 604
524 602
517 580
510 567
514 569
496 565
487 543
479 533
490 538
472 532
462 509
450 501
453 512
432 515
420 498
410 493
418 505
402 506
395 481
390 471
398 479
380 480
374 466
370 465
387 479
381 485
393 480
407 495
442 532
450 556
474 560
500 570
540 599
544 616
557 610
578 617
587 643
578 643
582 653
595 658
600 675
589 660
590 651
605 640
607 647
589 630
579 626
584 623
578 635
554 618
541 609
541 602
531 614
505 600
494 587
504 570
508 565
499 536
501 515
511 500
506 506
484 495
466 494
467 494
460 510
434 496
424 491
426 488
420 502
400 488
386 482
391 476
388 487
369 470
364 465
377 465
384 489
385 497
400 518
439 543
466 578
476 584
496 599
526 617
543 647
543 649
549 656
571 663
581 685
572 676
569 670
581 665
579 676
560 659
552 653
562 645
560 652
542 631
537 622
545 617
544 626
523 608
513 600
521 592
519 601
497 576
490 562
495 553
491 561
471 543
462 532
474 521
470 524
451 503
448 494
458 487
455 497
434 479
427 475
438 472
437 482
417 462
414 455
430 460
443 488
445 496
461 514
497 532
524 567
530 574
549 589
579 603
592 629
591 629
597 637
623 645
630 660
618 644
617 639
626 637
622 650
600 632
589 623
597 616
594 625
571 604
563 592
569 595
565 594
545 579
533 571
544 575
538 564
518 539
509 528
516 532
507 525
485 506
475 494
482 500
480 497
460 474
452 463
460 467
460 469
439 452
432 446
444 454
440 450
417 430
414 427
430 442
435 452
433 457
448 477
485 513
509 537
516 544
535 559
566 591
568 611
578 610
587 618
611 636
603 641
610 630
613 625
626 632
613 631
606 614
599 606
609 609
594 604
587 581
580 569
588 574
574 574
563 554
550 543
560 550
541 545
531 520
524 510
530 516
509 512
496 492
488 485
495 491
478 486
468 461
461 453
469 463
451 462
443 443
438 437
447 445
431 444
423 421
417 413
426 422
414 426
413 421
420 430
451 459
460 480
482 487
503 508
540 546
547 569
559 572
573 587
602 612
602 621
609 608
612 604
630 621
616 623
610 608
605 600
615 605
597 601
589 578
584 571
594 580
574 576
563 555
558 550
567 556
549 550
539 524
529 516
535 522
517 523
507 501
498 491
507 496
488 492
480 470
469 459
477 469
456 469
445 454
440 451
451 461
434 456
428 434
423 428
434 442
419 445
419 435
426 438
459 466
467 486
490 488
513 504
549 538
555 561
570 567
583 578
609 603
603 614
607 605
610 609
625 628
611 632
602 616
597 612
605 623
584 621
577 596
582 586
578 595
560 580
552 573
560 562
558 566
539 545
532 534
535 523
530 528
509 509
499 499
507 491
504 498
485 477
478 464
483 453
477 463
458 450
449 444
456 436
455 446
436 428
429 422
435 415
430 426
414 415
410 419
429 428
446 458
448 464
465 483
496 507
517 550
522 563
534 579
560 593
575 621
569 618
576 623
592 624
596 641
582 633
576 632
586 627
585 634
565 612
559 601
566 592
561 603
542 585
533 574
542 565
545 562
532 542
525 533
530 526
522 537
498 525
485 520
490 514
484 522
461 502
451 494
456 487
451 496
430 477
422 469
433 463
433 473
416 451
411 440
419 431
418 443
401 427
398 408
420 407
428 428
423 428
436 445
466 467
487 507
492 518
505 537
538 557
556 586
553 583
560 587
582 593
591 616
579 609
577 607
590 602
592 611
574 589
569 578
577 570
574 578
554 561
546 555
556 550
554 558
532 536
523 527
529 522
525 535
505 517
494 508
502 502
500 509
480 485
478 467
496 458
506 440
505 406
515 395
536 381
553 352
554 302
571 265
603 247
620 221
619 186
629 167
658 175
674 180
672 172
686 176
720 207
742 238
744 257
748 283
761 313
760 330
752 325
752 326
763 340
761 342
752 334
748 333
761 345
761 346
754 325
750 315
762 325
750 330
747 323
741 327
750 343
728 349
719 335
711 327
720 334
702 333
693 322
685 318
702 331
687 330
679 300
678 293
691 306
675 319
661 319
643 323
646 348
620 365
606 362
589 374
583 402
550 420
526 421
505 439
504 476
472 510
460 522
465 538
497 570
506 590
528 584
557 590
599 614
612 627
631 612
645 608
674 618
675 617
686 604
691 600
706 615
685 622
673 605
655 606
652 623
622 625
604 614
588 610
600 619
584 614
584 582
579 566
590 573
570 567
554 547
542 539
549 547
521 550
505 531
509 489
546 457
555 421
563 370
569 301
632 274
648 174
681 155
676 135
666 146
618 182
576 220
537 264
508 334
443 392
393 426
354 468
344 526
319 567
315 598
314 634
333 686
326 718
335 720
345 736
368 763
360 764
355 758
352 755
372 763
360 764
361 751
366 743
386 749
377 748
383 727
394 712
413 711
407 698
423 659
436 648
470 628
477 594
491 545
493 511
539 533
530 527
526 500
532 483
532 480
524 441
523 425
519 407
453 431
379 476
335 526
331 569
335 597
330 577
334 557
354 535
366 533
364 492
380 452
408 427
391 454
368 488
345 542
348 593
368 650
385 666
415 677
456 678
480 691
489 672
512 658
546 642
548 659
516 644
497 647
473 670
444 714
396 738
375 756
402 748
429 747
423 697
360 688
332 724
293 764
250 762
227 758
241 753
256 762
262 735
271 707
287 692
273 702
238 699
195 712
185 728
180 750
174 719
230 615
318 522
397 489
421 459
435 459
440 451
428 473
394 473
359 492
342 508
323 542
290 565
268 617
272 667
279 726
336 731
416 686
458 645
494 663
508 646
560 636
643 606
693 597
696 571
706 560
721 555
717 566
710 548
746 509
761 488
761 471
757 428
753 399
762 385
762 396
748 379
742 372
752 366
751 375
731 355
723 349
725 343
712 356
682 345
667 345
670 345
661 360
636 339
628 327
638 319
636 332
615 316
606 308
612 304
609 319
585 305
575 299
577 308
565 310
537 305
523 316
535 344
544 361
537 364
555 384
590 420
610 448
608 462
617 483
650 515
669 533
662 528
660 528
669 553
662 579
638 587
623 597
632 612
632 612
612 594
606 588
617 594
613 594
592 576
581 572
592 586
588 588
564 566
561 548
572 552
554 551
543 534
531 523
543 528
527 522
522 497
515 486
521 491
505 483
498 464
488 459
499 472
482 468
480 437
480 425
491 435
470 441
453 433
433 436
437 455
417 464
416 453
420 462
439 497
434 530
441 549
450 580
480 624
478 651
486 656
492 672
511 702
503 719
502 713
499 717
518 736
506 740
504 720
499 709
509 716
492 713
485 692
479 680
495 683
482 673
481 642
480 629
493 634
477 630
467 611
455 603
465 610
448 605
441 574
436 555
447 556
432 544
434 512
437 488
463 480
455 465
457 436
456 423
468 421
456 404
451 367
445 348
440 355
357 380
291 428
246 494
232 559
221 582
221 573
234 579
295 596
331 604
384 590
440 579
504 586
536 580
567 559
595 559
628 577
625 573
637 554
647 555
676 569
672 562
666 539
660 527
677 534
660 527
649 505
635 496
641 502
619 497
603 479
588 478
596 492
574 485
565 467
558 461
565 472
540 471
527 446
519 431
532 434
515 427
511 407
516 391
521 399
509 381
505 369
519 354
519 357
502 332
498 326
506 319
499 328
475 313
462 310
472 308
473 329
460 320
463 324
487 335
503 373
506 389
522 408
560 419
587 447
593 446
609 454
635 458
647 475
640 464
645 463
670 458
681 469
669 445
665 437
670 433
666 451
640 445
621 444
622 443
616 463
592 449
580 443
583 432
570 443
541 434
525 434
527 432
516 447
488 426
477 418
481 411
476 425
457 410
448 399
463 387
466 396
449 374
442 360
448 349
445 356
430 344
422 340
424 329
413 342
392 322
393 314
408 305
418 307
419 274
432 240
471 220
508 246
517 236
533 248
557 272
571 318
573 333
592 347
632 354
656 381
662 372
681 374
713 371
730 383
726 368
709 387
702 417
681 459
645 460
629 464
629 468
620 489
599 477
594 467
610 454
611 467
594 445
595 431
610 415
614 415
600 390
597 378
617 365
620 368
599 337
591 328
597 329
591 346
567 330
556 323
567 318
564 334
546 315
542 303
553 305
551 300
536 284
533 279
544 291
530 297
493 294
466 311
451 348
429 373
399 385
383 415
398 466
404 509
392 533
387 566
401 611
406 644
398 660
399 679
419 709
421 721
410 717
414 726
438 750
450 752
429 727
422 720
438 733
435 732
416 709
408 697
417 704
397 704
370 691
365 696
383 705
372 696
375 670
375 657
387 658
374 648
370 621
369 610
388 615
375 606
370 577
368 562
384 567
374 563
370 541
366 528
396 539
388 527
388 498
384 481
393 482
381 477
386 461
383 447
398 453
384 448
387 433
396 439
425 470
429 492
441 496
453 513
490 547
494 566
507 564
515 571
537 595
534 608
538 605
539 612
561 633
550 635
551 617
554 615
572 624
553 615
544 591
537 580
555 589
539 582
532 556
526 542
536 547
521 543
514 522
507 508
521 513
505 503
503 480
499 471
509 478
490 473
482 452
478 445
494 456
477 449
471 423
468 412
482 420
469 418
464 397
460 385
479 392
465 388
465 369
465 363
484 376
480 385
491 385
506 402
545 436
551 453
569 453
588 467
618 497
615 516
616 516
616 527
635 559
620 575
618 568
613 567
622 583
603 585
595 571
588 566
601 578
581 573
574 553
567 548
577 561
557 559
546 539
540 531
557 546
540 542
534 517
542 503
541 511
525 496
519 488
531 479
530 485
514 462
516 454
524 440
524 446
512 426
510 416
523 408
526 422
507 405
507 402
528 406
542 434
544 442
556 459
584 472
604 505
603 507
614 518
636 524
647 543
646 535
661 529
696 518
715 526
712 496
719 478
738 466
746 474
734 455
732 443
750 431
754 436
739 411
735 397
743 381
739 381
721 359
716 350
728 342
722 351
691 323
678 314
683 310
673 321
646 306
629 302
632 298
628 318
604 301
592 295
595 290
587 302
569 296
563 304
579 312
588 345
585 349
601 371
632 394
648 431
645 440
655 458
685 474
702 513
693 507
694 510
711 514
712 534
700 529
692 527
700 519
696 535
671 512
663 507
667 501
655 508
628 490
620 488
632 485
630 501
605 476
594 463
602 460
596 477
570 461
557 451
564 442
558 452
536 432
527 424
531 413
523 419
501 403
493 400
505 397
500 410
476 387
469 380
480 377
478 389
458 372
450 363
469 362
474 383
469 378
482 389
510 414
533 438
539 450
561 473
597 504
615 522
611 518
623 530
650 557
655 568
642 560
642 563
662 582
665 589
649 573
637 560
645 565
640 560
621 543
616 539
626 542
624 535
604 511
601 503
610 511
603 508
575 489
564 487
575 502
567 502
541 484
524 471
529 482
511 483
501 466
491 460
500 472
477 469
471 455
459 448
464 456
442 453
433 440
424 438
442 459
420 474
409 482
408 509
427 552
430 588
441 595
453 611
493 647
496 661
516 659
529 657
557 672
558 676
568 670
570 677
581 708
546 729
524 729
505 741
499 759
468 763
444 750
420 745
425 759
404 761
394 745
382 734
385 742
361 742
348 726
334 717
339 722
314 714
302 689
293 679
299 686
279 678
265 652
258 644
273 652
257 647
250 624
243 613
250 619
237 618
230 597
224 585
242 593
230 584
242 569
254 568
286 589
295 599
322 588
351 591
402 635
412 656
431 656
451 667
485 691
492 704
500 690
506 686
536 702
528 698
534 681
534 674
543 684
521 679
514 653
511 638
525 642
506 631
498 602
494 590
507 600
490 595
481 572
472 559
492 569
475 561
470 534
465 520
475 523
460 518
455 498
452 490
468 496
448 483
445 461
444 455
454 464
437 462
429 440
422 429
442 446
424 441
418 418
427 408
430 420
425 420
434 430
464 440
487 470
496 467
519 466
555 479
577 519
577 532
585 549
610 564
620 592
606 582
605 580
617 578
620 597
605 589
599 588
604 581
600 593
582 574
581 575
585 570
568 580
537 568
520 571
523 575
515 597
487 581
472 573
474 566
463 580
423 564
385 578
387 591
386 612
378 596
381 583
396 563
404 566
392 540
390 526
404 511
411 521
402 496
404 480
421 467
420 473
391 461
367 458
368 460
372 485
352 473
350 478
367 490
379 528
383 541
397 562
423 578
413 609
382 623
376 672
420 703
455 723
476 699
509 678
554 656
578 653
574 614
580 590
603 573
609 579
593 564
582 559
588 553
582 566
558 552
548 547
560 529
562 530
545 501
540 486
558 475
561 489
539 466
525 450
527 436
525 448
501 429
490 425
496 417
498 433
485 417
482 408
491 399
487 410
466 396
456 394
466 389
465 401
444 386
434 385
436 387
425 408
400 401
392 407
411 421
423 456
421 460
434 475
461 504
476 525
475 527
483 540
511 567
517 578
502 568
502 569
515 585
514 589
493 578
483 585
487 601
486 604
465 580
462 568
472 573
472 576
450 565
439 562
452 572
452 567
436 544
434 532
448 537
447 531
428 510
424 503
441 511
442 506
423 479
422 470
433 478
419 475
415 457
410 450
427 459
414 458
413 437
416 429
433 429
426 420
426 400
426 395
450 412
446 423
459 420
473 437
505 474
512 501
526 509
539 529
570 561
569 577
579 563
588 551
621 569
615 575
615 566
613 569
628 588
607 594
599 579
593 577
603 591
587 594
580 576
571 567
587 580
571 579
566 556
561 548
570 558
551 556
540 535
530 525
545 536
527 533
520 510
513 498
523 504
504 502
494 485
480 489
488 508
468 510
461 490
454 484
466 492
450 488
444 466
441 459
464 476
457 482
469 475
484 484
520 517
528 540
547 547
565 564
604 596
607 611
619 606
628 613
652 636
643 640
646 627
647 624
667 640
651 641
647 619
641 610
651 621
632 622
623 605
615 596
630 609
610 607
603 586
594 577
603 587
583 581
573 562
563 556
575 569
554 564
546 539
538 528
548 539
525 541
513 524
504 514
517 528
496 527
489 506
482 498
492 507
472 503
462 480
459 472
479 483
470 478
472 462
489 467
497 502
486 526
489 564
520 597
538 637
552 644
590 652
633 647
654 652
658 635
659 636
677 629
689 638
678 613
676 595
691 578
695 582
678 570
663 568
668 563
665 577
638 569
619 579
613 588
596 607
565 596
550 594
555 587
555 591
538 564
531 548
542 534
543 538
532 515
536 498
561 480
580 478
579 450
590 432
607 416
610 419
596 399
592 389
603 380
610 390
601 377
611 386
640 401
664 434
670 443
689 462
725 480
752 515
751 514
753 518
763 523
762 546
752 544
747 551
761 555
759 575
750 562
746 557
760 550
762 553
750 526
746 510
761 497
759 509
744 493
731 494
730 499
712 524
676 521
654 524
655 521
649 538
624 520
613 512
621 502
615 512
591 499
577 497
583 493
582 505
563 481
561 469
572 460
571 469
555 449
554 436
573 424
583 436
575 421
589 422
623 428
651 459
662 471
683 497
723 521
750 561
750 563
752 578
763 593
762 623
752 619
748 622
760 626
759 648
752 631
750 622
763 623
762 617
746 595
742 584
760 584
760 572
750 543
748 530
759 534
758 528
739 505
731 492
746 496
747 493
725 465
717 449
724 449
719 444
697 424
690 412
703 414
702 406
682 380
679 371
689 376
683 372
658 358
645 355
655 372
648 379
624 359
612 351
621 366
613 378
622 380
637 397
673 435
680 470
700 484
719 508
751 546
748 564
746 570
744 585
760 615
756 630
752 622
746 630
755 651
737 661
725 648
712 643
719 656
696 660
688 638
684 625
693 625
675 617
667 593
664 581
681 580
664 567
658 533
652 517
664 515
648 502
639 474
629 461
644 472
625 473
619 450
608 441
617 450
598 452
591 438
588 430
608 437
593 435
589 413
582 407
587 417
562 414
544 397
531 377
559 389
551 413
552 429
546 473
548 535
529 588
517 627
495 682
492 752
445 760
413 767
380 767
363 763
320 763
289 766
265 767
263 761
237 761
222 766
211 763
218 763
200 763
194 766
194 765
211 761
203 761
206 764
207 758
223 763
214 763
217 760
220 756
237 761
226 760
226 755
227 750
241 763
230 763
227 753
226 751
243 761
232 759
230 746
229 742
243 756
232 756
231 738
231 732
247 741
236 736
237 709
240 695
257 702
248 698
253 683
269 684
308 707
324 725
352 725
393 741
426 763
443 756
466 755
501 753
524 761
528 758
542 753
564 749
574 763
565 753
564 750
578 747
580 761
561 745
551 737
555 730
547 741
526 726
512 721
515 714
510 722
489 702
480 692
482 680
473 686
450 665
439 653
445 640
441 645
420 619
413 602
423 586
421 588
404 566
395 554
406 541
409 542
396 516
395 501
404 488
403 494
388 473
384 462
396 453
399 460
382 438
379 427
391 417
390 426
373 410
367 404
384 403
397 421
397 420
412 435
445 455
471 496
483 511
505 534
541 556
564 590
566 591
579 601
604 609
615 634
607 630
608 632
625 631
631 645
614 625
608 613
616 602
614 606
595 585
588 574
598 564
596 573
574 552
567 543
571 534
561 544
535 525
522 514
531 506
528 516
503 496
495 487
499 475
493 482
470 463
457 458
462 450
462 457
445 433
442 421
447 407
445 414
427 392
423 384
439 379
442 389
420 368
415 358
427 352
428 367
415 358
421 365
450 378
474 416
479 426
497 450
527 489
545 519
544 532
551 552
577 583
589 597
582 596
582 601
595 625
593 639
570 628
562 621
579 624
582 615
564 588
562 573
571 572
573 565
554 541
545 531
556 537
556 533
533 510
523 500
527 507
522 506
497 484
486 474
495 477
491 473
465 453
454 444
459 454
439 454
426 438
415 433
425 442
410 438
407 415
405 404
415 411
400 406
394 388
390 381
402 391
387 392
383 372
382 360
397 365
388 361
384 345
379 337
396 345
387 348
391 335
398 340
426 368
434 393
455 408
476 434
518 476
529 506
548 513
565 529
598 561
598 575
606 571
616 577
644 598
638 602
641 583
640 576
654 584
639 579
634 558
628 546
643 550
627 543
623 516
618 504
628 509
609 504
598 483
589 473
603 480
583 476
573 452
561 444
562 459
537 464
517 448
502 443
507 453
486 451
479 426
472 417
479 424
462 419
456 398
453 388
471 396
460 395
456 366
452 356
465 365
450 363
442 344
439 336
458 347
447 349
453 339
462 349
491 382
496 412
511 426
529 452
566 495
569 525
579 531
586 550
606 581
597 596
598 592
601 602
620 622
606 625
605 604
601 593
612 600
594 594
588 572
584 560
599 567
578 569
566 551
553 549
556 563
528 564
513 547
503 541
512 552
490 549
479 524
483 512
477 520
457 503
447 493
454 484
452 491
435 470
430 458
438 448
434 456
414 439
406 434
415 426
414 437
394 421
388 413
397 403
399 410
387 390
384 380
399 371
406 382
398 368
407 370
435 380
456 413
465 425
487 448
528 469
559 507
568 512
588 525
618 536
633 565
629 565
633 571
653 576
663 599
648 588
645 585
652 581
646 595
624 581
612 579
617 579
610 596
583 581
571 576
575 572
566 587
540 574
526 568
530 561
526 570
503 550
494 539
498 529
490 538
469 521
458 514
464 507
461 516
440 494
433 485
439 480
433 491
412 474
403 467
414 461
416 473
394 458
384 453
389 449
385 464
365 452
359 450
373 451
381 471
378 467
395 480
429 498
452 540
459 559
475 585
510 608
533 644
531 645
542 654
566 663
576 688
568 683
569 684
586 682
594 696
577 676
573 667
580 658
575 668
554 648
546 637
559 628
561 632
544 608
540 597
548 587
543 598
518 582
506 575
513 568
511 577
485 557
472 552
475 566
466 571
440 571
424 571
430 577
431 569
419 543
440 516
484 477
515 417
536 339
575 279
633 241
681 216
682 151
701 112
738 105
753 95
752 89
752 96
762 122
762 144
763 157
763 188
765 232
764 267
763 285
760 317
763 361
763 385
768 382
763 387
765 411
767 425
761 417
757 415
762 427
763 429
761 412
758 405
764 410
757 407
751 393
750 392
762 407
757 407
753 383
749 374
763 384
750 381
743 363
736 353
748 359
730 358
722 337
712 326
714 332
693 330
683 316
675 313
683 322
658 317
645 295
635 290
642 303
621 304
606 287
597 283
607 296
587 299
578 281
568 278
575 295
563 312
566 323
575 348
602 384
602 412
614 419
626 437
654 471
654 493
658 498
665 515
685 548
669 561
663 547
655 546
661 563
641 569
628 556
616 549
621 555
599 551
592 528
585 519
592 524
571 517
562 498
559 494
573 503
552 497
542 470
532 460
538 470
519 470
507 450
497 441
505 447
487 445
482 423
475 413
481 418
463 414
457 398
457 395
472 404
453 398
449 373
446 367
460 380
446 381
439 368
434 365
452 385
446 400
455 398
470 418
500 460
506 496
525 519
545 551
575 591
574 616
584 618
593 633
615 659
607 665
610 646
622 642
651 654
642 648
644 616
657 601
658 603
646 584
643 574
657 563
658 567
645 548
641 540
649 532
644 540
623 521
613 513
622 509
621 520
597 496
585 482
588 470
583 480
565 465
554 456
560 447
559 455
538 435
530 427
534 415
528 421
509 405
501 400
517 401
516 411
493 390
485 380
491 374
491 392
474 381
467 381
486 398
493 433
489 441
503 460
530 482
552 527
557 545
569 567
600 587
617 618
610 613
619 623
638 626
645 648
632 639
626 631
641 627
646 641
627 622
619 611
622 597
619 607
601 593
592 583
602 574
599 578
577 553
575 548
584 545
578 559
548 537
536 531
544 526
539 535
512 507
502 490
504 475
503 484
484 467
477 458
487 450
484 453
467 434
465 429
471 416
465 422
445 404
442 401
459 403
459 414
440 394
432 383
442 378
446 399
439 397
444 406
474 424
498 464
505 477
524 500
553 517
567 548
567 554
580 570
607 585
618 611
606 600
607 600
622 601
623 617
604 602
592 589
600 578
597 584
575 563
565 553
570 559
564 555
548 544
541 539
555 546
554 541
530 513
524 503
533 507
526 501
503 479
494 468
509 477
505 471
484 448
474 434
478 436
473 432
452 415
446 410
457 418
457 416
439 397
437 394
444 399
439 396
419 378
416 375
432 388
434 389
414 370
415 373
438 400
443 425
458 437
478 462
516 503
527 533
547 541
560 558
588 589
586 602
593 600
602 611
625 631
615 638
615 619
613 614
625 624
611 623
602 603
593 592
607 601
587 596
581 573
573 561
577 564
557 558
549 540
542 532
552 537
529 527
522 501
515 492
522 497
501 492
489 472
481 464
496 477
478 476
469 453
457 439
462 444
445 444
438 431
434 428
443 437
423 438
415 422
406 426
408 445
381 454
362 447
350 458
360 490
347 511
352 519
358 544
386 588
393 625
407 643
423 673
447 707
444 728
455 722
466 728
489 743
484 744
489 730
496 727
516 740
501 735
494 704
487 693
498 700
483 696
475 672
472 656
488 657
476 651
476 623
471 608
480 611
462 604
453 584
450 577
462 582
441 573
434 541
429 526
443 530
430 522
424 497
422 486
438 494
425 488
425 460
422 445
435 450
421 449
419 433
420 430
433 438
419 437
425 423
438 431
470 460
478 481
498 486
525 507
567 544
574 567
590 563
613 573
625 603
618 610
619 623
631 631
630 649
611 634
606 629
614 621
609 629
588 612
577 604
585 600
585 610
564 588
555 576
560 566
556 576
537 562
526 553
532 542
530 547
510 525
505 516
510 502
503 507
481 489
472 486
480 485
474 497
448 480
436 472
439 468
434 485
413 475
401 472
405 471
401 487
381 476
374 476
382 483
383 515
376 532
387 563
416 596
436 644
437 659
450 683
474 707
486 744
479 750
481 752
498 752
505 761
490 757
483 752
487 747
478 763
453 752
441 751
449 748
448 761
426 745
419 740
426 735
425 746
409 725
400 712
413 704
413 711
393 686
386 672
392 659
390 667
374 646
369 634
379 619
379 623
359 601
353 592
361 584
357 592
338 574
329 569
340 565
342 573
325 551
320 540
328 534
325 550
310 540
311 545
336 558
360 593
370 600
397 620
437 641
463 678
471 686
489 701
524 713
547 739
548 723
559 718
583 714
594 725
588 702
593 684
616 667
629 668
617 636
618 617
630 611
631 600
616 575
615 562
631 557
637 542
620 511
616 495
626 493
625 485
604 458
597 447
606 454
602 453
574 432
559 422
561 431
550 435
524 425
512 425
516 435
512 436
486 417
480 413
489 422
485 420
466 400
462 397
477 409
483 411
474 399
484 403
517 432
530 460
551 473
575 494
619 515
636 529
661 521
684 525
715 538
717 542
725 526
740 527
761 537
753 528
750 497
747 479
761 483
749 474
744 447
742 429
758 430
746 422
746 400
743 388
750 388
728 378
720 359
714 351
726 356
704 349
696 324
686 314
693 321
672 317
657 299
647 292
657 303
637 306
628 286
618 277
622 285
601 288
592 277
586 279
593 289
570 288
563 271
557 271
569 290
556 302
559 309
572 332
609 379
615 415
630 427
644 452
673 492
674 520
682 528
688 540
711 565
703 579
706 570
705 572
716 586
695 583
685 563
679 555
691 566
669 564
658 537
651 530
655 539
634 539
622 522
611 513
618 520
595 516
588 495
575 485
577 489
554 484
540 465
535 462
542 470
519 464
509 437
499 428
507 438
488 437
477 418
468 410
482 424
464 426
456 404
448 394
455 403
436 403
429 388
429 387
444 402
432 410
441 409
457 430
491 471
496 499
515 513
539 540
577 584
579 610
592 612
609 621
614 646
608 647
609 656
622 657
622 668
604 649
599 643
607 635
601 641
578 621
568 612
578 607
580 619
559 597
552 585
556 571
552 577
535 562
524 551
531 538
529 543
507 521
502 515
506 505
495 509
472 493
462 487
471 485
468 495
447 475
436 465
441 458
439 473
420 460
410 455
418 449
419 461
401 446
396 440
404 433
404 449
397 448
408 467
442 490
469 530
475 540
496 563
529 588
549 628
550 639
556 651
580 663
591 688
583 682
585 682
596 678
594 691
579 682
571 678
581 673
573 675
550 652
544 645
551 639
546 648
523 628
512 618
522 613
522 624
498 601
488 588
490 577
482 587
460 572
448 565
453 556
448 561
425 539
418 531
423 521
418 527
398 506
391 500
405 496
407 505
388 480
383 467
392 460
392 473
377 460
372 457
390 461
406 488
409 493
430 514
464 538
487 580
493 596
512 622
546 646
564 680
557 677
564 686
583 696
587 721
571 715
564 715
571 716
566 731
541 712
530 703
532 706
522 702
499 685
488 682
492 691
485 687
458 665
447 657
454 661
448 654
424 633
412 622
419 629
414 627
388 605
375 592
378 594
371 592
351 574
350 562
369 558
378 541
367 509
369 495
383 498
382 492
363 472
360 466
377 474
380 471
359 449
358 442
375 457
376 475
391 483
413 507
449 543
463 573
487 586
510 605
541 632
547 652
558 654
566 666
593 688
587 693
589 677
589 672
598 682
584 684
576 666
568 658
575 661
558 660
549 637
542 627
546 631
525 629
513 612
503 606
513 612
491 606
478 583
465 576
470 587
445 583
431 563
419 554
428 563
409 560
403 536
397 523
406 526
392 521
388 500
384 491
400 498
385 490
382 467
381 459
393 465
380 460
376 442
371 435
386 443
380 445
385 426
397 428
426 456
438 483
462 496
490 520
533 555
548 583
568 583
585 595
614 622
612 635
618 629
625 635
646 654
635 656
632 634
625 623
635 632
619 629
612 607
606 597
619 605
601 602
596 578
590 566
598 570
575 562
567 542
561 535
573 541
551 531
542 503
533 492
540 501
517 496
506 476
498 466
508 477
487 476
478 451
470 442
477 449
457 449
452 434
447 427
459 437
441 433
435 410
430 405
443 420
427 421
424 409
433 418
463 451
466 478
488 486
520 508
542 546
549 563
565 588
592 604
604 628
598 625
603 629
620 635
624 654
610 644
601 638
613 638
611 646
592 625
586 612
590 600
587 608
568 594
559 587
566 578
566 585
548 566
540 553
545 541
539 545
517 527
509 519
516 510
511 515
491 492
481 480
485 472
480 481
462 466
453 459
461 452
459 461
442 445
435 438
441 429
436 439
417 425
410 423
422 421
429 437
418 425
427 434
457 452
481 492
489 506
511 530
545 553
569 591
573 598
589 609
614 618
625 640
615 636
619 645
637 647
639 660
619 640
613 635
619 625
615 633
593 609
586 597
594 585
597 593
580 568
576 553
584 538
580 545
564 530
553 518
563 509
556 511
532 487
523 475
530 465
524 470
503 448
495 437
507 431
508 440
487 418
481 407
488 398
485 409
468 392
463 384
473 376
477 385
457 366
454 360
463 353
463 370
454 367
466 384
501 409
530 450
534 458
554 480
589 504
610 544
611 550
622 562
647 573
660 599
651 594
651 594
664 604
661 606
641 592
636 587
647 593
644 586
620 560
613 550
621 556
617 553
595 533
586 522
597 528
597 525
574 502
564 487
568 489
561 485
540 467
534 458
543 461
539 453
515 431
508 422
515 429
509 425
484 406
477 401
489 411
490 411
468 388
460 376
467 384
451 384
446 370
442 365
457 376
449 385
460 386
475 406
508 444
515 473
531 488
549 514
584 551
588 571
598 567
607 575
629 599
625 613
626 604
627 603
643 614
628 613
626 591
622 578
629 578
611 570
603 550
600 543
612 545
596 533
593 505
586 498
593 509
573 508
559 487
547 477
555 485
535 483
527 460
515 446
522 449
500 437
498 422
494 418
504 425
483 419
475 397
471 393
479 403
461 401
449 381
444 378
458 397
438 401
427 377
419 367
431 381
426 396
437 401
455 421
491 457
500 487
523 497
545 522
578 558
580 579
589 581
603 594
630 622
625 632
627 615
627 610
643 625
631 630
624 609
617 599
625 602
609 599
603 574
597 563
604 567
584 558
577 539
576 536
589 548
566 542
554 514
544 506
551 518
528 513
516 494
505 487
510 493
490 490
484 462
476 448
483 449
466 445
465 431
462 422
473 429
452 421
445 397
443 391
455 402
438 399
429 378
427 372
442 385
429 388
427 369
441 369
453 395
456 409
475 436
511 462
536 501
542 513
560 539
587 560
602 593
596 596
599 607
616 614
628 633
619 620
618 614
627 608
625 620
608 606
600 598
607 587
606 593
587 573
582 565
589 556
582 562
560 542
551 534
560 530
559 538
536 515
524 502
528 492
524 503
504 488
491 482
495 472
491 482
471 464
464 456
469 443
463 449
444 432
438 428
451 426
451 435
430 413
424 404
434 399
433 412
416 396
408 388
419 382
424 397
412 387
418 391
438 399
455 433
461 449
482 477
520 502
545 539
547 544
562 559
590 574
603 602
596 599
598 603
619 609
628 630
613 615
608 607
613 597
610 607
592 594
585 589
594 581
592 588
572 569
567 563
575 556
568 564
545 545
536 537
547 534
546 543
524 518
514 504
520 494
516 504
496 489
486 480
494 470
493 479
473 460
467 452
474 444
468 452
448 435
443 431
458 429
458 437
436 414
430 404
440 399
441 415
426 403
425 404
449 414
471 448
475 458
496 480
528 514
549 540
555 554
572 575
604 605
619 621
611 613
618 620
639 640
644 649
628 635
623 630
636 639
638 639
616 616
606 600
611 599
606 596
588 578
583 564
597 559
601 542
586 510
588 496
603 495
602 484
580 457
576 444
593 451
594 445
573 417
565 403
572 406
557 404
550 387
543 378
553 381
536 377
533 357
529 350
537 354
512 332
520 317
522 321
536 341
515 345
505 331
497 335
511 365
507 392
515 405
527 431
560 472
568 504
587 518
603 545
624 584
612 602
615 602
624 613
649 634
641 639
640 620
638 617
652 632
638 639
620 618
608 605
618 609
602 605
598 576
591 557
592 539
594 538
594 524
591 520
600 527
577 522
565 499
557 493
563 502
541 496
525 473
518 462
532 472
516 472
510 447
500 433
508 438
493 439
487 425
480 418
489 424
471 422
468 403
465 400
473 408
452 404
443 389
445 399
462 435
446 449
451 442
463 455
498 493
510 523
528 532
545 548
577 576
581 602
593 609
595 623
606 648
587 658
580 654
578 661
589 679
564 676
551 649
540 642
548 655
528 654
516 633
508 623
520 634
500 633
495 607
487 593
492 593
474 587
468 568
464 559
477 563
453 551
446 523
441 512
451 520
432 512
421 486
418 477
433 489
418 487
414 460
419 446
418 456
400 441
397 438
410 433
408 437
393 419
400 423
426 434
445 466
449 475
466 496
506 524
533 563
539 569
552 580
577 591
590 619
588 623
592 629
610 628
616 640
604 624
606 620
616 610
612 614
591 592
583 585
595 581
596 591
574 569
562 555
567 545
564 556
546 541
535 529
541 517
538 524
519 506
512 498
516 485
506 490
484 472
476 467
487 463
484 470
461 445
454 434
463 427
462 440
444 424
436 415
446 408
450 421
434 403
429 393
437 381
437 390
428 380
440 385
474 402
497 437
502 446
522 467
561 492
584 536
582 548
587 565
613 588
624 624
610 622
607 623
618 631
610 663
585 659
573 657
577 648
571 648
550 623
547 614
557 604
554 608
533 583
527 573
543 568
546 575
526 547
519 529
526 518
524 526
505 510
497 498
505 485
505 491
485 472
480 465
486 454
478 458
458 438
454 432
471 429
473 436
451 410
446 400
457 396
458 410
441 395
437 388
457 391
474 421
475 427
493 447
523 480
543 507
548 522
565 545
597 578
613 594
603 587
609 594
630 616
635 625
618 614
612 609
627 621
629 622
606 598
598 584
602 584
598 581
581 566
574 559
585 564
582 555
559 532
556 525
565 531
558 526
532 503
522 494
534 504
533 501
509 473
499 455
506 458
492 457
486 442
479 433
489 436
472 428
472 405
472 396
484 400
467 392
461 373
461 369
479 384
467 387
467 373
474 382
502 416
512 449
529 468
544 496
576 539
577 568
590 574
599 586
621 608
617 619
621 616
626 624
645 643
630 644
622 619
616 610
626 618
608 615
597 592
588 579
601 587
585 585
580 561
572 548
577 551
557 546
550 528
544 520
554 524
532 514
524 487
518 477
527 483
505 472
494 441
496 434
512 446
496 448
487 423
475 407
486 416
470 420
463 408
457 403
467 413
446 411
443 393
444 411
440 439
414 446
411 440
425 455
465 494
476 522
498 526
520 545
556 580
565 605
579 606
592 614
618 631
613 636
626 622
634 623
643 631
626 629
618 612
613 607
623 618
600 612
588 585
582 578
587 585
567 583
555 561
548 549
559 555
542 553
535 527
527 513
531 514
511 507
503 488
500 483
510 488
488 479
481 452
475 441
489 451
473 448
465 429
463 421
480 435
465 437
460 413
464 402
462 418
439 411
427 407
435 401
436 410
424 400
435 411
464 431
486 479
483 501
488 525
518 545
540 580
541 579
551 584
571 585
581 605
577 601
580 603
595 600
597 609
579 590
576 585
584 578
578 585
555 565
547 557
560 553
562 564
541 541
532 527
539 512
539 521
523 505
513 495
521 482
519 488
500 468
494 458
499 446
492 450
471 431
464 425
477 424
476 433
453 411
446 402
455 398
455 415
436 396
427 386
439 380
441 394
427 382
428 384
444 389
457 420
460 434
480 461
517 489
541 527
542 531
557 547
585 564
596 593
589 594
587 594
608 599
617 620
602 606
596 598
601 586
597 594
580 580
574 576
583 570
577 577
554 553
549 543
558 533
554 539
533 517
525 508
537 505
537 517
511 491
500 475
506 462
504 473
483 456
475 447
484 435
484 443
466 421
464 415
472 405
466 403
452 382
453 381
471 380
483 406
469 400
477 416
502 437
522 482
522 496
535 520
569 558
579 608
565 613
569 622
587 641
590 642
580 635
584 633
603 645
607 642
583 613
578 601
590 604
587 597
565 574
558 561
570 564
573 560
553 537
546 522
554 524
546 515
528 498
521 491
529 492
524 483
502 457
495 446
504 452
498 445
473 424
467 415
478 422
480 421
459 399
450 387
456 393
442 396
438 387
439 392
461 415
459 433
477 441
496 465
531 507
535 530
544 538
553 556
580 586
575 600
578 588
580 587
597 601
588 607
584 593
578 585
590 590
573 586
569 563
564 554
571 557
552 550
544 529
540 518
556 518
548 520
540 494
530 477
545 492
527 495
514 475
502 464
513 478
494 494
477 479
459 466
459 467
438 458
433 439
432 435
448 442
430 435
427 409
425 400
438 408
425 404
418 382
415 369
447 391
451 416
464 419
476 440
506 479
514 512
530 529
546 551
576 584
572 600
580 593
587 601
607 620
596 624
591 607
589 598
612 614
596 615
589 589
579 576
587 585
569 584
562 568
556 559
566 565
547 563
543 540
538 531
544 537
522 529
512 508
510 501
523 512
502 508
491 478
481 467
491 477
474 478
465 461
461 479
454 489
429 487
424 465
419 461
427 503
385 507
366 488
363 476
379 477
370 467
378 444
395 447
433 477
444 500
462 505
487 523
527 560
534 583
548 578
569 585
578 606
574 606
577 610
595 611
600 626
583 603
580 594
589 585
588 592
568 572
558 560
569 553
573 565
556 546
549 537
552 522
548 531
527 514
519 506
527 496
523 501
501 480
496 471
503 463
497 471
474 452
465 445
476 443
476 455
455 433
445 421
450 408
451 420
436 409
429 403
438 395
438 405
421 390
420 390
431 388
438 410
436 415
453 439
492 467
517 508
520 518
535 535
562 551
578 586
576 594
576 599
596 602
605 622
595 611
594 607
602 597
599 603
581 586
577 582
590 577
588 586
565 561
557 551
566 545
564 559
542 542
530 531
539 525
539 535
518 514
509 501
512 486
508 494
488 476
480 461
495 452
496 459
476 438
471 429
483 424
482 437
460 422
451 418
464 422
465 438
441 417
440 426
434 439
415 460
395 454
396 459
423 466
445 496
452 502
477 524
514 543
534 577
537 582
552 596
584 611
600 638
589 625
591 623
607 623
612 641
597 629
590 621
601 613
601 622
581 603
575 594
581 596
575 590
553 572
549 566
562 574
562 568
538 540
532 528
541 534
538 533
515 513
503 500
513 506
514 506
492 487
482 477
486 479
479 474
460 459
456 455
469 463
468 458
447 434
442 427
454 437
453 434
431 415
426 407
443 421
453 430
444 421
454 424
475 431
505 459
537 482
560 510
596 555
594 582
599 586
604 606
623 649
603 673
586 678
571 681
582 695
568 691
567 665
560 642
572 642
560 636
559 616
557 603
570 604
557 596
557 571
553 555
561 542
555 534
554 519
551 518
562 533
539 530
527 502
515 488
524 495
507 492
499 471
492 459
504 462
488 456
490 434
490 430
496 433
477 428
470 413
467 411
481 424
465 424
464 416
464 429
486 461
487 485
500 493
519 514
560 556
568 587
584 595
592 616
606 647
594 663
595 658
600 662
619 675
605 671
605 645
605 638
617 647
597 640
586 616
580 608
594 618
576 618
569 590
559 573
566 576
548 567
545 549
542 539
551 540
530 532
525 505
519 494
524 491
504 475
497 448
498 437
516 446
498 441
493 413
485 403
494 415
478 416
469 400
461 391
470 397
451 391
438 343
457 350
470 367
451 375
450 378
461 404
491 448
489 478
500 487
514 512
546 554
547 581
554 584
564 597
590 632
578 655
575 645
583 641
581 650
565 636
560 632
572 627
571 631
550 602
545 587
555 576
556 586
539 568
529 554
537 543
540 552
524 532
519 520
522 504
516 507
499 490
493 484
504 474
501 477
481 452
476 442
486 437
483 444
463 424
453 413
465 408
470 422
453 404
447 393
453 382
452 394
437 383
432 380
442 375
443 384
428 371
434 377
456 390
469 423
470 435
488 462
527 492
553 538
555 547
566 562
590 576
604 606
599 607
602 610
617 597
635 616
627 607
626 606
632 599
625 606
602 590
593 586
604 585
600 595
576 573
567 563
573 556
570 570
548 553
536 543
544 534
544 545
522 526
515 517
518 505
510 511
490 494
484 489
498 484
495 490
474 465
468 451
484 446
487 462
468 447
460 441
472 440
478 458
460 445
451 451
449 445
443 460
432 454
439 462
469 476
493 511
498 520
522 545
557 571
577 611
576 620
589 649
610 675
615 703
599 689
600 684
617 678
623 691
611 675
608 665
619 656
618 661
596 637
591 628
598 628
590 619
567 595
561 584
572 579
576 556
566 533
561 520
568 523
561 518
538 493
531 485
537 491
533 488
509 468
498 459
501 465
498 498
450 499
423 495
427 497
424 485
403 450
403 435
418 437
421 431
404 409
401 399
420 409
431 416
426 411
438 422
467 454
477 482
498 499
520 525
557 561
559 581
573 578
586 589
612 616
605 628
603 617
602 614
618 611
621 625
617 609
605 596
609 600
592 601
583 587
574 582
581 588
560 581
554 558
550 550
556 555
536 546
524 523
518 514
533 523
515 518
506 489
496 475
504 480
489 477
482 459
474 449
485 455
468 454
464 435
458 428
465 434
446 431
439 415
438 417
453 430
433 431
425 427
405 423
412 437
401 443
403 435
419 448
458 481
472 513
496 522
519 543
550 575
554 598
568 606
582 623
608 649
597 657
600 642
602 642
618 656
603 652
588 610
598 603
619 615
603 617
596 593
585 580
589 584
571 582
564 566
563 560
571 561
550 556
542 529
537 524
544 533
520 527
505 511
493 510
501 522
479 518
468 485
461 471
470 477
455 472
450 453
448 447
457 452
440 453
438 434
435 425
444 430
429 425
422 406
425 406
441 423
425 425
425 412
431 421
460 458
465 484
484 498
506 522
542 564
549 595
563 597
588 610
596 634
589 633
593 637
616 645
626 663
607 641
603 631
611 620
612 629
595 613
585 602
592 590
595 601
578 584
572 574
575 560
570 564
554 549
547 542
557 535
554 543
528 521
519 514
523 511
514 524
488 512
469 505
472 494
474 504
457 483
452 469
459 454
456 459
444 447
441 441
452 428
455 434
437 412
438 405
451 401
456 413
444 395
468 411
511 439
540 488
543 503
557 525
586 543
603 580
605 596
612 611
630 619
641 644
629 636
631 642
643 648
640 688
597 684
574 677
579 667
579 670
560 640
554 623
565 610
565 614
550 595
543 579
553 557
558 554
547 531
546 524
552 515
540 528
513 513
502 507
509 497
507 497
479 453
483 423
510 422
513 439
491 422
483 417
491 414
488 418
474 397
473 395
478 390
472 404
451 394
450 402
474 428
476 465
463 469
478 493
512 520
534 562
535 572
549 591
588 634
590 687
566 681
562 679
581 680
587 695
576 680
575 671
589 659
591 661
572 635
570 625
580 627
573 616
554 594
549 584
563 588
566 584
546 557
539 543
545 543
542 536
523 516
517 502
527 503
525 498
506 479
498 467
505 469
497 462
476 443
472 439
486 450
486 447
462 420
457 409
467 412
468 399
458 388
452 384
464 395
465 400
449 390
450 398
470 426
471 452
483 469
504 504
539 545
540 569
553 572
567 592
592 626
588 647
586 649
585 661
598 683
585 689
583 671
575 660
581 665
564 658
561 635
558 624
572 626
554 617
551 590
546 575
558 579
540 565
524 509
546 500
571 515
551 508
546 478
541 471
543 478
523 480
510 464
499 457
505 463
489 475
474 466
459 460
461 465
440 457
431 433
432 424
452 433
440 430
435 404
436 404
454 426
454 451
465 461
486 505
503 559
496 590
508 594
523 610
548 634
549 646
561 643
574 653
598 669
591 673
593 651
591 641
606 653
590 649
580 623
574 608
588 610
575 606
574 579
566 563
573 562
558 558
552 536
552 529
563 534
540 521
532 481
535 461
555 464
542 463
532 450
521 450
527 468
500 470
486 449
473 439
476 448
454 446
448 431
443 423
454 426
434 416
436 394
436 391
447 401
430 401
424 389
431 399
461 433
462 460
478 468
497 499
524 552
523 584
532 592
547 605
576 632
574 646
582 634
603 636
608 650
595 635
594 632
612 630
616 641
595 613
588 600
595 590
591 596
573 577
562 561
576 551
578 560
561 545
554 537
556 525
549 528
528 511
519 505
528 499
526 506
504 483
492 473
499 472
492 490
465 475
449 465
456 456
458 467
441 448
434 434
441 422
439 427
424 414
422 408
431 391
436 388
430 373
435 376
453 385
467 418
466 431
479 455
515 486
542 544
536 562
537 578
557 591
566 621
564 636
563 663
569 675
565 690
546 671
545 665
557 650
558 652
540 625
537 613
554 606
558 616
537 589
532 574
540 560
541 570
524 551
518 541
528 530
529 535
508 508
506 500
513 485
506 483
487 463
482 452
497 445
500 452
477 426
471 417
482 410
479 420
461 405
453 398
463 393
466 407
447 391
441 381
449 372
452 384
438 358
463 364
509 394
530 435
530 447
547 472
577 498
594 534
593 545
599 562
623 583
634 615
620 611
621 619
633 627
624 646
600 638
588 630
597 626
593 630
569 606
563 596
572 603
567 597
543 575
535 565
549 573
550 571
528 545
519 531
526 534
522 530
502 515
491 502
498 504
496 499
475 477
470 470
477 473
470 467
449 446
443 431
464 433
475 435
454 413
446 404
455 414
454 419
438 422
418 429
420 442
424 450
420 448
435 462
467 493
476 518
495 531
517 555
554 591
558 611
568 607
578 617
602 641
596 653
596 643
595 640
613 654
601 656
599 635
592 622
599 625
582 622
578 618
572 669
545 686
505 677
492 646
485 627
499 626
487 611
481 580
480 562
500 563
491 555
490 524
484 505
495 505
482 498
480 482
475 470
488 471
473 462
472 437
472 429
484 435
468 430
461 408
460 403
479 416
465 419
459 398
450 391
462 407
454 419
461 419
476 437
509 472
516 503
537 514
555 537
584 573
581 593
587 597
598 613
622 640
613 649
613 630
612 628
627 643
613 643
605 622
598 610
612 618
595 616
592 593
585 582
591 586
573 582
565 563
561 559
573 566
551 559
542 531
535 521
544 529
525 525
513 499
506 488
520 497
502 497
496 472
486 459
492 465
475 462
470 447
468 442
478 450
458 446
453 424
449 419
458 429
440 428
432 413
436 420
463 449
462 471
476 472
493 490
527 532
535 563
550 575
565 591
593 619
590 635
600 629
619 636
624 655
610 646
605 644
620 646
623 668