763 763
766 762
749 765
661 766
587 760
503 760
445 766
396 767
379 762
342 761
316 765
297 765
298 760
273 760
261 766
251 767
260 762
244 761
238 765
244 765
262 760
252 760
248 766
247 767
265 762
256 761
254 764
246 765
268 760
265 760
269 766
271 767
291 762
283 761
285 765
290 765
310 760
300 760
301 766
318 767
330 762
320 765
318 765
335 765
345 760
331 766
333 766
347 767
355 762
350 765
354 765
376 765
392 760
391 766
402 766
428 767
442 762
441 765
448 765
472 765
487 760
479 766
477 766
493 767
499 762
490 765
487 765
500 764
503 760
490 766
489 766
501 767
503 762
490 765
487 765
501 762
505 760
489 766
484 766
496 766
499 762
486 765
480 764
491 759
494 760
479 766
475 766
486 763
487 761
474 765
472 760
485 756
487 760
470 764
466 761
480 758
484 762
470 762
465 755
480 750
487 760
476 762
476 761
495 759
506 762
503 764
511 759
534 757
544 760
535 766
539 764
559 761
567 762
556 764
560 759
576 753
579 760
563 762
557 759
567 756
571 761
555 757
550 752
562 749
563 760
544 755
538 753
550 752
552 761
536 752
530 746
543 744
545 760
528 750
523 748
535 744
535 754
521 735
517 724
531 717
533 727
516 707
511 699
525 692
526 698
510 676
506 664
520 658
523 669
506 651
501 643
513 647
516 644
504 629
506 627
527 645
537 657
530 655
535 663
558 684
567 693
558 686
562 688
585 707
593 717
579 706
576 704
591 714
594 714
579 696
574 686
588 692
588 690
570 672
565 666
576 672
575 666
557 645
551 633
565 640
566 638
545 619
539 612
550 617
538 613
532 592
527 581
540 587
527 588
522 571
517 565
529 571
516 566
511 548
507 540
521 549
509 549
504 533
500 530
514 539
502 537
498 519
493 508
507 517
495 520
495 509
494 511
515 529
513 543
517 538
523 545
547 570
543 585
546 582
550 590
571 611
564 618
563 606
563 603
580 617
569 622
564 607
558 601
571 610
558 607
553 589
548 579
561 589
546 590
540 572
536 568
547 574
532 569
525 548
521 539
535 549
520 548
513 529
507 523
520 531
508 528
502 508
498 499
513 509
497 509
493 493
488 487
502 496
489 493
484 475
481 469
496 481
482 483
477 466
473 463
490 477
482 482
483 474
489 480
513 507
509 525
515 524
520 533
541 556
536 566
538 558
542 562
562 582
550 588
545 575
543 573
558 584
545 582
539 563
537 555
552 568
538 571
533 553
529 548
541 556
527 553
522 534
520 526
533 538
517 538
511 520
507 515
522 525
506 521
499 500
497 493
512 506
495 507
489 489
496 483
498 493
485 479
481 472
492 467
493 479
479 467
474 464
485 461
487 472
475 459
473 456
490 457
500 481
494 484
498 495
519 507
532 534
530 537
535 545
556 554
567 580
559 581
561 589
577 594
581 610
568 598
564 593
578 589
580 604
564 592
557 587
567 582
568 592
553 577
546 568
558 561
559 574
542 561
535 556
544 550
543 557
527 539
522 531
533 524
533 535
515 519
508 514
519 508
519 517
504 500
497 490
508 483
510 497
493 483
487 479
498 473
497 483
483 468
479 462
491 457
492 470
476 459
474 461
492 466
501 489
494 487
500 495
523 507
536 538
529 541
533 551
553 560
562 584
555 579
556 581
572 582
576 601
561 589
556 588
569 585
569 595
552 578
548 569
560 566
561 580
545 568
536 559
547 554
548 566
532 549
527 540
538 534
539 548
523 534
517 530
528 525
526 533
511 516
507 509
520 505
521 518
502 502
495 496
508 492
510 503
494 487
490 479
503 475
505 490
488 476
483 473
495 481
496 479
482 465
481 463
501 480
510 494
501 494
506 506
530 531
540 546
534 545
538 551
561 574
571 589
559 584
558 589
574 603
576 606
561 591
557 585
570 594
570 595
552 580
547 576
560 585
559 581
541 562
535 553
549 562
552 564
531 547
525 542
536 548
525 545
520 527
514 518
527 526
513 526
509 511
503 505
515 514
502 510
497 492
493 484
508 494
495 497
489 481
483 476
497 486
486 484
481 467
477 459
491 469
478 472
475 458
472 457
488 471
482 478
486 473
493 482
518 509
515 527
519 525
523 535
546 559
542 569
544 561
545 561
563 579
555 588
552 574
548 572
560 581
548 580
544 562
542 556
556 567
541 569
536 552
532 549
546 559
533 557
527 537
523 529
537 540
524 543
518 526
512 520
524 528
512 525
506 506
503 498
516 508
503 509
497 492
493 488
507 497
494 495
489 476
487 469
502 481
488 484
482 467
478 464
493 474
482 474
480 461
483 462
505 485
502 504
507 503
515 517
539 542
534 555
537 550
544 558
567 583
559 596
558 587
557 588
575 603
566 606
558 584
555 578
569 590
555 592
550 575
546 570
559 578
544 574
539 554
537 547
550 558
534 558
527 539
523 533
537 542
522 539
516 517
513 509
527 521
511 524
504 503
512 498
512 507
498 491
493 484
504 477
506 490
490 478
485 474
496 471
498 482
484 468
479 461
490 455
494 469
480 460
478 461
492 464
502 487
499 487
506 497
528 508
540 537
534 541
540 553
559 563
568 586
560 581
560 582
576 584
581 603
567 594
560 590
570 586
571 596
556 581
550 573
560 566
561 578
544 564
538 560
548 554
548 563
532 546
526 538
538 532
539 544
521 529
515 523
525 518
526 527
510 511
503 501
514 493
517 507
500 493
494 489
504 482
505 492
489 476
485 469
499 465
501 478
484 465
479 463
491 459
493 471
478 457
474 451
491 452
500 477
492 478
497 491
519 504
532 532
528 533
534 543
557 554
568 582
558 581
560 590
578 594
583 613
570 600
566 595
580 592
582 608
565 594
559 590
569 584
570 595
555 579
550 571
561 565
561 577
543 562
538 557
549 551
547 560
529 541
523 531
536 526
536 539
516 522
509 515
520 509
520 518
503 501
497 492
509 486
509 499
491 485
486 481
498 489
498 486
481 469
477 462
492 471
493 472
475 458
470 454
485 466
490 470
482 465
485 469
509 494
522 512
515 515
520 527
541 549
550 560
541 556
544 560
564 579
569 587
553 577
550 576
565 587
565 586
548 570
543 562
557 572
560 575
541 561
535 555
547 563
535 561
531 544
527 537
540 544
527 545
521 528
516 524
528 531
515 528
509 508
504 500
519 509
507 512
501 495
494 490
507 497
495 496
492 479
488 473
502 482
489 485
485 471
482 468
495 478
483 476
477 458
476 454
494 471
487 482
490 480
494 490
519 516
518 531
524 530
530 538
554 562
550 579
553 575
555 581
573 598
564 601
561 587
560 583
576 595
563 598
556 581
551 577
566 588
553 586
548 566
544 558
558 568
544 571
539 555
533 549
545 556
531 553
526 534
522 526
535 536
520 536
514 518
510 513
524 523
510 520
503 499
500 491
515 503
502 505
496 488
491 483
506 493
493 492
490 475
487 469
502 479
488 482
485 469
486 470
506 489
500 499
505 495
515 506
541 537
538 556
543 554
548 564
571 589
566 600
568 593
570 594
588 612
576 619
572 605
569 603
582 613
568 609
563 589
560 583
575 595
559 596
552 578
548 572
562 582
547 578
541 557
538 548
551 560
535 561
529 542
536 534
536 542
520 525
515 518
525 510
527 522
510 509
504 503
513 498
514 507
500 493
495 485
505 478
507 491
491 480
486 476
495 471
496 481
482 466
479 462
493 459
499 479
492 478
496 490
518 502
530 529
525 529
531 539
552 549
563 576
555 577
556 585
573 590
579 607
568 597
565 594
577 589
580 605
562 591
556 587
567 583
568 594
553 578
547 570
560 565
561 577
544 563
537 558
546 552
547 561
532 545
526 536
536 528
537 541
520 527
514 522
524 516
524 524
508 507
503 499
516 494
517 507
500 493
493 488
505 483
506 494
492 479
487 472
499 466
501 480
485 467
480 463
491 459
492 470
480 459
481 462
502 470
513 498
506 501
511 513
534 526
545 552
539 550
541 555
561 562
569 588
557 582
555 584
568 583
569 596
555 581
551 574
562 567
564 581
546 566
541 563
553 558
552 567
536 549
529 538
543 534
544 548
525 531
517 526
528 520
528 529
510 511
505 502
517 496
517 508
498 494
493 489
503 495
501 491
484 473
480 465
494 474
495 476
477 461
470 456
483 465
485 463
470 447
465 439
478 448
481 451
467 441
467 445
487 465
497 477
492 475
499 486
524 512
536 529
526 529
529 538
550 559
556 568
544 558
543 556
559 570
564 576
545 563
540 561
552 570
541 568
536 552
533 545
547 556
534 557
528 541
523 538
536 547
523 544
518 526
513 516
528 525
515 527
510 510
504 505
516 513
504 511
499 494
496 486
509 495
495 496
490 481
486 477
499 486
487 484
482 466
479 459
494 471
482 474
477 459
472 455
488 467
480 471
482 464
489 471
512 497
511 517
518 519
524 532
547 557
544 569
547 564
552 570
574 592
565 602
564 591
562 592
577 604
566 604
561 587
557 579
572 591
559 594
554 578
550 574
563 583
550 580
544 561
541 554
555 565
540 565
534 548
528 543
542 552
528 547
521 527
516 518
530 528
516 530
510 512
505 507
518 515
504 512
500 493
498 487
512 498
497 499
492 482
489 478
503 488
489 485
484 466
483 461
501 477
492 488
495 483
500 493
524 519
521 533
527 531
534 539
556 565
549 580
551 574
553 580
572 598
561 601
558 585
557 580
572 594
556 596
549 577
543 571
557 581
543 578
537 558
533 549
547 560
529 562
523 541
531 536
533 546
515 526
510 519
522 511
521 520
504 506
497 500
505 494
507 504
493 488
487 479
499 474
502 487
486 473
480 469
487 463
487 472
473 456
469 451
481 446
486 461
472 450
463 444
475 443
479 455
468 446
469 448
489 454
500 483
495 489
502 503
521 515
535 543
529 543
531 546
552 553
561 577
552 573
550 576
561 574
565 589
551 575
544 568
556 562
560 576
545 563
539 561
547 554
549 565
533 548
528 543
540 537
539 549
522 535
515 529
527 526
527 534
510 515
506 509
518 503
520 516
501 501
495 495
505 491
508 502
491 483
488 478
499 473
501 487
483 472
479 468
490 464
491 474
475 457
472 449
488 447
489 463
476 455
477 459
496 466
507 493
504 494
511 504
530 511
541 541
535 543
535 551
553 557
560 578
547 567
546 565
561 564
563 582
546 569
541 566
554 563
556 574
539 557
534 550
549 546
552 562
536 548
529 543
540 538
541 550
525 534
521 526
534 521
533 532
517 520
511 515
524 524
523 520
505 503
501 495
515 504
516 505
498 491
491 487
505 496
506 494
489 479
485 473
498 480
500 483
484 470
480 469
499 485
508 494
501 492
507 499
530 523
543 542
534 541
536 550
559 574
568 585
558 578
555 576
573 592
578 599
560 588
555 585
566 594
556 591
551 574
548 568
562 579
549 579
542 562
537 556
550 566
537 564
532 545
527 537
540 544
528 546
523 532
517 527
528 535
513 530
509 513
505 506
518 515
506 517
501 501
495 495
510 504
496 501
492 483
489 475
504 488
493 492
489 477
485 474
500 485
492 490
495 483
504 493
528 518
525 536
532 540
537 551
561 577
558 590
562 584
565 588
589 611
579 622
577 613
576 613
590 623
579 624
574 605
572 599
585 608
571 612
563 593
562 590
576 600
560 594
552 571
550 565
564 574
551 575
543 557
538 550
549 559
533 554
528 534
523 526
535 534
521 535
515 518
510 512
522 520
508 516
502 497
500 490
515 502
501 504
497 489
492 483
508 494
495 493
490 473
487 467
507 488
501 501
506 500
511 511
535 536
531 550
535 545
544 553
565 579
557 592
559 585
560 588
580 605
566 606
563 589
562 583
575 596
559 598
553 580
548 574
561 582
549 582
543 561
540 553
553 564
536 564
529 544
538 540
537 549
522 532
516 524
526 517
529 529
513 516
507 511
517 506
522 518
509 503
501 494
513 489
513 498
496 486
491 483
501 478
500 485
484 469
478 461
491 456
492 469
474 454
469 455
486 457
496 480
491 479
494 484
516 494
529 525
526 531
528 540
543 545
552 568
543 563
542 563
560 564
564 581
547 570
539 564
551 561
554 571
538 555
532 547
542 540
545 554
527 540
521 536
531 530
531 539
515 522
510 513
520 507
521 518
505 505
499 500
508 493
508 501
492 484
487 477
499 471
498 482
481 470
475 464
488 461
491 474
477 458
471 448
479 439
480 453
464 442
459 441
469 435
465 440
456 433
459 435
480 442
497 475
488 475
491 485
514 498
524 524
515 521
522 529
542 536
552 562
542 557
539 558
552 556
553 569
538 553
534 547
548 545
549 560
534 550
529 547
539 542
540 553
524 537
518 529
532 526
535 540
516 524
510 519
521 513
519 522
505 506
499 496
512 490
513 503
494 488
489 484
503 494
502 490
486 473
482 465
495 475
498 477
482 464
479 463
489 470
490 468
474 452
474 448
491 463
497 474
485 471
492 484
516 510
529 525
521 522
525 530
550 556
560 572
547 566
547 573
566 589
569 592
556 579
551 573
566 584
567 586
548 572
544 570
557 578
542 573
539 557
534 548
547 556
534 557
528 541
522 535
534 542
522 539
516 520
511 511
523 519
510 520
505 505
500 499
511 506
498 502
495 486
490 479
503 488
490 490
484 474
480 470
491 477
479 476
475 458
469 448
483 459
471 462
469 450
469 453
490 473
487 485
494 483
503 494
528 521
525 539
530 538
534 548
556 571
550 579
550 569
551 569
570 587
558 593
554 580
548 576
562 586
549 584
542 563
539 557
553 567
538 567
531 550
525 546
539 555
524 551
519 531
515 523
522 527
511 534
507 516
502 511
516 517
504 514
499 495
495 485
509 494
496 497
492 482
487 477
498 482
485 479
478 460
475 453
491 465
477 467
472 450
468 445
482 456
471 457
470 445
475 450
499 476
496 496
503 497
508 509
530 533
522 543
530 544
536 551
558 575
549 584
547 573
548 573
562 584
550 583
544 564
542 558
559 571
544 574
539 555
536 551
550 561
535 556
531 538
529 531
542 542
525 542
522 526
528 518
527 528
512 513
505 504
515 496
515 508
496 492
494 493
503 489
505 498
492 483
488 478
497 470
497 481
482 470
481 470
487 461
488 469
475 454
468 444
481 441
489 460
477 454
480 463
498 472
511 499
511 504
514 509
535 519
544 545
535 544
532 549
552 556
559 578
549 569
546 565
560 562
563 578
547 566
545 565
554 562
555 572
539 556
532 546
543 539
545 553
531 541
526 537
536 530
536 540
520 523
515 516
527 510
527 522
509 507
501 500
508 489
515 506
500 492
495 485
509 480
510 493
495 481
489 478
499 472
500 483
486 468
481 460
493 456
495 472
480 462
481 467
501 475
511 500
504 499
509 507
532 517
543 547
535 548
536 555
551 559
557 577
551 575
551 574
567 573
569 588
553 576
548 573
561 570
563 582
545 563
541 556
554 553
555 567
537 552
531 548
541 541
543 552
526 535
521 526
531 519
532 531
515 519
507 513
517 506
515 514
494 492
494 489
510 488
512 503
497 490
488 482
500 490
502 489
487 473
482 465
496 473
497 476
482 464
479 465
496 481
506 491
501 491
507 501
531 527
543 544
534 543
537 553
558 576
566 586
554 577
552 576
567 588
576 599
561 590
557 589
570 598
570 596
554 579
550 573
563 581
564 582
545 567
540 562
553 571
541 567
534 547
528 538
541 547
529 548
523 532
516 525
527 533
515 530
509 512
503 503
512 508
500 509
499 498
497 497
510 507
498 503
493 485
489 477
504 488
492 490
486 474
480 469
497 483
492 490
496 486
501 492
523 517
521 535
527 536
530 545
552 568
546 578
549 572
551 575
565 589
560 600
558 590
556 590
572 602
560 600
554 581
551 573
566 583
553 585
548 569
541 563
554 571
541 567
535 548
532 541
545 550
530 550
523 533
518 527
530 535
516 531
508 511
504 503
518 513
501 513
493 490
493 491
510 506
497 504
493 485
488 477
501 486
488 489
484 474
481 470
495 480
483 480
482 465
489 472
510 496
506 512
511 511
516 521
540 545
536 557
539 552
544 556
563 578
554 588
552 579
545 575
563 589
553 592
551 576
551 570
566 583
550 583
543 565
539 560
555 572
540 568
533 548
529 539
543 550
528 551
522 532
517 526
530 534
515 529
509 508
506 500
520 511
502 510
495 491
504 487
505 496
488 479
479 466
494 465
499 481
485 471
479 466
488 461
489 470
476 456
473 450
487 448
494 470
486 470
490 480
510 492
521 517
517 517
521 525
540 531
550 556
541 554
540 559
553 560
556 574
544 563
538 557
545 546
552 565
540 556
537 555
549 552
549 561
532 544
527 537
541 532
544 546
527 532
518 525
528 519
529 529
513 513
508 505
518 499
518 510
501 497
495 493
504 487
504 495
487 479
482 471
490 463
493 476
481 469
477 467
490 464
493 475
478 459
474 452
490 451
500 474
491 474
495 485
515 495
526 520
521 521
527 529
549 539
558 565
547 563
547 568
564 573
568 589
554 577
549 570
561 566
561 580
540 562
540 566
552 562
553 574
538 558
534 550
547 545
548 558
529 543
522 536
534 531
534 540
516 520
509 510
521 504
523 518
505 501
497 495
507 488
508 499
493 482
487 473
499 468
499 482
481 467
470 460
487 459
491 474
477 459
474 453
489 451
494 470
483 466
486 475
508 498
521 513
515 513
520 521
543 544
554 561
545 560
548 570
567 588
571 594
559 583
557 579
572 591
574 595
556 581
550 578
563 587
564 586
547 569
542 560
555 568
556 569
537 554
531 549
543 556
542 553
524 535
520 526
533 535
532 534
512 517
505 510
518 519
505 515
499 496
494 487
507 495
495 497
489 481
483 476
495 484
483 482
479 464
475 456
487 465
474 465
470 451
468 451
487 469
483 478
488 475
495 483
520 510
518 528
523 528
525 537
546 559
542 569
544 562
545 562
562 577
551 583
547 570
544 567
557 577
544 575
539 558
536 550
551 561
536 562
529 545
524 540
536 548
524 546
518 526
513 517
525 525
510 525
504 508
498 502
510 508
496 504
490 483
486 475
499 484
484 483
476 465
471 459
485 468
472 464
466 445
462 437
476 447
463 449
458 434
453 430
467 439
457 442
458 433
465 439
489 467
486 486
491 486
499 500
523 525
519 537
521 530
525 533
546 555
537 565
534 553
531 551
546 562
533 561
529 544
528 540
542 551
528 553
523 537
521 534
535 543
521 541
517 521
515 514
529 526
515 526
508 508
503 502
516 511
502 509
498 491
495 482
509 493
494 495
489 478
485 473
499 482
485 480
479 461
480 457
493 469
478 472
475 458
485 455
486 465
475 454
474 453
492 457
504 484
502 490
509 506
528 517
541 546
536 545
542 555
563 562
571 586
561 584
560 588
573 590
576 604
563 591
558 584
568 579
571 593
556 581
550 578
560 575
558 582
543 567
538 559
549 553
549 564
533 551
527 547
537 542
537 550
521 532
515 523
525 514
526 527
509 512
502 504
511 497
512 507
497 491
491 482
502 475
502 487
486 474
482 472
493 468
492 477
478 461
473 455
488 452
494 473
486 472
491 484
516 498
527 522
522 523
527 530
548 541
558 568
553 570
554 575
570 578
574 595
561 584
559 579
573 577
576 593
559 581
553 577
565 573
568 586
554 572
549 564
562 559
563 573
546 560
540 556
550 550
550 560
534 543
528 534
540 529
541 543
523 528
517 523
528 517
529 528
511 510
504 500
517 495
520 510
503 495
496 490
506 484
506 494
490 476
485 468
499 464
501 479
488 472
490 478
511 489
522 515
517 514
522 522
546 533
556 562
546 560
547 566
565 585
571 591
558 580
556 577
570 588
571 590
554 576
550 574
561 582
561 578
541 560
536 551
550 560
550 561
530 546
523 541
536 548
536 546
519 527
517 521
528 526
526 524
506 507
500 503
511 510
511 507
495 488
489 480
503 489
504 490
485 473
479 468
492 477
481 475
476 458
472 451
487 460
476 465
474 454
474 458
494 479
492 492
498 491
506 500
530 526
526 542
530 540
532 547
553 568
547 575
546 564
545 561
561 575
550 579
545 565
540 561
553 571
541 569
536 552
534 546
549 557
535 558
530 542
525 537
538 547
524 544
518 525
514 517
528 527
515 528
508 511
502 505
514 513
501 510
494 491
490 482
503 492
488 493
481 476
478 474
492 483
478 480
473 461
471 454
487 467
477 474
477 466
481 475
504 499
502 513
507 510
514 518
539 543
534 558
538 555
540 561
558 579
548 582
546 568
545 564
561 578
547 581
542 565
539 562
553 572
540 571
535 552
531 544
545 556
531 558
525 540
520 534
533 543
518 539
513 520
509 512
525 523
509 523
502 505
498 500
512 508
498 504
492 484
490 477
509 493
495 493
488 474
482 467
494 476
481 474
476 456
476 452
494 469
486 478
489 474
496 484
520 509
515 522
519 517
526 527
551 555
545 572
546 567
562 574
569 594
560 587
558 585
571 582
573 596
558 585
554 584
565 581
566 590
551 575
545 568
557 562
560 576
543 562
536 556
545 550
546 559
531 543
524 534
534 526
535 537
518 525
513 520
523 514
522 523
507 506
501 498
513 491
514 504
497 490
491 486
500 481
502 491
487 476
482 468
493 463
497 479
487 475
489 482
507 490
516 515
515 519
522 529
545 538
556 565
548 564
551 572
568 577
574 595
562 585
559 581
572 577
575 593
559 582
552 578
562 573
563 583
547 567
541 559
552 553
549 563
535 553
530 550
541 544
542 554
525 536
519 527
531 520
532 533
514 518
508 512
518 506
519 515
502 498
496 490
507 483
509 496
492 484
487 480
501 476
499 484
483 467
479 460
493 456
496 472
481 464
482 469
502 478
513 504
508 505
514 513
537 525
547 553
539 553
542 561
559 565
564 584
551 573
549 570
565 569
567 585
549 571
543 567
556 563
557 574
540 556
535 548
547 543
548 557
531 543
524 538
536 545
536 541
519 523
514 514
527 522
526 522
507 506
502 501
514 510
513 506
495 488
490 480
504 489
506 491
487 477
481 472
493 480
495 478
479 461
475 454
489 465
493 471
481 466
485 476
508 501
519 514
512 513
518 521
542 546
553 561
541 558
542 564
561 582
554 587
553 575
550 570
564 581
552 584
548 570
544 567
556 575
544 573
538 556
536 549
549 558
536 560
530 544
527 541
541 549
527 544
520 524
514 514
527 523
514 524
509 508
502 502
513 509
500 506
495 489
492 482
506 492
493 494
488 478
483 474
498 484
487 482
482 464
479 459
497 475
491 487
494 485
500 496
524 522
522 537
528 535
535 544
557 568
551 582
554 577
555 582
573 600
563 602
558 586
556 581
571 593
559 596
552 579
547 574
560 583
546 580
542 562
538 554
551 564
537 564
531 548
526 542
538 550
524 546
517 525
514 517
528 527
513 528
506 509
501 503
514 511
500 508
495 488
491 481
505 491
490 492
482 473
480 471
495 482
485 481
479 462
480 460
497 478
489 490
493 487
500 499
526 526
524 541
528 537
535 545
557 570
553 586
552 578
554 582
571 597
560 599
558 583
557 579
571 592
555 593
550 575
546 570
560 580
546 577
539 557
536 548
551 561
535 563
529 543
537 538
537 546
521 530
516 522
526 514
527 524
510 511
504 506
513 501
514 510
498 493
492 485
503 480
509 494
493 480
485 473
493 467
494 477
480 463
476 456
488 451
492 467
482 463
486 473
507 483
517 509
512 509
517 517
539 526
550 554
541 554
543 561
558 566
564 584
553 575
550 571
562 567
564 582
548 571
543 567
555 563
554 572
539 556
532 547
543 541
545 554
528 540
520 534
532 531
534 541
517 522
511 512
521 504
521 516
506 503
498 498
508 491
508 500
495 486
490 477
501 471
502 483
484 468
478 463
490 460
491 470
475 454
470 446
482 441
486 458
472 449
471 453
490 460
501 485
497 486
502 495
525 506
536 535
527 536
531 545
551 552
556 572
544 562
542 559
557 558
561 575
545 562
539 558
550 554
552 566
537 551
533 543
546 539
546 552
529 538
524 535
536 530
535 539
518 521
512 512
526 508
528 523
509 507
502 502
513 497
513 508
497 491
491 482
503 476
505 491
487 477
482 473
493 481
493 478
477 462
473 455
488 464
490 467
473 455
473 458
492 478
503 490
497 490
499 496
526 524
539 544
532 545
536 554
556 574
562 581
552 572
552 572
568 585
571 591
553 575
548 572
563 583
563 580
544 561
539 553
553 562
556 565
538 552
528 544
540 551
527 549
522 531
510 519
528 534
516 536
512 520
508 516
520 523
507 518
502 498
497 490
512 499
499 500
493 483
487 477
499 485
487 483
483 465
479 457
492 466
479 468
474 452
470 450
487 465
481 473
487 471
494 479
519 506
516 525
521 526
524 535
548 560
544 572
546 565
548 566
566 584
557 591
554 579
550 577
564 586
550 584
541 564
536 558
553 573
541 577
537 561
533 557
547 565
533 560
527 539
523 531
537 541
525 543
518 525
512 519
524 526
509 520
504 501
501 494
516 505
501 504
494 485
489 481
502 489
489 487
482 467
479 460
494 472
481 475
476 459
466 451
479 463
470 465
469 451
470 448
491 469
486 482
493 482
501 495
527 523
524 537
529 533
537 542
561 568
554 581
554 575
554 578
572 594
562 598
559 581
556 574
570 588
555 590
549 574
546 571
559 581
544 578
538 558
530 548
546 564
533 569
528 550
525 545
539 554
526 551
522 529
518 518
532 529
517 529
510 510
519 504
519 511
504 494
499 486
509 478
509 490
492 478
486 475
496 470
498 480
483 465
476 457
487 451
489 464
474 454
470 453
483 454
491 476
488 476
494 487
517 498
529 528
524 532
529 544
546 552
548 572
544 574
547 578
565 580
572 600
559 590
554 586
566 582
567 591
553 576
550 569
560 562
560 575
545 563
538 557
548 552
549 562
532 545
526 536
538 529
538 542
521 527
512 520
520 513
520 522
505 506
499 496
509 488
510 500
494 487
489 482
499 476
499 484
483 467
477 459
491 455
493 469
475 455
470 450
481 445
482 456
469 443
468 441
486 445
498 474
494 479
502 493
523 503
533 528
526 527
529 533
549 541
557 566
545 561
543 563
557 564
558 577
544 562
539 556
551 551
553 567
537 553
530 550
541 544
541 554
525 537
519 530
531 525
531 537
513 521
507 516
518 511
518 520
499 501
492 491
505 486
507 500
490 487
485 482
496 476
496 486
481 470
477 462
489 458
490 471
473 458
468 454
480 463
482 462
465 446
461 440
478 455
489 471
481 470
485 482
509 508
522 524
516 524
521 530
543 552
555 568
544 564
545 568
560 582
564 585
550 570
547 564
562 575
563 577
544 561
538 558
552 569
554 569
537 552
532 544
545 554
547 557
530 543
525 540
537 547
524 544
520 527
516 520
531 530
518 530
512 514
506 510
521 519
509 516
503 498
499 490
513 500
502 503
498 489
493 485
506 493
493 491
490 475
488 470
505 484
498 494
501 492
508 505
533 533
531 547
537 546
542 553
566 578
561 593
563 588
565 595
583 612
572 614
568 599
564 593
578 605
564 606
559 591
556 588
569 597
557 594
549 572
546 564
559 575
544 574
539 557
531 550
543 557
531 555
522 531
517 521
529 530
515 530
509 513
503 508
515 515
500 510
496 491
493 484
507 495
494 497
487 480
481 475
497 487
483 484
479 465
475 457
490 469
477 473
476 464
478 468
501 491
498 504
506 504
516 515
541 543
533 557
539 557
544 567
563 587
557 594
556 584
558 582
575 598
562 601
558 588
553 583
566 592
552 588
546 571
545 563
557 575
540 574
536 558
532 553
544 560
529 557
523 536
521 529
534 540
517 538
511 521
506 514
520 522
506 520
498 498
496 491
508 500
493 502
489 485
499 482
500 491
487 477
482 469
494 464
498 477
486 468
479 462
489 461
495 476
490 473
492 479
514 489
529 521
525 526
527 537
549 550
559 574
549 568
553 575
570 578
576 599
564 592
558 590
571 590
573 602
558 587
551 578
562 572
566 586
550 574
542 567
554 565
553 572
536 554
533 546
544 538
547 551
528 536
521 529
533 527
534 536
518 518
510 507
521 499
524 513
506 500
497 492
509 487
509 497
493 481
488 474
499 468
500 483
484 469
477 464
489 461
490 472
476 458
474 456
495 462
507 492
500 493
502 503
525 516
536 542
528 539
531 544
552 550
561 575
549 568
544 568
558 568
561 580
545 565
540 557
556 556
556 568
539 555
532 550
544 546
547 558
528 540
521 531
534 525
536 540
519 527
513 522
523 515
523 525
507 508
502 501
516 497
517 511
498 496
491 490
503 486
504 496
487 478
483 469
497 466
498 480
484 467
476 463
486 456
489 468
477 456
475 453
494 458
501 481
495 484
501 498
526 524
534 536
529 536
532 541
555 564
564 578
550 571
550 575
565 589
569 591
554 576
551 572
564 580
565 583
546 568
543 566
554 574
554 571
536 552
533 545
548 556
549 557
526 539
521 534
534 541
533 536
515 518
510 509
523 517
524 517
505 502
500 497
512 505
499 501
493 483
489 476
505 487
493 490
486 474
482 471
492 478
481 477
477 460
475 454
491 467
484 478
487 475
492 487
515 512
514 527
520 526
528 536
552 561
546 576
548 572
551 579
571 598
563 603
560 589
557 584
574 597
561 600
557 586
552 581
566 591
553 588
549 571
546 564
559 574
545 574
540 558
536 554
549 563
535 559
528 539
524 530
539 541
525 543
519 525
513 519
526 527
513 525
508 506
505 499
518 507
504 509
500 493
496 489
509 498
495 495
490 476
488 469
504 482
491 485
488 473
489 478
512 501
510 515
516 513
523 522
547 549
543 566
546 564
550 572
570 592
562 598
561 588
562 586
579 602
566 606
560 590
556 586
570 597
557 594
551 575
547 566
562 578
548 580
543 563
538 558
551 565
537 562
531 543
529 535
543 546
527 546
521 527
517 521
530 531
515 527
509 506
505 497
520 508
505 510
499 492
494 486
507 495
494 493
491 477
487 468
500 479
484 480
479 462
489 459
493 473
483 464
485 469
507 478
521 509
516 513
520 524
538 534
549 558
543 556
545 560
561 563
567 582
555 575
552 575
564 573
564 584
550 568
544 561
556 555
559 570
542 557
536 552
545 547
546 557
532 542
525 533
536 525
536 536
520 524
514 519
523 513
521 520
505 503
499 494
511 488
511 499
493 485
486 479
496 473
497 483
482 467
475 458
486 450
489 464
473 452
468 449
477 444
478 454
466 443
468 445
489 453
500 482
494 485
499 498
522 512
532 538
526 536
528 540
547 545
556 570
545 566
543 568
555 567
558 581
545 569
542 564
555 561
557 576
542 565
538 562
550 560
552 570
535 553
530 546
544 542
546 556
529 542
521 536
532 530
533 541
518 525
512 516
524 510
524 522
507 508
501 504
512 498
512 508
496 491
492 483
506 479
507 493
489 478
483 473
494 468
497 481
484 470
485 472
506 481
518 510
511 512
517 525
537 535
546 559
538 555
541 560
561 567
568 589
553 581
551 581
565 593
567 593
551 576
546 568
558 576
560 579
543 565
537 560
548 567
548 565
531 547
527 539
540 546
539 546
520 530
514 524
525 532
524 528
505 508
499 498
511 506
512 507
493 490
485 484
496 490
497 487
481 470
476 462
490 471
491 472
472 457
468 454
482 463
471 462
468 447
469 446
492 468
490 485
496 487
500 498
524 524
523 537
527 535
532 542
553 563
546 576
548 571
547 573
562 587
551 587
547 571
545 566
558 576
545 579
540 563
534 558
548 567
535 565
530 546
524 537
537 546
524 546
519 530
513 525
526 532
512 527
507 508
503 500
517 509
503 509
496 491
491 487
504 495
491 492
485 473
480 465
495 476
483 479
478 463
473 459
485 467
474 466
470 449
468 445
485 460
479 472
483 469
489 481
515 508
512 521
516 517
522 524
546 549
539 564
541 558
540 561
556 576
548 582
546 567
545 562
560 575
547 579
544 564
541 562
555 574
541 572
537 554
536 548
551 560
537 562
530 544
525 539
538 548
525 545
519 525
515 516
528 527
514 529
508 511
503 506
516 514
500 510
496 490
494 484
509 496
494 497
489 480
485 476
500 486
486 484
481 465
480 459
498 474
490 485
493 480
497 487
518 508
513 521
517 514
524 521
545 546
537 559
536 551
551 555
557 572
544 561
540 555
551 550
555 565
542 556
536 552
544 547
545 558
531 543
527 537
537 530
539 543
523 530
517 526
527 521
528 530
512 514
506 505
517 498
520 511
503 499
496 493
505 486
507 496
492 481
481 469
496 468
499 482
485 471
481 469
493 464
493 473
479 457
474 450
488 447
493 467
480 463
485 474
504 484
515 509
510 507
512 511
532 516
542 540
532 537
531 540
544 540
547 554
533 541
533 538
544 533
545 548
529 536
524 533
537 531
539 544
524 530
518 522
530 516
534 532
516 518
510 514
522 509
520 518
505 503
501 496
512 489
513 501
495 487
493 485
501 478
502 489
486 473
482 466
496 462
498 478
482 465
477 460
488 455
489 465
476 452
473 448
491 451
499 475
489 473
492 482
513 491
522 514
511 508
513 511
533 516
542 543
526 532
523 533
536 532
540 547
526 533
523 527
534 523
532 535
518 527
518 529
532 526
533 538
518 521
515 515
530 512
531 527
513 511
507 507
520 516
522 515
507 500
501 492
515 501
517 503
501 490
496 487
508 495
509 493
494 478
490 472
504 481
506 483
487 468
482 465
497 476
500 479
487 468
488 470
509 490
519 505
509 503
511 510
529 528
536 536
524 529
527 531
545 548
550 555
534 546
532 548
549 562
539 565
537 552
535 547
552 560
542 567
538 554
534 551
547 561
537 561
534 545
531 540
545 549
532 551
528 536
524 533
537 542
524 540
519 523
516 516
531 527
519 530
515 515
510 511
523 519
510 516
505 498
501 489
514 499
502 502
499 490
498 492
515 508
508 513
509 504
511 506
531 526
523 536
521 526
521 529
540 545
530 548
528 533
525 527
540 538
528 542
524 527
519 523
532 533
519 530
515 513
512 507
527 519
513 520
507 504
503 501
517 511
503 509
496 489
492 482
505 493
493 497
489 482
484 476
497 485
484 483
480 465
477 457
491 467
477 467
471 452
468 448
481 456
467 454
463 438
467 439
488 459
481 471
482 464
484 469
504 488
499 496
499 486
502 487
522 506
514 516
512 503
509 501
524 512
511 513
510 498
509 493
523 506
509 509
503 494
500 491
515 503
503 504
499 487
498 482
514 497
502 502
498 488
496 484
511 496
498 495
495 479
495 475
511 489
497 493
492 478
503 475
506 487
493 474
488 467
500 463
504 480
494 475
494 480
509 484
516 504
507 497
509 500
527 504
533 525
523 519
522 522
536 524
540 538
528 525
523 519
534 514
538 530
524 520
519 518
529 514
531 526
518 513
515 508
527 502
528 515
512 503
507 501
519 497
519 508
503 493
497 485
509 481
512 495
496 483
490 478
500 474
502 485
487 469
481 462
492 456
493 469
477 457
472 455
485 455
490 471
480 464
480 465
499 470
508 494
497 491
497 495
513 498
520 517
510 508
508 506
523 506
527 523
513 513
510 512
522 509
523 521
507 505
502 498
514 494
515 508
497 494
491 489
503 486
504 496
488 481
483 473
495 468
497 482
481 471
475 467
487 462
488 473
474 459
471 454
484 450
486 465
470 453
465 449
478 447
480 459
465 444
460 437
475 435
480 453
469 447
469 451
486 456
495 477
487 472
489 474
506 479
513 501
501 496
501 499
516 501
520 517
506 503
503 499
519 499
523 516
506 504
502 502
515 512
519 514
505 501
503 497
517 507
520 512
505 500
502 499
515 509
516 508
500 491
496 485
511 496
513 498
495 483
489 477
502 487
502 484
486 468
479 458
492 467
493 468
475 454
470 450
482 458
482 456
465 439
461 433
477 445
481 451
467 444
468 449
488 469
484 478
487 472
487 471
506 490
501 502
500 494
498 496
514 510
506 513
505 500
503 497
519 510
508 514
505 500
504 500
518 511
507 511
504 496
501 489
517 502
506 507
503 493
498 489
511 499
499 498
495 481
492 474
505 483
490 484
485 468
480 465
493 473
479 470
473 452
470 445
484 456
471 459
465 443
461 438
474 448
463 447
459 430
457 424
472 436
461 441
460 431
461 436
480 454
473 460
474 451
477 454
497 474
488 484
486 475
486 477
503 492
495 496
492 481
490 476
505 489
493 494
489 481
485 478
499 489
488 490
485 474
485 470
500 484
488 487
483 473
480 471
496 483
484 482
480 464
477 459
494 473
482 477
477 462
473 458
488 468
476 467
473 451
472 446
487 459
474 462
470 447
469 446
483 456
470 455
465 437
464 431
480 445
467 450
464 438
464 439
483 458
476 467
478 459
481 461
501 482
490 491
491 483
493 486
511 501
498 503
499 490
500 489
515 505
499 508
494 492
506 489
509 502
497 490
496 488
505 481
508 495
495 485
492 485
503 482
505 493
492 480
488 475
501 470
504 485
489 474
483 470
494 467
496 479
483 466
479 460
490 454
493 468
479 458
475 457
485 453
486 463
473 450
470 444
483 440
485 454
470 443
465 440
476 437
480 450
468 438
466 436
484 440
492 463
483 461
484 467
499 470
506 489
497 484
498 484
514 485
519 505
505 497
503 498
516 498
519 512
504 498
500 494
515 492
519 509
504 499
499 497
511 495
514 507
501 495
497 490
510 486
512 502
497 490
493 488
505 485
508 497
493 482
489 476
504 473
507 488
491 476
484 472
497 468
499 481
485 467
481 461
494 457
496 473
480 461
477 459
489 456
490 467
476 453
473 448
487 446
491 463
476 453
473 454
491 459
500 482
491 476
491 477
510 482
518 506
507 501
507 506
523 508
527 526
516 516
515 513
530 513
533 531
517 519
513 517
528 516
531 530
516 516
513 510
527 509
531 525
515 515
510 511
523 521
525 521
510 506
506 501
519 510
520 513
503 500
499 497
512 507
513 506
496 489
491 482
506 493
508 496
491 482
485 478
498 487
500 486
485 472
481 465
495 474
497 477
480 463
477 462
491 471
491 470
476 454
474 451
493 468
501 478
488 473
489 479
509 498
504 507
506 501
507 502
525 519
517 530
517 522
516 524
532 536
521 537
518 523
516 519
533 532
520 536
516 522
511 519
526 530
515 531
511 514
507 507
521 518
509 521
506 508
501 504
513 513
502 512
498 495
496 490
511 501
497 503
493 489
490 486
505 497
493 496
488 479
485 473
501 485
490 490
485 476
481 472
494 481
483 482
480 466
477 460
491 472
480 476
478 465
479 470
499 489
493 496
495 488
498 491
519 513
512 524
511 516
512 520
531 537
523 543
523 531
523 528
539 543
528 550
526 538
525 539
541 552
528 553
524 536
525 535
543 550
531 556
526 541
524 539
539 551
528 552
524 535
523 529
538 543
526 547
522 532
518 528
530 536
517 534
513 517
512 513
529 527
516 530
509 511
506 506
519 515
506 513
500 494
498 488
516 503
502 507
499 493
495 491
512 505
503 511
503 499
507 503
524 522
514 532
514 524
517 529
536 549
527 554
528 544
527 542
545 560
534 568
530 554
540 552
543 564
532 553
529 549
541 544
544 559
530 549
528 548
540 548
542 559
530 546
526 541
540 538
544 554
531 543
525 540
535 535
538 546
524 532
518 525
528 518
529 531
514 518
509 514
519 511
519 520
504 505
499 498
513 494
516 508
501 497
497 494
508 491
512 505
502 496
501 496
517 496
525 520
515 516
515 522
530 526
534 543
524 534
525 535
541 536
546 555
533 547
529 546
543 546
546 560
534 548
530 543
544 541
549 558
535 548
531 547
543 543
545 556
531 542
527 537
540 532
540 546
523 532
518 530
530 526
531 537
514 520
509 513
522 508
525 523
509 509
503 505
513 500
515 510
501 495
496 488
508 482
508 494
490 480
484 476
496 471
497 481
481 466
479 464
497 467
504 491
493 488
494 493
512 498
521 521
512 515
514 517
531 520
537 542
524 535
522 537
537 537
539 551
525 537
522 532
538 531
540 547
523 534
518 532
532 530
535 544
520 530
516 523
529 519
532 535
515 521
512 520
525 529
525 526
510 511
506 504
520 513
521 516
503 501
498 499
513 511
515 511
500 495
496 488
510 498
513 502
498 491
492 487
504 496
506 497
492 484
493 485
513 503
519 513
508 509
507 515
527 534
535 543
524 534
523 533
543 551
549 561
533 550
530 550
545 562
535 563
533 549
531 544
546 556
535 559
531 546
527 544
541 555
529 554
525 537
521 531
536 542
524 545
520 530
514 525
527 534
515 533
512 516
507 508
520 518
508 520
504 505
499 502
513 511
500 508
497 491
494 485
510 498
497 500
492 484
487 479
502 489
493 491
490 475
487 471
505 488
499 499
501 495
503 500
522 519
515 526
517 519
521 523
539 542
529 549
528 540
528 543
546 558
535 560
532 544
530 540
547 554
534 558
530 544
525 541
538 551
527 551
524 535
522 530
537 542
523 544
519 528
516 525
530 534
516 531
511 512
508 505
523 518
509 521
504 505
499 500
512 509
501 510
497 493
494 486
509 498
495 500
491 485
488 481
502 491
489 490
485 472
483 467
500 482
489 490
488 480
490 485
511 505
504 514
505 505
508 507
528 528
519 540
520 531
521 535
539 551
530 554
530 542
531 540
543 551
528 555
524 539
525 541
542 552
529 551
525 532
522 526
543 544
533 546
526 526
533 520
531 529
518 516
514 510
526 507
527 520
511 508
505 506
515 503
518 515
503 501
498 494
511 489
512 502
499 493
494 489
503 485
505 495
492 482
489 476
501 472
503 486
487 474
483 472
497 472
497 482
485 470
484 470
502 473
511 498
501 496
502 503
517 508
526 529
518 525
520 528
537 530
543 550
530 544
528 545
541 545
543 558
530 545
527 540
541 539
545 555
530 544
525 541
538 538
541 552
527 538
522 532
534 527
537 541
522 530
518 528
529 524
530 534
516 519
513 513
527 509
528 523
510 509
506 505
517 502
520 514
504 497
500 490
512 485
515 502
499 490
494 487
505 483
506 494
492 479
488 474
501 471
505 490
489 480
489 483
509 489
515 509
505 503
506 505
525 510
534 535
522 530
520 532
534 535
543 556
532 546
531 543
546 542
549 558
533 546
528 544
541 542
543 555
528 541
524 535
538 533
542 550
524 536
520 533
531 528
534 542
520 527
516 520
528 515
529 529
512 516
508 513
521 521
522 518
506 502
502 496
515 505
518 508
501 494
494 489
507 498
509 496
493 480
489 473
502 482
505 485
488 472
484 470
498 481
502 484
491 476
495 481
517 502
524 513
511 507
512 514
531 535
537 542
524 533
524 534
543 551
549 560
535 551
532 551
547 563
537 563
536 549
533 545
549 557
537 560
533 547
530 545
545 556
534 556
530 539
525 532
540 543
528 546
522 530
515 524
527 531
514 528
508 511
503 502
516 512
501 512
496 496
492 493
505 502
492 499
486 481
483 474
498 486
486 489
481 473
476 468
490 477
479 477
476 460
473 455
489 467
479 472
479 464
480 468
500 487
494 496
497 490
502 496
524 519
517 532
518 527
520 533
539 552
532 558
532 546
531 544
548 559
537 564
534 552
531 551
546 562
534 562
531 547
530 543
544 556
530 558
526 543
522 540
537 551
525 550
520 532
517 525
532 537
520 540
515 524
511 519
525 528
515 528
511 509
508 501
521 512
506 513
500 496
497 493
512 504
498 502
492 484
486 475
504 492
493 497
490 483
485 477
499 486
487 487
485 473
483 471
505 496
499 510
502 506
508 514
529 534
521 541
524 533
528 536
548 557
537 566
535 555
534 555
549 568
538 570
534 553
533 548
548 562
534 566
531 550
540 546
542 557
527 542
523 538
535 531
537 545
521 533
514 528
524 524
526 535
512 521
507 513
516 506
518 519
503 508
499 506
509 500
509 509
495 493
491 487
502 482
504 495
489 482
484 479
495 475
497 486
483 472
477 465
490 460
494 475
481 466
480 468
495 471
501 490
495 487
497 491
517 497
525 521
515 519
516 526
533 531
540 549
528 539
526 537
540 536
545 554
531 544
526 543
537 540
540 552
528 540
522 534
536 531
539 547
524 535
521 535
533 532
534 543
518 527
514 520
528 516
530 530
515 519
512 516
522 509
524 520
509 504
503 497
516 492
517 507
501 495
497 493
510 493
509 502
494 487
492 481
505 478
506 492
490 480
487 479
501 479
504 494
493 485
495 488
514 494
523 519
513 517
516 526
534 532
541 552
532 546
536 549
555 553
558 571
543 561
538 559
553 558
556 572
540 556
536 552
551 550
556 568
537 553
532 549
543 545
545 557
532 545
525 535
538 531
539 546
520 531
516 529
530 538
530 534
515 518
509 509
524 518
528 522
507 503
500 499
512 507
512 504
496 489
493 484
505 491
509 496
490 480
485 478
499 488
503 490
486 474
489 476
507 492
516 505
505 502
508 510
528 531
538 543
528 537
531 542
552 563
557 572
546 567
542 568
558 583
548 583
546 570
543 565
560 579
547 582
543 569
541 568
552 575
544 577
537 557
534 552
548 561
537 566
532 550
527 546
539 554
528 553
523 535
518 527
532 537
520 539
515 522
511 518
525 528
513 525
507 508
504 501
520 512
509 518
503 502
497 497
509 505
495 501
492 488
492 485
505 495
494 498
493 487
495 492
514 509
510 519
510 510
516 515
539 540
532 552
536 548
536 552
557 572
551 580
552 571
550 566
569 583
555 585
552 572
549 573
562 582
552 583
544 564
542 559
559 573
544 575
536 558
529 553
545 565
534 565
532 549
527 540
545 552
528 551
525 534
521 529
534 535
519 531
517 514
511 504
524 515
508 515
504 500
498 495
513 507
500 505
494 486
492 480
505 491
488 493
485 479
484 480
501 491
488 489
489 476
490 475
510 496
503 509
507 505
512 514
534 535
529 545
531 537
535 540
555 561
545 571
542 559
541 560
556 574
545 577
544 563
541 558
557 574
543 578
541 564
553 562
556 575
543 562
539 556
552 551
555 565
539 553
534 550
545 546
545 554
529 538
522 528
533 523
534 536
521 525
515 522
522 517
523 527
509 514
506 508
516 502
518 516
502 502
496 497
505 492
507 503
494 490
491 484
505 480
509 496
497 490
497 496
513 500
521 521
516 519
519 524
538 529
546 554
535 551
536 559
552 563
559 581
547 570
546 567
559 564
562 579
545 567
540 564
551 561
552 572
539 558
535 552
546 548
547 561
531 549
523 543
534 538
534 547
518 530
514 522
527 517
531 531
514 516
506 509
517 503
518 514
503 497
498 490
510 484
511 497
495 484
489 481
502 477
502 487
487 472
483 466
497 463
499 478
483 465
479 464
494 467
502 488
495 484
498 490
518 498
528 526
520 526
523 536
541 543
549 565
540 558
541 560
558 562
562 582
546 571
542 570
556 569
558 582
543 567
539 560
552 556
556 571
539 557
533 553
543 547
544 558
528 542
524 535
537 531
537 545
517 527
511 524
524 533
525 532
508 515
504 507
518 516
520 518
503 503
496 497
509 505
510 504
495 488
490 481
504 489
505 490
488 477
484 474
497 483
498 481
483 467
483 465
503 483
513 498
501 494
503 502
527 526
537 535
527 528
529 532
549 552
556 564
544 560
543 563
560 579
547 578
544 564
538 558
552 572
542 579
540 566
536 563
555 576
543 572
537 553
531 544
543 552
530 553
525 537
519 533
531 541
518 539
513 521
509 513
523 523
509 522
503 505
498 501
513 510
502 509
495 489
490 480
504 492
493 495
489 480
484 475
497 484
485 482
481 466
478 459
492 470
480 473
477 461
477 465
496 484
491 495
494 489
499 495
523 521
519 537
520 532
522 538
541 557
535 565
535 555
535 553
552 569
540 574
536 560
534 558
548 568
535 567
530 549
528 542
543 554
530 557
524 540
518 534
532 544
520 542
515 524
511 516
524 527
510 528
505 511
500 506
513 515
499 511
494 492
492 487
507 499
492 499
486 482
483 478
497 489
486 488
482 471
479 463
494 477
482 480
478 465
475 461
490 473
481 477
483 469
488 474
510 498
505 514
507 509
512 518
535 541
528 551
530 543
534 546
555 568
544 577
541 565
538 563
554 575
542 576
538 559
538 553
552 567
537 570
532 553
543 550
544 560
529 545
524 538
535 531
538 545
522 533
516 528
525 523
526 532
512 517
509 511
519 503
520 515
504 502
500 499
510 494
511 504
496 489
492 482
504 477
508 494
491 481
484 476
494 471
497 483
485 471
482 467
497 467
505 490
497 491
501 501
521 512
529 535
523 533
527 539
548 546
557 571
547 569
545 572
560 573
565 588