762 763
762 762
764 761
763 761
766 690
761 618
764 551
764 480
764 432
760 412
764 387
764 352
766 333
761 330
764 321
765 296
764 288
760 301
765 306
765 298
766 303
761 323
764 333
765 328
764 336
760 363
764 378
765 375
766 383
761 405
764 414
764 407
764 411
760 431
764 440
765 429
766 430
761 444
765 447
765 432
760 431
760 448
764 440
765 440
761 438
761 449
764 437
765 434
760 430
760 446
764 436
765 435
761 432
761 443
765 430
765 428
760 422
760 438
764 431
765 436
761 441
761 461
765 456
764 461
760 466
760 491
765 489
764 495
760 500
761 519
765 512
765 513
760 514
760 533
764 525
765 524
761 522
761 535
765 522
764 517
760 514
760 528
764 516
762 513
761 508
761 517
765 501
763 492
760 487
760 500
763 487
757 483
761 478
761 488
760 472
757 464
760 460
760 475
756 464
752 464
761 465
761 482
758 476
756 479
760 485
760 509
759 507
755 512
760 518
761 538
759 531
757 532
760 536
760 557
758 550
752 550
761 549
760 562
755 548
753 544
760 543
759 559
752 548
748 546
759 542
760 554
749 537
747 530
760 527
756 540
736 526
727 523
734 520
729 529
709 513
700 505
705 502
698 515
675 501
665 499
676 498
679 514
669 506
671 508
688 514
693 538
681 532
680 536
696 539
702 558
692 548
693 548
708 564
708 572
690 562
682 561
691 572
688 571
672 556
666 551
675 563
672 566
651 552
641 548
649 555
646 553
627 534
619 526
625 535
619 536
597 521
586 515
593 521
589 518
570 499
562 491
569 500
564 501
542 487
535 484
548 496
553 501
544 491
548 494
567 514
561 526
563 520
565 525
585 542
582 549
585 540
589 541
606 560
597 569
594 559
589 559
603 570
592 570
589 554
585 550
596 562
581 566
575 552
568 548
577 556
565 555
558 534
553 526
560 534
541 534
532 517
523 511
534 520
516 514
510 494
503 487
511 498
494 499
485 482
478 477
488 485
474 482
469 464
467 461
483 479
476 489
479 482
483 487
506 506
505 512
513 503
522 506
544 527
539 538
544 533
547 537
568 553
563 557
565 543
566 541
580 556
568 560
564 547
560 543
574 555
561 554
558 537
554 531
565 544
548 545
541 529
533 524
544 532
529 528
524 509
516 503
524 514
507 515
499 499
491 494
501 503
486 500
482 481
477 475
487 487
470 488
463 472
457 468
469 478
459 479
462 466
467 468
487 490
482 502
486 496
491 501
514 519
513 527
520 517
527 521
549 543
543 554
545 544
546 546
565 559
555 560
554 544
553 542
567 557
553 561
548 546
544 543
557 553
544 552
540 534
548 530
546 543
528 531
523 530
527 523
526 531
511 517
507 509
515 503
513 516
496 503
488 499
493 494
492 503
478 487
474 480
482 475
481 490
462 477
455 474
464 472
468 486
461 479
467 479
486 483
496 507
490 504
495 510
513 515
525 534
521 528
528 529
547 534
556 556
546 551
546 552
559 552
562 565
552 552
550 547
561 544
562 560
546 550
541 548
549 543
549 553
534 538
530 531
539 526
538 540
519 526
511 521
518 516
518 525
503 508
497 499
506 494
505 508
487 495
480 490
488 485
489 494
475 478
470 471
480 467
482 484
470 477
472 481
491 485
502 505
499 499
507 502
527 508
536 532
529 528
531 533
550 537
560 555
552 545
555 544
569 544
571 561
556 551
552 551
564 548
567 560
555 545
553 539
564 536
563 550
544 537
537 533
546 527
545 537
529 520
523 512
532 507
529 521
509 507
501 504
509 498
508 508
491 491
486 484
494 480
492 494
473 479
466 477
478 475
483 491
476 483
481 485
501 504
510 516
503 512
507 517
527 534
537 541
532 533
538 534
557 552
563 560
551 551
550 552
564 562
568 563
555 548
553 544
565 555
565 559
547 546
541 542
551 550
551 548
536 530
530 522
539 531
535 533
515 517
506 513
515 519
514 516
497 498
492 490
501 500
485 501
477 487
470 481
480 489
467 486
462 469
459 464
472 478
464 486
467 480
470 484
492 502
491 510
498 501
506 505
528 525
524 536
527 530
531 535
551 550
546 556
550 544
550 541
565 556
553 562
549 549
544 548
556 557
545 556
543 540
539 534
550 546
535 548
528 532
522 527
532 535
520 533
515 513
511 510
519 519
502 521
493 505
484 499
495 506
482 504
478 486
473 480
485 493
468 494
463 479
460 477
473 486
464 486
472 479
475 480
494 499
490 512
494 506
498 510
521 528
519 532
528 524
533 526
552 544
543 552
544 542
543 541
560 553
551 555
549 537
549 534
563 549
549 552
542 536
538 534
552 544
540 541
534 520
531 513
542 526
524 525
518 508
512 502
522 511
507 507
502 488
496 482
507 495
490 497
483 481
477 475
490 482
476 480
471 462
468 461
482 479
469 484
471 478
472 480
497 499
493 505
501 496
507 500
528 522
524 534
526 526
527 528
550 545
544 549
547 535
562 535
565 552
552 544
549 543
557 539
560 551
552 541
546 531
555 526
554 541
537 530
529 526
536 522
535 531
520 516
515 508
523 502
521 517
503 505
496 502
501 496
503 507
487 490
483 482
491 477
489 490
470 477
464 476
473 471
479 485
472 477
478 477
500 485
508 507
499 502
506 510
523 512
534 529
530 523
534 522
553 526
558 548
547 543
546 544
556 540
558 553
546 541
544 536
556 535
557 551
542 541
538 538
547 534
548 545
531 527
528 521
537 517
537 532
518 519
511 515
519 509
519 519
504 503
501 496
512 489
509 504
491 492
484 488
493 485
496 498
488 488
496 493
514 495
525 520
515 513
520 519
540 523
550 542
546 535
552 536
571 540
579 562
570 556
566 555
580 553
583 566
571 553
570 548
581 545
582 561
565 550
560 548
570 543
570 554
555 538
551 531
559 526
558 542
540 529
532 524
541 520
540 530
523 513
518 507
526 504
523 519
504 505
496 501
507 497
509 510
500 499
504 499
524 517
532 529
525 524
528 529
548 545
559 552
555 543
561 546
580 563
587 573
577 566
576 567
591 578
594 579
583 564
581 559
593 572
594 577
577 565
571 562
581 570
580 569
564 552
558 545
567 555
563 556
543 542
533 537
542 544
539 541
522 522
516 514
524 523
508 525
500 509
492 504
501 511
490 510
488 494
490 493
508 510
502 519
506 514
510 518
531 534
529 542
535 533
541 535
561 555
556 565
559 558
559 560
578 575
571 577
572 562
571 559
585 573
573 577
568 563
563 560
575 568
563 567
560 548
555 542
565 552
549 552
542 536
534 530
544 537
530 532
524 513
518 505
527 516
509 516
501 500
493 494
503 502
489 498
484 480
478 473
487 483
472 486
468 474
466 476
485 491
482 497
489 488
495 491
515 512
510 524
514 517
518 522
541 540
538 546
543 536
547 538
566 557
555 563
553 552
549 550
564 561
554 561
553 545
551 541
565 554
550 557
545 542
540 538
552 547
538 544
534 526
528 520
539 533
521 534
513 517
507 512
518 520
505 517
500 498
495 492
505 504
489 506
481 488
475 483
488 493
478 493
480 480
484 482
505 503
499 514
504 508
508 513
531 531
529 538
536 528
543 532
564 553
558 562
559 553
560 553
578 566
569 567
569 551
580 548
583 565
569 555
564 553
572 551
574 562
560 548
557 541
565 537
564 551
546 539
539 535
544 530
544 539
529 524
523 517
530 511
528 524
509 512
501 507
508 503
507 512
492 497
486 489
495 485
496 501
484 495
485 498
502 501
513 521
508 513
513 514
531 518
540 540
533 536
536 541
552 544
561 560
556 552
561 551
572 547
574 564
560 554
557 553
568 549
571 561
558 547
556 541
566 538
565 553
546 540
539 536
546 531
545 541
529 524
524 516
532 511
529 524
509 510
500 505
506 499
505 508
489 492
484 483
491 479
489 493
470 480
462 475
469 469
469 478
454 462
449 456
461 454
466 473
457 468
459 472
478 476
489 495
485 489
490 490
510 495
518 518
509 513
512 518
530 520
539 538
531 527
532 525
545 525
547 542
532 532
528 532
540 529
543 542
530 527
528 522
540 520
539 536
522 524
515 521
524 516
524 526
509 511
505 504
513 501
511 515
493 502
486 498
495 493
495 503
480 486
476 479
485 489
482 491
466 481
464 481
480 496
489 501
483 492
488 494
507 512
514 521
505 515
507 519
526 534
535 538
528 528
531 527
548 541
551 546
536 535
532 532
545 542
547 542
534 527
531 521
543 533
543 536
525 523
518 520
528 527
528 525
512 507
509 501
518 511
503 513
496 499
489 495
499 504
486 502
481 485
477 479
487 490
472 492
465 478
458 474
468 483
457 483
454 467
454 465
472 482
466 492
469 485
472 489
493 506
490 512
496 502
502 503
522 522
516 531
519 524
520 527
539 541
533 544
534 531
533 529
548 544
535 549
532 537
528 536
542 546
531 546
529 529
527 525
538 538
523 540
517 526
510 522
521 530
508 528
505 509
500 503
512 515
496 517
490 501
484 496
496 504
484 501
481 482
477 476
488 487
474 489
469 474
466 472
485 485
480 490
486 479
490 482
511 502
504 512
506 506
509 509
530 526
526 533
531 521
535 523
553 542
544 550
542 540
539 540
554 552
544 553
543 536
542 533
556 548
543 551
538 536
534 532
547 541
534 538
529 518
525 512
535 525
518 526
510 510
503 505
516 513
502 510
497 491
491 485
501 497
483 499
474 483
466 478
478 487
464 483
462 466
462 465
480 483
471 493
473 485
477 488
499 505
494 510
499 500
515 502
523 522
516 519
517 522
533 523
540 538
532 528
533 523
544 520
546 537
533 527
529 527
538 523
541 534
529 519
527 512
538 508
537 521
521 509
516 505
523 500
523 510
510 495
506 489
514 484
513 499
497 488
490 484
497 480
496 490
481 475
477 469
488 467
492 485
483 481
485 487
503 492
514 510
510 504
515 505
533 510
542 531
534 527
536 530
551 532
557 547
547 536
545 531
556 529
555 545
539 535
533 532
542 527
541 537
526 520
520 511
528 506
525 517
505 502
496 497
501 489
499 496
482 477
475 467
480 460
477 473
457 460
449 455
456 449
455 458
441 443
437 437
449 436
453 456
443 449
445 453
464 458
474 476
469 468
475 469
494 472
503 495
494 489
497 493
514 496
523 514
516 504
521 504
532 503
534 522
520 514
516 514
530 513
535 528
524 515
523 513
538 515
538 530
522 518
516 515
528 512
530 524
516 507
513 500
524 498
524 514
506 501
500 499
510 495
511 507
496 492
492 485
501 495
499 497
481 485
477 484
492 496
499 501
493 491
497 492
516 509
524 519
513 512
516 517
535 531
543 537
536 528
540 529
557 546
561 554
548 545
545 544
560 556
564 558
553 544
551 542
565 555
565 560
549 549
544 547
556 557
557 557
542 541
539 536
549 547
535 549
529 534
523 529
533 535
519 532
515 513
510 506
519 515
502 515
495 500
487 495
496 501
484 499
481 481
479 475
494 489
485 497
486 488
487 491
506 506
501 511
506 501
510 502
529 522
522 532
524 526
525 530
542 544
534 548
534 536
534 534
548 549
537 554
534 543
531 541
546 552
535 551
533 536
531 532
543 544
529 546
523 533
517 529
529 538
518 536
514 517
509 511
520 523
504 526
497 511
490 507
501 515
488 514
483 496
478 490
490 503
479 507
478 497
480 498
500 515
497 519
503 508
508 508
527 528
520 538
522 530
524 533
544 548
539 551
541 537
542 537
557 552
545 557
542 545
539 544
554 557
542 557
540 540
537 536
548 550
533 553
526 537
519 533
531 541
517 538
513 519
508 513
519 525
501 526
494 509
486 504
498 512
484 509
480 488
475 482
487 495
474 499
472 486
474 487
494 502
489 505
494 492
498 493
517 514
507 522
510 512
512 514
533 530
527 534
530 522
545 520
552 538
538 528
538 530
549 528
551 539
541 525
538 519
548 516
548 531
533 520
526 518
533 513
534 523
520 510
515 502
522 498
520 511
501 498
494 494
499 491
498 500
484 485
481 481
489 476
486 488
471 478
467 475
478 473
486 490
482 482
486 483
505 489
510 509
504 508
507 513
524 516
535 536
531 529
537 531
554 533
561 554
550 547
551 549
562 546
570 561
558 547
556 542
568 540
569 557
553 547
548 544
558 540
559 552
543 535
540 529
545 522
543 534
524 521
517 518
524 512
523 521
507 503
502 495
510 490
508 503
489 490
481 486
491 482
494 495
484 484
486 483
504 486
511 508
503 503
505 506
522 509
533 527
528 517
533 517
552 520
560 542
552 535
551 536
566 536
571 551
563 539
563 536
578 537
583 556
572 549
571 551
589 554
600 574
597 569
602 571
611 566
598 567
561 535
535 512
529 491
516 487
489 460
476 444
478 434
471 444
447 428
437 422
444 415
441 424
425 409
423 405
436 419
440 427
430 423
432 428
454 445
465 453
460 446
466 449
487 469
496 481
489 478
492 483
512 500
520 507
513 499
516 498
532 514
536 521
522 512
520 514
535 526
538 528
525 514
522 511
534 522
534 525
515 512
508 509
519 518
517 517
501 502
496 496
506 508
491 510
486 497
478 493
488 500
476 497
473 480
470 473
481 484
468 486
467 474
467 476
485 490
482 495
487 486
492 488
513 507
507 518
511 513
514 518
534 535
531 541
535 532
539 534
556 551
546 558
544 547
543 547
558 558
549 559
549 544
547 540
561 553
548 556
544 543
539 539
551 547
540 545
537 528
534 522
545 532
529 534
523 518
515 513
527 521
513 519
509 500
504 494
515 507
501 510
499 498
499 499
519 514
515 520
519 510
524 512
544 531
537 539
540 530
542 533
563 548
558 552
563 539
566 539
582 555
572 560
568 547
564 546
579 557
567 558
565 541
562 535
574 548
558 550
552 534
545 529
555 538
536 546
521 540
508 545
511 566
487 574
475 562
464 561
473 572
457 571
451 554
445 549
456 563
443 567
441 556
442 556
463 573
459 577
465 565
472 568
494 589
487 597
492 588
497 591
520 608
518 612
525 598
531 597
550 610
539 609
536 591
534 585
550 593
538 589
536 569
545 563
545 575
527 561
519 557
525 551
524 559
509 543
505 533
514 524
515 531
500 509
496 494
507 481
510 484
500 463
497 452
507 443
508 454
494 442
492 439
507 438
515 452
510 444
515 443
533 446
542 467
535 464
538 469
557 473
568 492
564 486
569 487
585 489
587 507
569 495
559 491
561 483
557 489
538 470
528 459
532 451
526 461
505 447
495 443
502 439
501 449
488 435
484 430
492 427
491 443
474 432
467 430
475 426
474 437
460 423
455 417
462 412
460 426
441 414
434 412
445 411
449 425
442 416
446 418
465 423
474 447
467 445
472 452
493 458
506 480
504 477
514 483
537 492
550 520
544 520
546 526
563 530
569 547
559 537
559 534
572 534
574 552
558 541
553 538
564 534
564 546
549 529
545 521
555 518
554 533
536 520
529 516
539 512
540 523
526 508
524 503
536 502
538 522
522 511
518 512
531 512
536 529
529 522
535 524
559 535
575 567
574 572
586 587
617 602
636 633
641 636
656 649
684 675
699 695
694 695
699 703
719 720
725 723
714 709
711 703
721 712
720 713
700 697
692 690
699 694
696 690
677 669
669 657
675 661
668 659
644 639
632 630
637 632
631 625
610 602
600 590
605 594
598 591
573 571
560 561
566 563
561 557
542 536
536 528
547 539
537 545
537 535
537 536
556 549
551 553
556 542
559 543
577 560
571 568
572 559
572 560
589 572
580 573
579 556
576 549
586 559
570 560
563 543
554 536
562 541
545 535
537 513
527 501
532 506
511 503
499 483
487 474
493 476
476 470
468 448
460 438
466 447
448 448
439 431
429 424
438 431
422 428
417 409
412 404
424 417
414 424
414 414
416 417
436 433
432 438
438 429
443 430
463 449
457 459
460 452
462 455
482 470
476 474
478 460
477 457
491 470
478 474
473 461
468 458
481 467
471 467
467 448
463 443
475 455
460 459
453 445
447 442
460 451
447 450
443 433
440 429
450 442
434 445
428 432
423 429
436 438
424 437
421 420
417 415
429 429
414 433
411 420
410 421
430 437
427 444
435 437
445 444
469 469
468 484
476 481
484 490
511 512
513 524
524 519
533 527
557 552
551 563
555 557
556 559
576 575
568 578
570 564
570 563
585 579
571 582
566 568
562 564
576 573
562 571
556 551
564 546
561 559
544 546
536 541
541 535
540 542
525 526
520 518
527 512
525 525
507 513
500 508
507 504
507 512
491 498
487 491
498 488
500 506
490 501
492 505
509 509
521 529
518 523
525 526
545 531
555 553
549 551
552 556
570 560
579 578
572 570
575 568
588 568
591 585
578 577
573 575
584 572
587 584
574 569
572 562
582 558
580 571
563 558
555 553
561 547
560 555
545 538
539 530
546 523
543 536
524 522
515 517
522 511
520 520
504 503
499 494
506 489
503 502
485 488
480 485
492 483
499 499
493 491
499 493
519 498
528 522
520 518
522 523
541 527
552 546
546 538
551 539
569 542
574 562
561 554
558 554
571 552
575 565
564 552
563 547
575 545
576 560
559 548
553 545
562 540
562 550
544 533
539 525
547 521
543 535
523 521
514 516
522 510
520 519
503 501
496 493
503 489
500 504
480 489
472 485
482 481
486 494
478 483
483 484
502 489
511 512
503 507
506 511
526 514
535 533
530 524
535 525
555 542
564 554
550 544
548 543
561 553
566 555
553 541
552 538
563 548
563 551
545 538
540 535
548 543
547 541
531 523
527 516
534 522
531 524
510 508
499 502
507 509
504 505
486 487
480 479
488 488
485 490
464 475
455 471
464 477
462 473
447 455
446 451
462 467
453 475
459 470
462 474
486 492
485 499
492 491
499 495
522 516
519 528
524 522
528 526
549 542
547 550
550 536
553 533
566 546
556 552
555 540
550 538
565 548
552 545
550 529
545 522
555 532
538 533
530 518
522 513
531 519
519 518
514 499
506 490
515 501
499 503
490 488
482 484
493 492
480 489
475 469
469 462
481 475
464 475
460 462
455 460
471 474
467 479
474 472
481 477
505 500
502 513
508 508
514 513
537 533
535 540
543 532
551 537
571 556
563 566
565 556
566 557
585 572
573 569
573 555
572 552
585 566
571 570
567 556
561 552
574 561
561 560
555 539
550 533
560 544
544 546
534 528
528 522
537 530
522 527
517 507
510 501
521 515
501 513
494 497
485 492
496 500
480 495
476 475
471 469
484 484
472 489
474 481
478 485
501 503
500 511
505 500
512 504
534 527
527 539
529 531
533 536
554 552
550 557
553 544
555 544
571 560
557 564
554 551
553 550
566 560
555 559
553 542
562 537
563 552
546 541
540 540
546 535
543 541
528 525
524 518
531 511
528 523
511 510
505 506
510 499
508 506
493 489
487 482
495 477
490 488
474 477
472 478
486 479
494 496
492 491
500 495
519 497
529 520
523 518
526 523
544 528
553 546
547 538
551 538
567 541
571 560
559 552
555 551
566 549
569 562
557 550
555 545
565 543
567 559
550 549
543 546
549 540
550 549
535 533
530 526
539 521
538 535
520 522
514 519
520 513
520 524
502 507
496 500
505 496
508 515
490 505
489 508
510 514
522 533
521 530
533 537
555 543
567 568
563 568
567 573
588 578
599 598
595 590
600 591
617 594
621 615
608 607
606 609
620 610
626 626
618 616
619 614
629 611
628 627
612 616
604 612
614 608
613 617
597 598
587 585
593 577
588 587
567 571
556 564
563 557
561 564
544 546
537 538
545 533
543 548
531 540
533 544
549 544
560 563
557 554
564 558
584 562
593 585
584 578
588 583
608 587
614 600
605 588
606 586
617 594
616 596
596 581
588 574
597 579
594 573
577 553
570 544
578 551
575 549
554 534
545 529
557 538
551 531
536 514
527 502
535 509
530 509
510 494
500 488
509 495
504 490
486 472
481 466
485 471
482 474
466 465
463 465
483 482
490 487
485 480
489 480
511 501
507 513
514 511
516 514
536 530
536 539
541 529
546 530
564 546
553 551
552 542
547 539
561 550
552 551
551 537
548 533
559 545
544 548
538 534
531 529
542 537
529 536
525 519
518 510
529 522
510 520
503 504
496 500
505 506
492 503
487 484
482 477
492 486
477 488
470 473
465 471
482 485
478 491
484 481
490 485
512 506
508 518
512 513
516 519
538 536
537 543
543 534
548 537
568 556
558 565
557 554
553 552
567 563
557 564
555 548
553 544
565 557
551 560
544 545
538 541
549 549
535 546
530 527
526 520
535 530
518 531
510 514
503 508
513 515
499 511
494 492
488 486
498 497
480 498
473 482
465 477
476 485
462 484
462 469
462 469
481 489
475 499
479 493
483 497
506 514
503 520
510 510
515 514
537 536
530 545
533 536
535 537
553 552
545 553
544 536
543 533
557 548
544 552
541 538
537 534
551 545
538 543
536 525
532 521
543 534
526 535
520 519
514 515
526 523
512 520
510 502
515 495
512 509
495 499
488 498
493 491
492 499
479 486
478 481
491 481
498 503
491 501
495 507
512 511
523 530
521 524
527 527
545 530
555 553
548 550
550 553
567 557
575 573
566 562
567 559
581 559
585 577
572 570
570 572
582 571
586 584
575 571
572 565
581 561
579 574
561 561
553 555
559 549
557 556
541 539
534 529
540 523
537 534
519 521
510 517
518 513
518 522
504 508
501 502
513 499
517 518
507 513
510 518
527 522
538 541
534 533
539 535
557 539
566 561
557 557
559 560
576 561
583 577
575 566
576 562
589 560
590 576
574 565
569 562
579 558
581 570
566 554
562 547
572 544
569 556
550 542
541 536
548 528
547 536
530 519
525 511
533 505
530 518
509 503
500 498
509 493
505 500
488 481
481 472
488 467
485 480
465 466
460 463
473 463
480 480
473 471
478 473
498 478
506 502
499 499
502 504
523 508
534 528
530 520
536 523
555 527
563 549
550 542
549 543
563 542
568 557
556 544
555 540
566 551
565 555
546 543
540 540
549 547
549 546
532 528
527 520
536 529
532 530
511 514
502 509
511 515
510 512
492 493
486 485
495 494
492 495
472 480
464 474
472 480
471 477
454 458
449 451
462 463
465 471
453 464
455 467
474 482
483 488
478 480
483 482
502 501
499 512
503 505
506 510
525 525
521 531
524 519
525 517
541 532
529 537
528 527
524 525
539 536
528 536
526 520
523 515
534 526
518 528
511 513
503 509
513 515
498 512
492 492
485 484
494 494
477 494
467 477
458 471
468 478
455 476
450 457
445 450
454 460
438 462
431 447
426 444
441 457
437 462
442 451
450 454
469 473
464 484
467 478
471 482
492 497
489 504
495 494
499 495
519 513
510 521
509 511
507 510
523 521
514 522
513 506
512 503
526 518
513 523
508 510
504 507
517 518
505 517
501 500
497 494
508 507
492 509
486 494
480 490
493 500
480 497
476 479
471 473
482 486
465 488
460 473
455 471
472 484
466 489
471 478
476 481
497 503
491 514
494 507
498 511
521 529
517 535
524 525
528 528
548 548
539 557
539 546
538 547
555 560
546 561
546 545
545 542
559 557
545 559
540 544
534 540
547 549
533 545
529 526
524 519
534 531
517 531
509 513
502 507
514 515
499 511
492 490
498 484
496 496
477 484
469 480
474 475
474 485
463 474
466 472
481 473
488 493
480 490
483 495
499 499
508 516
504 510
510 510
529 514
537 535
529 531
530 534
544 535
549 549
540 538
540 534
553 532
556 549
542 540
538 539
547 534
549 546
536 531
533 523
540 518
537 530
522 520
520 523
536 528
545 547
538 541
541 542
555 544
559 563
546 556
542 556
552 554
554 566
542 552
539 547
552 546
556 564
544 556
543 557
557 558
562 571
552 558
553 553
566 552
568 568
555 558
552 556
562 552
563 560
548 544
542 534
550 528
548 541
529 526
520 521
528 514
527 522
510 504
504 496
512 490
509 502
489 488
480 483
488 477
486 486
471 469
466 462
475 458
473 472
456 460
450 457
461 454
463 466
452 454
454 453
472 459
482 483
475 480
481 488
503 495
516 517
514 512
523 516
544 523
553 547
544 543
546 547
562 548
567 563
555 549
553 545
565 545
566 562
549 550
543 549
554 545
554 557
539 542
535 535
544 546
542 548
523 535
515 532
524 540
524 540
510 525
506 519
517 530
516 533
498 521
492 520
507 532
513 535
506 525
512 529
532 548
542 560
535 556
539 563
563 583
574 591
569 584
575 586
596 607
605 619
594 613
594 615
611 629
616 631
604 618
604 614
617 626
608 632
603 618
596 612
606 619
592 615
587 596
581 588
590 597
575 598
566 581
557 574
565 578
551 575
544 552
538 544
546 552
530 550
522 533
516 527
530 537
521 536
520 519
525 520
540 536
530 542
531 535
530 534
548 549
543 553
545 540
545 536
559 549
544 550
537 533
528 525
534 527
519 522
509 499
500 488
509 499
490 496
483 479
472 470
481 476
462 466
455 444
442 430
446 435
426 432
415 413
405 405
413 412
400 409
395 391
388 384
402 398
384 397
381 384
380 385
400 401
396 407
403 399
408 402
429 424
424 437
428 432
432 438
454 457
452 465
458 455
462 457
481 475
471 482
470 472
470 470
488 483
479 484
478 469
477 467
491 482
477 486
472 472
468 469
480 479
467 477
464 460
460 455
471 467
455 469
447 453
440 448
450 457
436 454
430 435
426 430
439 443
427 449
428 440
433 446
461 468
463 480
477 478
492 490
523 520
526 540
538 542
549 554
579 579
580 590
589 584
609 590
618 613
610 609
610 613
623 614
629 630
621 620
621 616
632 613
634 630
619 621
613 618
621 614
620 624
606 608
600 599
607 593
605 605
585 591
576 585
580 579
578 586
562 568
555 558
560 549
557 562
538 549
531 545
542 543
547 556
538 545
541 544
557 544
563 564
553 558
555 561
570 562
578 578
571 568
574 566
590 567
593 584
579 574
575 572
584 569
586 582
573 568
569 562
578 557
577 571
559 557
551 552
558 545
557 554
541 537
536 527
543 521
540 534
521 519
512 514
519 508
518 519
503 502
497 493
504 488
502 502
483 488
474 484
482 478
484 489
473 477
474 473
491 475
496 494
486 488
488 491
504 492
511 508
505 499
509 497
526 498
531 519
518 510
516 509
528 505
530 517
517 503
514 498
524 495
524 510
507 497
501 494
509 489
510 499
494 481
490 473
498 469
495 482
476 468
467 462
475 457
475 466
458 449
453 442
462 440
461 455
443 443
435 440
446 436
447 448
432 434
430 431
445 446
451 456
443 452
448 459
471 477
485 488
483 483
492 488
515 509
526 524
520 522
526 529
548 546
559 554
552 545
555 544
572 559
577 567
565 557
563 557
577 569
582 571
570 556
568 551
580 563
578 566
559 553
552 549
562 557
560 554
543 535
537 527
545 535
528 535
518 517
507 510
514 514
497 507
489 485
481 475
489 485
475 488
473 478
472 478
490 492
485 495
490 484
493 484
512 501
505 509
508 502
511 504
530 518
525 522
527 509
528 507
543 522
531 526
527 514
523 514
536 525
525 525
522 510
519 504
530 515
515 517
508 502
500 497
512 505
498 502
493 483
488 477
496 487
480 489
473 473
466 469
476 476
463 474
460 456
460 454
471 467
463 476
463 468
465 470
487 488
485 495
491 486
498 490
520 512
515 523
522 519
527 525
549 543
546 549
550 537
553 538
570 555
559 563
559 554
558 555
575 569
566 571
565 555
561 551
573 563
556 564
547 547
539 540
548 546
532 540
524 517
516 508
523 515
503 513
492 493
482 484
490 489
474 484
467 464
459 456
470 469
456 473
456 462
458 465
481 483
478 490
486 481
494 487
516 509
511 521
516 515
520 520
545 540
542 547
547 537
552 538
572 558
561 564
558 551
556 549
571 561
559 561
557 544
566 540
566 555
549 543
542 539
547 534
547 543
531 527
525 519
532 513
530 526
512 513
504 508
510 501
509 509
494 493
489 484
496 478
494 490
476 478
468 475
477 471
480 483
472 474
476 474
493 477
502 499
495 497
499 503
517 508
528 527
524 522
531 524
550 529
559 552
551 548
552 551
565 551
570 565
559 553
558 549
570 546
571 562
554 551
548 549
556 545
556 555
541 538
537 531
544 525
542 538
523 524
515 519
522 512
521 521
504 505
499 497
507 492
505 504
486 491
478 486
485 481
483 491
469 476
466 471
481 473
488 494
480 490
484 495
504 500
515 520
512 514
519 516
539 521
548 545
541 541
545 546
563 548
571 564
562 553
562 550
577 550
579 568
565 557
560 555
574 556
574 565
559 549
555 543
565 539
564 554
545 540
541 539
546 531
543 541
527 525
523 518
531 514
529 528
509 515
502 510
510 504
509 514
493 498
490 493
504 492
509 513
499 507
502 511
523 515
533 534
527 526
535 529
554 547
563 558
555 554
558 559
577 574
585 580
576 568
576 564
590 577
590 582
573 569
568 566
580 575
580 573
564 555
559 548
568 557
565 557
546 542
537 536
546 541
545 536
527 516
521 507
530 515
525 515
504 500
495 494
503 500
499 498
481 479
475 472
484 481
470 485
467 475
466 477
486 492
483 499
490 491
496 495
517 516
514 528
520 524
525 530
547 548
545 555
551 546
554 546
568 559
555 562
549 547
541 541
552 546
537 541
530 520
523 509
533 518
512 512
501 493
489 484
497 490
478 482
471 461
465 453
476 466
463 471
458 458
453 458
469 470
461 473
463 462
466 463
482 481
472 489
471 480
469 482
486 496
480 502
486 492
492 495
512 516
507 527
511 521
517 528
540 546
539 554
547 546
554 550
576 572
570 583
571 575
570 575
586 586
575 584
572 566
567 560
578 572
561 571
553 553
543 546
552 551
535 544
527 522
517 511
523 518
502 515
491 494
480 485
487 488
469 481
460 457
451 448
458 456
437 455
428 437
419 430
429 436
416 432
411 413
406 408
420 422
410 430
412 422
417 427
440 446
439 454
446 445
455 450
478 473
473 484
477 479
483 484
508 504
505 510
511 500
517 503
536 522
527 530
528 521
530 523
549 540
543 544
547 533
562 534
565 551
554 545
555 548
564 547
568 560
557 551
556 547
566 544
566 560
550 549
544 547
551 543
552 552
537 537
533 530
540 525
538 539
521 528
517 527
529 528
538 545
533 538
539 540
557 544
566 566
558 562
561 566
579 570
588 586
584 578
588 578
605 579
609 597
596 590
593 590
604 588
606 599
594 587
593 581
603 578
603 593
586 580
579 576
586 571
584 579
567 563
561 555
567 550
563 562
543 548
534 543
540 536
537 544
521 528
514 518
521 513
518 526
499 512
489 506
496 500
495 509
480 493
480 489
495 490
502 511
493 505
495 508
513 511
522 529
517 522
522 522
540 525
548 548
539 543
539 547
555 548
561 563
550 550
550 547
562 546
564 563
547 551
542 548
552 545
554 557
539 541
535 534
544 529
542 543
523 530
514 525
522 520
521 529
506 512
501 503
508 498
505 513
484 499
476 495
483 489
482 500
466 482
461 474
470 470
468 484
449 469
442 464
454 459
458 472
451 462
456 462
475 480
483 491
475 487
479 493
499 507
509 514
504 506
511 507
531 525
539 535
529 528
529 530
545 542
549 544
537 530
537 527
550 540
551 544
535 533
530 531
542 540
543 538
529 522
525 516
534 526
532 528
512 513
505 509
514 516
512 514
496 495
491 486
502 495
486 497
478 482
470 477
480 485
466 482
463 465
458 459
466 469
452 471
446 458
443 458
461 471
457 476
463 467
469 470
489 490
485 501
489 495
493 499
514 516
512 523
519 513
523 515
541 533
532 540
530 530
528 531
544 543
535 544
535 529
533 526
548 541
535 545
532 532
527 528
540 537
527 536
523 519
519 513
531 525
515 527
509 511
502 507
514 514
501 511
497 493
492 487
501 499
484 501
478 486
471 481
482 490
469 489
465 470
459 465
472 477
461 483
460 473
463 476
485 493
482 498
489 490
495 492
516 513
510 522
514 515
517 517
539 534
534 539
538 526
539 526
555 541
543 546
539 533
536 531
552 543
542 542
540 526
537 521
550 535
534 538
528 523
522 520
533 530
520 528
516 510
511 504
522 517
505 520
498 505
491 499
504 509
489 506
486 487
482 482
494 494
477 496
471 481
467 478
485 491
480 495
486 484
492 488
513 508
507 519
511 511
515 514
538 531
533 535
537 524
554 526
559 545
548 540
545 540
555 538
558 551
546 538
545 534
557 531
559 548
544 537
538 534
546 531
546 541
532 527
527 521
534 516
533 530
517 518
510 514
517 509
517 517
503 501
499 494
507 490
506 503
488 491
481 488
490 485
495 498
489 489
494 489
513 493
522 515
515 512
519 517
537 520
547 538
543 531
548 532
566 534
574 555
564 549
563 551
576 550
581 563
571 550
570 545
584 544
585 561
569 551
564 550
573 546
575 557
561 542
557 536
566 531
566 547
546 534
538 529
545 524
544 534
528 518
524 510
532 505
529 520
513 508
503 502
512 499
516 513
508 503
513 504
531 508
539 532
530 528
533 534
552 537
562 556
557 549
563 551
582 557
590 579
580 574
579 576
594 575
598 590
587 576
586 572
599 571
600 587
584 575
577 571
587 566
587 576
572 560
567 551
575 546
572 559
551 544
542 539
549 532
546 540
529 522
522 514
530 509
527 522
507 506
498 501
507 495
507 506
494 491
494 488
511 504
519 514
510 509
514 513
533 529
544 537
539 529
546 532
567 551
576 563
568 558
570 562
588 577
594 581
583 568
581 564
595 577
595 583
578 570
573 567
583 575
584 574
568 557
563 551
572 560
570 560
549 545
541 539
550 545
549 541
531 522
525 514
533 524
517 525
509 510
500 505
510 512
497 509
491 490
487 482
496 491
482 492
479 480
478 481
496 496
493 502
499 493
504 495
525 516
521 528
525 523
530 528
552 545
550 553
557 545
562 546
581 564
572 572
571 562
569 560
583 571
573 571
571 555
568 551
579 564
563 566
557 552
549 547
559 555
546 551
540 532
534 524
543 534
527 534
518 516
510 510
519 516
504 513
498 493
493 486
502 497
485 496
479 481
470 476
481 485
467 482
465 465
465 463
482 481
475 491
479 485
483 488
506 506
504 513
512 504
520 508
543 529
539 542
543 535
546 540
567 556
561 560
563 547
564 546
578 561
565 566
561 553
557 550
571 560
559 558
555 540
551 534
560 546
543 547
535 531
527 525
539 533
524 528
518 509
512 502
521 514
503 514
494 498
486 493
497 501
483 498
477 480
472 473
482 485
465 486
458 470
452 466
467 477
459 479
464 468
471 471
492 493
487 504
492 496
497 500
521 519
519 525
527 515
547 519
557 542
551 539
553 543
566 544
573 559
562 547
562 544
573 542
575 559
560 549
554 547
561 544
562 554
548 539
543 531
551 526
548 539
529 526
520 522
525 517
523 525
507 509
501 502
509 496
506 509
487 496
480 491
486 485
485 494
470 478
465 471
476 468
480 485
471 479
474 484
493 490
502 508
497 501
504 503
523 508
532 531
525 528
528 533
546 536
555 552
550 545
549 540
563 540
565 557
551 548
547 547
557 544
559 556
546 541
542 535
552 532
550 545
531 533
523 528
531 522
530 531
515 515
510 507
518 501
516 515
497 501
489 496
496 490
496 499
480 482
474 475
483 471
484 487
470 479
470 481
488 484
498 504
495 497
501 500
521 505
529 529
522 526
526 531
546 535
556 553
551 546
555 546
572 549
576 568
563 558
559 556
571 554
575 568
562 553
559 547
571 545
569 559
551 546
543 542
552 536
551 546
534 528
529 521
537 516
534 529
513 515
504 509
512 503
510 514
493 496
487 489
495 497
492 499
472 485
465 482
481 495
486 496
481 488
487 490
506 508
516 520
508 515
514 522
536 540
547 548
543 541
551 544
572 565
579 575
569 567
568 568
582 580
586 581
573 566
571 561
582 572
582 575
563 561
557 556
567 562
566 559
549 539
544 531
551 540
535 540
525 525
516 520
524 525
509 521
503 502
496 494
504 502
487 503
478 488
470 482
479 489
465 486
459 468
454 462
464 472
452 476
450 465
451 468
472 484
471 491
478 483
484 486
506 507
502 519
507 515
511 521
534 538
532 546
539 537
543 539
561 558
551 564
550 555
547 554
561 564
551 564
550 548
546 542
559 554
543 556
536 541
528 535
539 543
525 539
521 519
515 511
525 521
507 522
498 505
490 499
499 505
485 501
480 483
474 475
484 486
467 486
460 470
453 465
464 472
450 469
447 451
444 446
460 461
452 469
455 462
459 466
481 485
479 492
485 483
492 487
514 509
508 519
512 513
517 517
538 534
534 538
537 526
538 524
554 541
541 546
537 533
534 531
550 543
538 542
536 525
532 520
544 533
527 534
519 518
511 513
522 521
507 517
501 497
495 491
505 502
487 502
479 484
472 478
483 486
468 483
462 463
457 457
468 469
451 470
443 454
436 449
448 457
438 457
440 443
456 445
464 467
459 466
463 472
481 478
491 496
488 492
495 494
514 498
523 520
516 516
518 520
532 521
538 534
528 522
527 517
538 515
540 532
526 523
521 522
530 519
532 530
518 516
515 510
524 506
523 518
506 506
499 502
507 497
506 507
492 492
488 485
497 481
495 495
478 485
471 481
479 477
479 487
465 472
463 466
474 464
479 483
470 479
475 485
494 490
506 509
503 504
510 506
529 512
538 535
531 532
534 537
551 540
559 557
552 548
552 545
565 544
567 561
552 552
548 550
558 548
560 560
548 546
545 541
555 538
553 553
536 540
528 537
537 531
537 541
522 524
518 516
527 512
526 525
507 511
500 506
508 500
507 509
491 493
486 486
496 482
496 497
483 488
483 490
501 493
512 513
509 506
515 508
536 515
546 540
538 536
542 541
563 545
574 564
569 556
573 555
590 557
594 576
580 566
577 564
590 561
593 574
581 559
579 554
591 551
590 565
572 551
565 546
574 541
573 549
557 532
551 523
560 531
557 532
536 517
527 511
535 518
532 514
515 497
508 490
518 499
514 500
492 486
485 483
497 494
501 497
492 487
496 489
517 509
526 522
517 519
521 525
543 544
554 553
552 549
563 556
587 580
600 597
594 596
601 605
626 627
640 641
639 639
647 645
668 666
660 676
658 667
655 667
668 678
657 678
654 661
651 657
664 671
653 676
649 664
645 661
657 670
646 669
642 650
638 641
647 650
629 649
619 631
607 623
614 625
596 618
588 595
576 581
585 590
568 587
562 571
558 567
574 577
566 578
568 564
570 562
590 581
581 589
584 580
585 583
604 597
598 602
600 588
599 586
613 600
599 603
595 588
589 583
601 591
587 586
581 566
576 558
585 567
566 566
555 547
545 540
554 545
539 541
532 520
526 513
534 524
515 522
507 505
496 498
505 506
489 502
483 482
477 475
486 486
466 485
460 470
453 465
466 476
459 479
463 467
467 469
487 489
481 500
484 492
488 497
510 516
507 523
513 512
521 517
540 537
532 546
532 537
530 537
548 550
537 550
538 537
536 534
548 548
534 551
529 536
522 531
534 539
521 536
515 514
511 507
521 518
504 518
498 502
491 496
505 506
490 502
486 485
481 479
495 494
477 494
470 477
464 473
478 483
468 485
471 471
489 474
498 495
493 493
497 499
514 504
525 524
523 519
531 522
550 527
559 550
552 546
554 551
567 551
574 566
563 554
562 550
575 549
575 564
561 555
556 553
563 550
563 559
549 545
544 536
550 529
548 542
530 529
522 524
528 518
528 528
513 511
506 501
514 495
510 506
493 494
484 489
488 482
487 491
472 475
469 470
480 467
486 486
476 481
478 485
497 489
509 509
505 503
510 504
531 512
540 536
533 534
537 539
557 545
567 564
559 553
563 553
576 552
579 570
565 561
563 561
572 557
572 567
559 553
555 546
564 543
561 557
543 543
534 537
542 532
539 540
523 523
517 515
525 509
520 521
502 508
493 502
499 495
497 504
483 488
476 479
484 475
483 491
462 475
457 474
465 468
471 481
464 472
468 473
487 477
496 500
489 497
493 503
513 507
524 526
520 518
528 521
547 527
555 550
545 543
544 544
562 545
564 558
552 544
552 541
564 540
564 555
549 545
541 541
549 533
549 545
533 527
528 519
536 528
536 533
513 515
505 510
514 516
511 512
494 493
489 485
501 496
496 496
475 480
469 476
477 483
476 480
461 464
455 457
466 467
469 473
455 463
457 467
476 482
488 491
481 482
485 482
507 502
515 512
506 507
508 510
530 526
538 530
533 522
533 519
548 533
538 540
537 530
534 528
547 538
539 540
537 524
534 520
547 532
534 537
527 522
518 516
529 526
516 523
511 506
506 499
517 512
500 513
491 497
484 492
494 499
482 497
480 480
473 471
483 483
470 488
468 478
469 480
490 498
488 506
495 497
503 501
524 522
523 536
530 531
531 533
553 550
548 556
551 546
557 548
571 563
559 568
558 558
554 556
569 567
561 570
559 553
554 547
570 563
554 564
547 549
539 543
553 554
537 549
531 529
526 523
536 535
519 535
511 519
503 514
513 519
501 518
495 498
489 491
499 501
482 502
477 487
474 484
493 499
487 504
493 492
498 495
519 517
513 528
518 520
521 524
543 541
539 547
545 536
549 538
570 559
560 566
559 555
558 553
572 563
562 564
560 548
559 546
572 560
557 562
552 547
545 542
557 550
544 550
537 528
529 522
539 534
520 534
511 517
503 510
514 518
498 514
492 493
488 488
496 498
479 498
471 481
464 474
475 483
463 481
462 466
476 466
482 484
474 480
476 484
492 487
502 504
498 498
504 500
523 503
531 525
523 521
527 527
542 531
550 546
543 536
543 532
555 530
558 546
543 536
538 534
547 530
547 540
534 526
530 519
538 514
536 527
518 515
510 510
516 505
514 513
499 496
493 490
501 484
500 497
481 485
474 481
481 477
481 487
466 472
461 465
469 461
468 476
454 467
452 468
468 470
479 489
476 483
484 488
506 495
518 520
513 519
521 528
542 534
555 556
554 553
561 557
582 563
590 586
580 580
579 583
592 582
598 596
587 584
585 580
596 578
595 593
576 580
568 575
574 568
572 576
555 557
548 547
554 540
550 551
529 535
519 529
525 522
523 529
506 511
499 502
506 495
502 506
481 492
472 486
478 479
478 489
465 474
466 472
484 476
491 497
483 492
487 497
508 501
519 521
516 513
522 513
543 519
551 543
543 538
545 542
562 544
568 560
558 548
559 545
573 547
577 566
561 556
558 556
571 553
575 567
561 553
559 548
571 559
571 563
553 551
547 548
558 558
559 557
545 542
541 537
552 548
552 552
533 539
527 536
538 545
539 544
527 530
529 530
547 547
556 558
549 554
553 559
574 576
585 584
580 576
586 578
606 597
614 607
604 601
604 603
622 615
626 618
614 603
612 600
626 614
613 618
608 605
603 601
615 610
603 609
599 592
595 585
605 596
589 598
581 582
572 576
581 582
566 578
559 557
552 548
559 556
541 555
531 538
521 531
529 536
514 532
508 512
502 504
515 517
503 522
503 511
503 512
522 527
518 531
522 519
525 519
544 537
537 545
538 535
538 536
557 549
551 552
553 538
553 535
567 549
554 552
549 539
543 535
557 545
545 544
542 527
538 520
549 532
532 533
524 517
516 511
526 518
511 515
505 495
499 488
507 498
489 499
481 482
473 476
483 484
469 480
463 461
458 456
467 466
450 469
445 456
443 455
461 469
458 474
464 464
472 468
495 489
492 500
497 493
502 497
526 515
524 521
531 512
537 514
557 534
549 542
549 532
548 531
564 544
554 545
553 529
551 527
564 542
549 545
543 529
537 525
549 534
536 530
532 511
527 505
536 516
518 516
511 499
503 492
514 501
500 497
495 477
489 471
499 483
481 484
475 467
468 461
481 472
471 473
473 460
491 464
501 487
497 487
503 494
522 499
534 519
532 515
541 518
560 524
569 546
561 543
563 547
576 548
581 563
571 552
569 549
580 547
581 562
565 552
558 549
564 543
563 552
546 536
540 526
545 518
541 528
521 513
511 506
515 498
512 504
495 487
489 477
495 469
490 481
470 466
461 460
466 454
465 462
450 447
449 443
466 446
472 466
463 462
468 468
487 472
499 492
496 487
503 490
523 494
533 518
528 514
530 518
548 521
556 538
549 528
550 525
562 525
565 543
550 532
545 531
555 527
556 539
542 524
539 517
547 513
544 526
524 512
516 508
522 501
520 510
502 491
495 482
502 477
497 489
476 474
466 468
471 460
467 467
449 448
441 440
450 434
450 451
437 445
440 450
461 456
475 478
475 475
485 482
509 492
524 520
521 519
528 528
553 536
567 558
562 552
568 554
586 558
591 578
577 569
574 568
586 565
588 578
574 564
571 558
581 555
579 569
559 554
549 548
555 540
552 548
535 528
526 518
532 525
527 524
506 509
496 502
504 509
501 506
483 488
478 480
486 488
482 490
462 475
454 471
466 479
470 482
462 472
468 475
489 496
500 509
494 505
500 512
523 530
537 538
534 532
543 536
565 556
575 568
566 563
567 566
584 580
589 583
578 569
577 565
591 578
578 582
573 569
567 565
577 574
563 571
559 552
553 544
561 552
543 552
534 536
524 530
532 535
517 531
511 512
504 503
512 511
494 512
486 495
477 489
487 495
474 493
470 476
470 473
488 490
483 501
488 494
493 498
515 515
512 521
518 510
522 509
540 527
534 536
534 526
535 527
552 541
545 543
545 528
543 524
557 538
545 543
541 531
538 529
551 539
541 539
538 522
534 517
545 528
530 532
524 517
517 514
530 523
517 522
514 504
510 499
521 511
504 513
496 497
488 492
498 499
483 496
479 477
478 474
495 491
489 500
493 493
497 497
521 515
520 523
527 514
534 518
557 541
553 553
557 546
559 548
579 564
571 566
571 551
569 548
582 563
567 566
562 551
557 547
570 557
556 554
552 534
545 527
554 537
535 536
526 518
516 511
526 518
510 513
503 492
496 485
506 496
488 496
480 479
472 474
484 484
470 483
469 468
472 470
493 492
490 505
498 502
507 511
536 535
539 546
551 540
575 549
591 575
590 577
597 586
617 592
632 613
626 605
628 603
642 602
644 619
630 610
626 609
634 606
636 616
624 605
620 598
627 592
624 604
603 588
595 584
600 577
597 584
577 564
571 555
574 546
569 558
547 543
535 534
539 527
535 534
519 518
518 513
531 512
536 531
524 523
525 526
541 527
549 542
545 535
551 537
570 540
579 562
571 557
575 563
589 561
592 574
579 559
576 553
586 550
586 566
569 556
562 552
570 547
569 557
554 541
548 534
556 529
553 542
532 528
523 523
529 517
526 525
508 507
501 498
507 492
503 505
481 491
471 485
477 477
475 486
462 472
462 468
477 469
485 490
477 485
479 488
497 491
508 510
503 502
509 503
529 507
537 529
528 523
529 526
544 525
550 541
538 528
537 523
550 523
549 539
532 528
526 526
537 524
536 535
520 519
515 511
523 506
520 520
500 505
491 499
497 490
494 499
477 481
471 473
477 468
474 482
454 468
448 466
453 457
452 468
436 451
431 445
439 454
439 457
424 446
423 447
440 461
449 467
444 459
449 460
468 479
477 489
468 483
471 488
490 503
500 509
493 500
495 499
512 514
515 520
499 509
494 507
507 517
510 517
497 502
495 496
507 508
506 512
488 499
481 494
491 502
491 500
475 482
470 475
479 485
464 486
457 471
448 466
459 474
445 472
442 454
438 448
448 459
434 461
426 447
419 443
430 452
418 451
417 436
418 433
436 451
430 458
433 453
436 458
456 474
453 479
458 470
463 473
482 491
477 501
479 494
480 496
498 510
490 513
490 498
491 495
505 511
494 516
492 503
488 500
502 512
492 512
490 496
488 493
501 507
488 511
482 497
477 494
492 507
480 504
476 486
473 484
487 499
470 501
464 487
460 484
473 493
462 493
461 478
459 475
475 491
469 500
471 491
472 492
493 509
490 513
496 502
500 502
520 521
514 531
514 520
516 521
533 535
526 538
527 522
524 518
537 535
523 540
519 529
516 526
531 536
519 535
516 518
514 513
526 527
509 528
503 513
498 509
508 515
495 512
490 492
485 485
496 497
481 500
474 483
467 477
481 485
466 480
462 461
458 454
469 467
457 473
456 461
458 464
479 478
477 484
480 471
484 473
503 494
496 504
499 495
499 495
521 512
515 518
522 508
533 504
535 522
522 514
518 515
528 514
531 527
519 516
518 512
528 509
528 525
516 516
509 514
515 509
517 521
502 507
499 502
506 495
505 509
486 497
478 492
484 486
484 496
470 481
465 474
473 468
473 483
456 472
451 470
460 467
467 483
460 473
464 473
482 476
493 502
483 496
484 500
502 505
513 524
510 517
516 519
534 523
541 543
532 538
532 540
543 538
547 552
537 541
537 537
550 536
552 554
538 544
533 542
543 538
546 549
533 535
531 528
540 524
540 539
520 524
511 520
520 515
520 525
505 509
500 501
508 497
507 511
487 498
480 493
486 488
486 498
471 482
468 476
481 475
487 496
477 490
478 493
496 496
505 514
500 506
505 506
524 510
531 532
523 527
525 530
543 532
550 548
542 537
544 534
557 534
559 551
544 541
541 540
552 538
555 550
542 536
539 530
551 527
550 542
533 529
526 526
536 521
536 531
520 514
516 508
525 505
523 521
504 506
497 503
507 498
506 509
491 493
486 485
496 494
496 498
481 487
481 488
499 502
508 509
503 501
509 502
528 520
536 530
528 524
531 527
550 543
559 549
552 539
556 539
572 553
575 559
560 548
557 547
571 557
575 558
563 543
561 539
574 551
574 554
556 541
550 538
561 546
562 544
546 527
542 519
553 529
538 531
531 517
523 512
533 519
520 517
516 500
511 493
521 504
505 506
498 491
490 487
501 495
491 496
491 481
493 480
512 499
507 510
511 504
517 512
537 526
534 533
541 525
547 528
566 547
562 558
565 552
566 555
583 569
576 572
576 559
577 558
591 573
580 579
576 567
572 565
586 575
576 573
572 556
569 551
580 563
564 565
557 550
550 547
561 554
548 552
543 533
538 527
549 539
532 540
525 524
517 520
528 528
514 525
508 506
500 498
507 507
486 504
475 483
464 474
474 479
459 472
451 447
443 435
451 442
433 440
427 424
422 420
436 429
429 428
430 413
432 413
451 431
444 441
447 433
449 436
470 454
467 460
473 451
479 454
499 475
490 484
490 475
490 477
508 491
498 493
498 477
496 476
509 491
494 495
488 480
483 477
497 487
485 486
482 469
479 464
491 479
476 481
470 467
463 462
475 471
462 468
457 449
452 444
465 457
452 461
451 450
454 453
478 472
477 480
486 471
508 477
520 501
518 501
525 508
545 516
558 537
557 534
565 537
583 541
592 563
586 563
589 570
605 575
608 588
585 566
566 546
558 528
554 544
561 559
601 604
669 662
732 736
761 759
763 757
760 758
760 761
764 765
765 765
761 766
761 761
765 755
744 707
668 594