704 532
695 528
703 526
701 542
682 531
674 528
680 525
679 539
665 530
660 527
673 527
676 545
661 536
657 536
667 534
669 549
654 538
649 535
658 533
658 550
640 538
633 534
640 531
639 545
622 532
616 528
625 525
626 542
609 531
602 528
610 525
609 538
592 526
586 522
596 519
596 536
578 524
572 520
580 517
581 531
565 518
560 514
571 513
572 530
556 518
552 515
562 513
565 529
553 518
551 515
567 517
574 536
562 526
561 525
575 525
580 541
567 529
564 526
579 526
582 543
566 531
561 528
572 525
573 540
559 526
555 522
568 521
570 539
555 527
550 524
561 521
562 536
547 522
543 518
555 517
556 534
540 521
534 518
545 516
546 530
531 517
526 513
539 526
540 530
524 518
519 514
531 525
533 529
520 516
518 514
536 529
542 535
531 526
530 524
546 537
551 541
540 528
538 525
554 539
557 544
542 530
536 526
549 537
551 539
537 525
534 521
548 534
551 539
536 526
531 523
543 533
545 535
530 521
526 517
540 529
528 533
525 520
519 516
532 528
523 532
518 516
514 513
527 524
516 528
513 515
509 512
522 523
512 526
510 513
511 511
529 526
522 533
524 523
528 526
542 537
534 540
533 525
533 523
549 537
539 542
536 528
532 526
547 539
534 538
530 523
528 521
543 534
533 540
530 525
528 523
540 533
531 537
527 521
524 518
542 535
528 536
527 524
521 519
534 531
523 533
520 518
518 515
533 529
520 532
517 518
513 515
528 527
519 530
517 516
522 519
538 533
530 538
530 525
529 522
547 536
540 540
540 527
540 525
556 540
545 544
542 529
538 525
552 538
540 540
537 525
536 522
551 536
540 541
537 526
533 523
547 535
536 538
532 522
529 519
544 534
532 538
528 523
524 519
538 533
526 534
522 518
519 515
534 530
521 534
517 518
514 515
529 528
518 530
517 516
518 515
537 532
529 538
529 525
529 524
547 539
537 541
536 527
536 525
552 541
539 545
535 529
530 525
545 538
532 539
528 522
539 520
542 535
529 526
525 523
534 520
537 533
524 522
521 518
532 516
535 531
522 521
517 518
527 515
529 528
516 517
513 513
524 511
527 527
514 517
511 515
521 511
525 526
514 515
514 513
530 514
538 533
529 525
529 525
543 524
549 540
540 531
539 528
552 527
556 543
543 534
539 530
548 527
550 541
537 529
533 525
546 523
549 539
535 528
531 526
541 523
544 537
531 525
527 521
539 518
542 535
527 523
523 519
534 516
535 530
522 519
518 514
530 512
533 529
519 518
515 515
526 512
529 527
517 515
516 512
533 513
540 532
530 524
533 525
546 523
552 538
541 528
541 527
554 524
557 542
543 531
539 528
549 525
551 539
537 527
534 524
547 523
550 539
536 527
531 524
542 521
544 535
530 522
525 518
537 516
539 532
523 520
518 516
529 514
530 528
516 515
512 511
525 510
528 528
512 515
508 513
520 511
523 526
510 514
509 511
527 512
533 531
522 522
522 521
538 520
543 537
532 526
531 523
546 536
549 540
534 528
529 524
542 534
542 536
527 523
524 519
538 531
540 536
525 524
520 520
532 530
534 532
519 519
516 515
530 527
531 531
516 518
512 515
525 525
526 527
511 513
508 509
523 522
525 526
509 513
505 509
518 520
522 523
508 510
507 507
525 522
518 528
519 518
518 517
535 530
529 534
528 521
528 520
543 533
533 538
529 523
524 519
537 531
526 533
522 519
519 516
533 528
523 532
519 519
515 516
529 528
518 530
515 516
513 513
528 527
517 530
513 517
509 513
522 524
511 526
509 511
506 508
521 522
510 526
507 512
504 508
518 519
509 522
508 508
507 506
525 522
518 528
519 516
519 515
537 529
530 533
529 519
529 517
545 532
534 536
531 523
527 518
540 530
527 531
524 517
520 512
535 527
524 531
520 517
516 514
530 526
518 528
515 513
513 510
528 525
515 527
513 514
507 509
520 521
508 522
505 507
502 505
517 519
505 523
502 508
499 505
515 519
502 520
501 505
500 504
519 521
511 527
511 515
512 514
531 529
523 533
524 520
524 518
542 535
531 539
528 525
524 521
538 533
526 535
522 519
521 517
537 532
525 535
521 521
518 518
532 530
520 532
516 516
514 513
529 528
517 532
512 516
509 512
523 526
510 527
507 511
517 509
520 524
507 516
503 513
512 509
514 523
502 512
499 509
512 508
517 525
507 517
508 517
522 516
528 532
520 523
520 521
534 521
540 537
528 527
526 525
535 521
538 536
525 524
522 521
534 518
537 534
524 524
520 521
530 517
533 532
520 520
517 516
529 514
532 531
518 520
514 517
524 513
527 528
514 517
511 513
523 511
526 527
512 516
508 513
519 510
522 525
509 513
506 510
520 509
524 525
512 515
511 514
525 513
531 530
521 520
522 517
537 518
542 535
530 524
527 522
538 519
539 533
525 520
521 515
534 513
536 530
522 518
518 515
529 512
531 527
517 515
514 512
527 510
529 527
514 516
509 513
520 510
522 524
509 513
506 509
519 507
522 524
507 512
502 509
514 506
516 522
502 509
499 506
513 505
518 523
505 512
505 512
521 511
529 528
520 518
521 516
539 518
544 536
532 525
529 522
542 521
543 535
530 522
525 518
538 517
541 534
526 522
521 519
534 517
536 533
522 519
519 516
533 528
536 533
521 522
517 518
530 529
533 533
519 519
516 515
530 528
534 532
518 520
514 517
527 527
529 529
516 517
514 513
528 526
533 532
520 521
520 519
537 532
544 537
534 525
534 523
552 538
557 544
543 532
539 528
553 540
553 542
538 528
534 524
548 537
538 541
534 527
531 524
544 535
535 538
532 524
529 520
546 535
532 537
530 524
524 519
538 531
527 533
524 519
519 514
534 527
522 531
519 518
514 514
528 526
517 528
517 517
514 514
527 526
516 530
514 516
513 515
529 528
523 533
524 521
525 520
544 537
532 539
532 526
528 523
542 534
531 536
527 520
525 517
538 528
528 533
524 518
520 514
533 524
524 527
520 511
519 509
533 522
521 527
520 514
515 510
526 519
518 524
515 509
510 504
527 519
513 522
510 508
507 505
520 518
512 522
508 507
505 503
520 518
510 523
509 511
508 509
528 526
519 527
520 516
522 515
541 532
530 536
529 523
528 522
542 533
527 532
524 518
522 516
537 531
523 533
520 520
518 517
533 531
520 531
518 517
517 515
531 528
519 532
515 517
512 514
526 527
515 529
508 510
506 508
522 524
509 528
505 513
502 510
517 524
506 526
504 510
503 509
520 524
513 531
514 519
513 515
533 531
523 532
524 520
539 520
543 537
530 526
529 524
539 522
540 535
528 525
522 518
533 516
536 533
522 522
519 521
529 517
532 531
519 519
515 515
526 512
529 528
516 518
511 515
521 512
524 526
511 514
507 510
519 508
521 524
509 515
506 513
514 509
518 525
504 512
501 509
515 507
522 526
511 516
513 516
525 513
531 529
522 520
522 518
537 518
542 535
530 525
526 522
536 520
539 534
525 522
523 520
535 517
540 536
524 523
520 519
532 517
534 531
520 518
517 515
532 515
533 530
517 518
514 516
524 513
526 528
514 517
510 512
522 510
525 528
510 515
508 513
517 508
519 523
507 511
505 508
520 508
526 526
515 517
515 516
531 515
537 532
530 524
528 520
543 520
548 538
533 525
529 523
540 520
543 535
528 522
528 522
539 518
542 535
525 521
520 518
532 516
535 531
522 519
518 514
532 514
534 530
518 519
514 515
526 513
528 527
514 515
511 511
525 511
528 528
513 516
510 514
522 512
525 528
513 515
511 512
528 526
534 532
523 522
523 521
539 534
545 538
534 526
534 524
550 538
553 542
538 530
534 527
546 537
547 539
533 526
529 522
544 535
547 540
532 527
528 523
541 534
543 536
530 523
527 519
542 532
544 536
529 523
525 519
538 531
540 533
525 519
523 516
537 529
527 533
524 520
521 517
535 529
525 531
524 518
524 516
542 531
535 537
537 526
537 525
555 539
548 543
547 530
547 528
563 543
553 547
550 533
545 529
559 540
547 542
544 527
541 523
556 537
545 541
542 527
538 524
552 536
541 538
538 524
535 520
549 534
538 538
534 524
530 520
543 533
532 535
529 520
526 517
542 531
531 535
528 521
523 518
538 531
529 534
527 520
528 519
546 534
539 541
539 529
539 528
556 542
547 545
545 531
544 528
560 543
548 546
545 532
540 528
555 541
543 543
540 527
538 524
554 539
542 543
539 529
534 525
549 538
537 540
533 524
530 520
545 535
532 539
528 524
525 520
540 533
528 535
525 520
523 517
539 533
527 536
525 522
521 520
537 533
529 536
529 522
531 522
551 539
542 545
542 532
541 530
558 544
547 546
544 530
543 528
559 544
546 547
542 532
538 527
553 540
540 541
536 525
534 523
550 538
537 542
533 526
530 522
545 535
532 535
529 519
540 516
542 531
528 522
523 518
532 515
533 528
519 517
515 512
526 510
527 525
514 515
509 512
518 509
521 523
510 514
508 511
522 511
528 529
516 520
515 519
526 517
529 531
517 520
514 517
526 515
529 532
515 521
511 519
520 516
523 530
510 518
507 514
519 512
522 528
508 518
504 514
514 511
517 525
505 514
503 511
515 509
520 527
508 516
506 514
517 511
521 526
509 515
507 512
521 511
525 527
512 517
510 516
522 513
528 529
518 519
519 517
539 520
543 536
532 526
530 524
542 521
544 536
532 524
528 520
540 517
544 535
527 522
521 517
532 514
534 529
525 520
518 513
532 511
534 527
519 515
515 513
526 511
528 525
513 512
509 508
524 510
524 524
509 512
504 509
516 507
518 522
504 509
501 506
514 504
517 522
503 510
502 509
518 509
524 526
514 515
515 513
532 514
537 532
524 521
521 519
534 516
536 531
522 519
518 515
532 514
533 530
519 519
514 515
527 513
530 528
516 515
513 511
527 522
530 528
514 515
509 512
522 522
523 525
508 512
505 509
519 521
522 526
506 513
503 510
515 520
517 522
503 510
500 506
517 520
522 526
511 515
511 514
528 527
534 532
524 520
524 518
542 532
546 538
533 526
529 523
543 534
544 536
529 522
525 517
540 530
529 533
527 520
522 517
536 528
525 530
521 516
518 513
532 526
522 530
518 516
513 513
526 524
515 526
512 513
509 509
524 522
514 527
511 513
508 510
521 522
511 524
510 511
509 509
528 524
521 531
522 519
522 518
540 531
533 535
533 522
533 520
550 534
539 538
536 525
531 521
544 533
532 534
528 520
525 516
540 530
528 534
524 519
521 516
534 528
522 530
518 514
515 511
530 525
518 528
514 514
509 511
523 523
511 525
508 510
506 507
522 522
511 526
508 512
504 508
520 522
509 524
508 510
509 509
529 526
521 531
523 520
523 519
543 534
534 537
535 523
535 522
552 538
541 542
537 527
534 524
549 537
537 538
534 523
533 521
550 536
538 540
534 525
531 522
545 535
534 537
530 521
528 519
544 534
531 536
527 522
523 518
537 530
525 531
521 516
520 513
536 529
523 532
519 517
516 513
532 527
522 530
522 517
525 517
544 535
534 540
534 527
533 525
551 540
541 542
540 528
552 527
555 542
542 532
538 528
547 525
549 538
538 527
534 522
547 520
551 536
538 525
534 523
544 519
546 532
534 520
529 516
540 513
543 528
529 518
525 516
534 512
536 526
523 515
519 511
531 509
534 526
521 515
517 513
530 511
535 526
527 518
527 516
543 517
550 535
539 526
537 526
549 524
552 540
540 529
537 526
549 524
552 540
538 528
533 525
544 522
546 536
534 524
530 521
542 519
546 536
532 525
526 522
536 518
538 533
525 521
521 517
532 514
536 531
521 520
516 517
527 515
528 530
515 518
511 514
524 512
528 529
515 520
512 517
527 515
535 532
526 522
527 520
543 519
549 538
537 527
535 525
547 523
551 538
537 526
533 521
546 519
548 535
533 524
529 520
540 517
543 532
529 519
526 516
539 514
542 531
527 519
523 516
534 513
536 528
522 515
519 511
531 511
534 528
519 516
515 513
527 512
528 526
516 514
513 510
528 510
532 528
520 518
520 517
535 517
541 534
531 523
531 520
547 534
551 538
537 526
533 522
546 534
549 536
535 523
532 520
549 534
553 540
539 528
536 524
547 534
547 535
530 520
523 514
536 527
532 527
513 512
506 507
517 518
518 520
502 505
498 502
512 515
514 518
497 505
493 502
505 512
508 515
494 501
492 498
506 511
498 516
498 505
497 504
515 518
510 523
514 515
511 510
528 524
519 529
517 516
513 513
527 525
517 527
514 514
511 511
527 524
517 528
517 517
514 513
527 524
517 526
514 512
514 511
527 523
516 526
513 513
508 509
522 521
512 523
510 510
505 504
521 519
509 523
507 510
502 506
517 519
506 520
506 508
506 505
522 519
514 525
515 514
515 512
533 527
526 532
527 520
526 518
545 534
531 535
528 521
523 518
537 530
526 532
523 518
520 514
535 529
524 533
521 519
517 516
531 529
520 531
516 515
514 512
530 527
517 531
513 516
508 512
523 525
511 526
507 511
505 508
520 522
508 526
504 512
501 508
516 521
507 524
506 510
507 510
528 528
520 533
521 521
521 519
539 534
529 536
528 522
527 520
544 535
531 538
528 524
524 520
538 531
525 533
522 517
520 514
537 530
524 534
521 520
518 517
532 530
520 530
517 515
515 513
531 528
517 530
512 514
509 511
524 524
511 526
508 509
518 506
521 523
509 513
506 511
515 508
519 522
510 513
510 512
525 512
533 529
524 522
523 521
535 519
541 534
530 524
528 520
540 518
543 534
530 523
526 520
534 517
537 530
524 519
521 516
533 514
537 530
523 520
519 517
528 514
530 528
518 517
513 513
525 511
528 528
514 517
511 515
520 512
524 526
511 515
508 511
521 509
525 526
512 516
509 514
521 512
527 528
518 518
518 516
535 517
543 537
533 527
533 526
546 525
551 540
539 529
537 525
550 523
552 539
538 528
534 525
545 523
548 537
536 525
533 522
545 520
549 537
533 525
530 522
540 519
542 533
528 521
524 516
537 515
539 531
524 520
520 516
531 514
533 528
519 515
515 511
528 510
531 527
517 515
514 513
528 511
535 528
525 517
526 516
542 517
548 535
535 525
533 523
545 521
548 536
534 523
530 518
543 518
546 534
530 522
526 518
537 516
539 531
526 518
523 515
536 514
538 530
522 519
517 515
529 513
531 528
516 514
512 510
526 522
528 526
513 514
508 510
521 522
523 524
509 511
506 507
521 520
525 525
513 514
513 513
530 527
536 532
527 521
527 519
544 533
549 538
535 526
532 523
545 535
547 537
531 523
528 520
542 532
544 536
529 522
525 519
538 531
540 533
524 519
521 515
535 528
524 532
521 519
517 516
529 527
518 528
515 514
512 511
525 522
514 526
512 514
508 510
520 521
509 523
506 509
505 506
521 520
514 526
515 515
514 513
532 528
526 532
527 520
526 517
543 532
533 537
531 524
527 520
540 532
530 534
526 519
523 515
539 529
528 534
525 519
521 516
535 528
524 530
521 516
518 513
533 527
521 531
520 519
513 513
527 525
516 526
513 512
511 508
527 524
515 527
512 514
509 510
526 526
513 526
512 512
512 510
531 528
525 535
525 522
527 522
546 538
539 541
538 527
538 525
555 541
546 546
544 532
541 529
554 542
543 543
541 528
539 525
556 540
544 544
541 530
538 526
553 539
541 540
537 525
535 522
550 536
537 539
534 525
530 521
545 534
533 536
531 521
530 518
546 533
534 537
531 522
528 520
543 533
533 535
530 519
531 518
550 536
541 541
542 528
542 527
560 542
550 544
548 531
547 528
563 544
549 546
544 530
539 526
553 539
540 540
536 524
546 521
549 536
535 526
531 523
539 520
541 533
528 522
524 518
534 515
537 530
523 520
519 517
527 514
529 527
517 516
514 513
526 512
529 527
515 517
509 513
520 510
523 525
512 514
510 511
525 511
532 529
523 521
523 519
536 518
541 534
532 524
529 520
542 519
545 535
531 524
527 521
537 518
543 535
527 520
525 517
536 516
538 530
524 519
519 515
530 513
530 526
517 514
512 510
525 510
530 529
513 516
509 513
519 509
522 524
509 512
505 508
518 506
524 525
507 511
503 508
515 506
519 521
508 510
507 508
524 507
529 525
519 516
517 514
531 513
534 528
522 516
519 512
531 511
532 527
517 515
512 512
523 509
525 524
511 511
507 507
520 506
523 522
508 510
503 507
515 506
516 520
502 507
499 504
512 503
515 519
501 507
496 504
508 502
511 516
497 503
494 500
508 499
511 517
497 505
493 502
507 501
511 517
500 505
500 503
517 504
524 524
513 513
511 511
526 511
529 526
516 514
513 510
526 522
528 526
512 514
509 510
522 521
526 525
512 512
510 509
525 521
528 526
515 514
510 510
524 521
526 524
512 511
510 507
525 520
527 524
512 511
509 509
522 520
524 523
509 509
506 506
521 520
524 524
509 512
507 510
525 524
530 529
519 518
518 515
537 531
529 537
530 526
527 523
540 533
531 536
528 522
524 519
539 532
528 536
525 523
522 521
535 532
527 535
524 521
522 518
539 533
528 537
525 523
521 519
532 528
522 531
518 516
515 513
530 526
521 532
517 518
512 514
526 526
515 528
511 512
510 511
525 525
518 532
515 516
515 515
530 527
525 533
525 520
526 519
543 533
533 538
531 526
526 521
541 533
530 536
526 521
522 516
538 530
526 534
523 520
519 517
534 530
522 532
522 519
517 513
534 528
521 531
518 516
513 511
528 525
516 525
512 510
508 507
525 523
515 528
511 512
504 506
520 521
509 523
504 507
505 508
521 523
512 529
512 516
511 514
532 532
523 535
521 519
520 517
538 534
528 539
524 525
518 518
535 533
524 534
517 514
516 513
532 527
521 531
517 516
512 511
526 524
514 525
511 510
510 508
525 523
512 526
508 511
504 507
520 522
507 522
503 506
502 504
518 519
505 522
502 507
501 505
517 520
505 521
503 505
517 503
524 520
516 513
516 512
530 512
535 527
526 518
525 515
537 514
542 530
529 520
527 519
535 515
538 528
526 518
522 513
534 511
537 527
524 517
523 517
532 513
534 526
520 514
516 510
528 509
530 525
513 512
511 511
520 508
520 519
508 510
504 505
518 504
520 521
505 509
503 509
514 506
519 521
508 509
507 507
524 508
530 527
519 517
521 517
533 515
536 529
525 518
524 516
537 516
539 532
524 521
521 519
531 517
534 532
520 518
517 515
530 514
533 530
518 517
515 517
527 515
528 527
514 515
513 512
528 512
526 524
512 514
506 509
518 507
521 522
508 511
505 507
520 507
523 524
510 513
506 511
521 511
526 527
516 517
517 515
534 516
541 535
529 525
527 522
540 520
544 536
530 523
527 518
540 517
542 533
528 521
524 519
536 515
538 530
525 519
521 515
535 515
537 531
523 520
519 517
531 514
533 527
519 514
516 510
529 509
532 526
517 515
512 511
524 509
526 524
511 510
508 507
523 520
528 525
515 514
514 512
531 525
536 530
525 518
525 516
542 530
545 534
532 522
528 519
540 530
542 532
527 518
523 514
536 526
540 531
523 518
519 514
531 526
533 528
518 514
516 511
529 523
531 527
515 515
511 512
523 524
524 525
510 512
506 507
520 520
509 524
507 511
503 508
518 520
508 522
506 508
506 506
523 521
517 528
517 516
517 515
533 528
526 533
526 521
525 518
543 534
533 538
529 524
526 522
538 532
527 534
523 519
521 516
534 527
524 533
521 519
518 517
532 530
519 530
517 517
514 512
528 524
518 529
514 514
508 510
523 522
512 524
508 509
507 506
523 521
511 525
508 511
505 508
520 521
511 525
513 513
516 514
536 531
528 535
527 522
525 520
541 533
531 536
528 519
528 518
543 533
531 536
526 520
523 518
536 529
526 531
523 516
519 511
536 528
525 531
522 517
517 512
532 526
521 527
518 512
513 507
530 522
517 526
515 512
510 507
525 521
514 525
509 509
504 504
522 522
510 526
504 509
503 508
519 522
511 525
512 513
515 513
537 532
528 537
525 522
521 518
537 532
525 532
522 517
520 514
536 530
523 532
520 518
517 515
532 528
521 530
518 515
517 513
533 529
521 533
516 518
512 516
526 529
514 531
510 515
523 513
524 527
512 518
509 516
516 511
518 523
507 513
504 511
516 508
520 525
510 516
509 515
522 514
526 528
520 521
518 517
533 516
540 536
527 526
524 523
535 520
536 532
524 521
521 518
531 514
537 532
522 520
517 517
527 513
530 528
518 516
515 513
527 511
530 527
518 517
514 515
525 512
527 526
516 516
511 511
523 509
524 524
511 514
505 509
516 507
519 523
503 509
500 505
517 506
521 522
510 513
511 513
524 511
530 527
518 515
517 513
531 513
535 530
522 519
518 517
529 514
530 528
516 515
513 510
525 509
530 527
514 514
511 511
523 509
525 524
512 512
508 508
521 506
524 523
509 511
506 509
516 506
518 521
505 509
501 506
514 505
517 521
503 509
500 506
512 504
516 520
505 509
506 507
523 508
530 527
520 518
518 516
533 516
538 532
526 520
524 517
538 516
540 533
525 520
519 517
531 514
533 529
519 517
516 513
530 512
532 529
517 516
513 513
525 511
527 525
512 512
508 508
521 520
523 524
508 512
503 508
515 519
517 521
502 508
499 504
513 517
516 522
502 510
499 508
514 520
520 524
509 514
509 511
528 527
534 532
521 521
519 519
533 530
536 533
522 520
519 516
533 528
535 532
519 519
516 516
529 527
531 528
517 515
514 511
529 524
519 527
516 514
511 511
524 522
514 524
511 510
507 506
522 520
511 524
509 511
504 508
518 520
507 522
504 508
502 506
518 520
509 525
508 513
507 512
525 526
519 529
520 517
521 516
539 531
531 536
530 524
527 521
542 533
531 536
528 521
526 518
542 532
532 536
529 523
527 519
542 532
532 534
530 520
528 517
543 532
531 535
528 521
524 518
538 530
527 532
523 517
521 514
536 528
524 532
521 518
517 514
533 528
522 530
519 516
518 513
536 529
528 534
528 522
528 520
545 534
537 538
537 524
537 522
553 537
542 542
538 527
534 523
548 535
536 537
532 521
530 518
546 533
534 537
530 523
527 519
542 533
530 534
527 519
524 516
539 531
527 534
523 519
519 516
534 529
522 530
518 515
516 512
532 528
520 531
516 516
512 512
529 527
519 530
518 516
520 515
539 533
531 539
530 525
530 523
547 538
538 541
535 525
534 523
549 539
536 542
532 526
528 522
544 535
531 536
528 521
540 518
543 534
530 524
526 521
535 518
537 531
524 519
520 516
531 514
533 529
520 519
516 517
525 513
527 527
515 516
511 512
522 510
525 525
513 516
511 515
523 513
529 529
521 519
522 518
537 517
543 535
533 526
531 524
543 522
547 537
535 526
531 522
543 520
545 536
531 525
527 522
538 520
541 534
529 523
526 519
538 517
542 533
528 522
523 519
533 516
535 529
522 518
518 514
530 511
532 528
518 517
513 515
524 512
526 526
513 514
509 510
522 509
526 526
515 517
514 515
529 515
535 531
526 522
526 521
541 520
547 538
534 528
532 526
544 523
545 538
532 525
529 522
541 520
544 537
531 526
527 524
539 521
541 535
527 522
523 519
537 517
539 533
523 521
517 517
528 514
529 528
514 515
510 510
523 509
525 525
509 514
505 510
517 507
519 522
506 510
503 507
519 507
525 527
514 517
514 516
529 515
535 532
524 520
523 518
539 518
542 535
528 523
524 520
536 517
538 532
524 519
521 515
537 528
541 532
527 520
523 517
536 528
540 531
526 519
523 515
538 528
540 531
526 520
522 517
535 528
538 531
524 518
523 516
536 527
538 531
524 519
521 516
535 528
540 532
528 520
528 518
547 533
553 540
541 528
539 526
554 539
557 542
543 528
540 525
554 537
542 540
538 527
531 522
544 533
532 534
529 519
527 517
540 529
531 535
526 520
519 516
532 526
520 528
517 515
514 511
529 525
517 529
516 517
511 513
524 524
512 525
509 511
506 508
523 522
512 526
512 515
510 512
526 525
520 530
521 517
525 517
543 532
534 537
534 525
531 522
547 534
535 536
534 522
529 518
544 532
533 536
529 521
524 517
540 531
529 533
524 516
521 513
536 527
524 530
521 517
517 514
532 528
518 527
516 514
510 508
524 521
511 525
507 510
502 507
515 519
503 521
500 506
497 503
513 518
502 523
501 509
501 507
519 522
512 526
512 513
512 511
531 527
520 532
518 518
514 515
528 528
516 530
512 514
509 511
525 526
513 529
511 515
508 512
524 526
514 529
511 514
510 511
527 527
515 531
511 516
509 513
524 526
513 528
509 512
508 510
523 525
511 528
507 512
504 509
519 522
507 525
505 509
505 507
524 524
514 529
515 516
515 514
534 529
524 532
523 517
536 515
541 532
528 522
524 519
533 516
534 529
521 518
517 514
529 512
532 527
518 517
515 514
525 511
527 525
514 514
510 510
521 507
524 523
510 512
507 510
516 507
519 521
507 510
503 506
516 504
519 520
506 510
502 507
512 504
515 518
503 508
502 505
517 504
523 522
512 513
512 511
524 510
529 525
518 515
515 512
528 509
531 526
517 516
512 512
521 509
523 523
510 512
507 508
519 507
523 523
509 513
506 509
518 507
520 521
508 510
506 506
519 505
523 521
510 510
507 507
519 505
523 521
510 509
507 505
521 505
526 522
513 512
511 510
525 509
531 526
523 517
524 515
542 516
549 536
538 527
537 526
551 525
555 541
543 530
541 526
554 525
559 543
546 532
543 530
555 528
558 543
546 531
544 528
558 527
561 544
547 532
543 530
555 527
557 542
544 529
540 526
554 525
557 541
542 530
537 527
550 525
550 539
535 526
531 522
544 521
547 538
532 527
530 525
544 524
548 539
536 528
533 524
547 536
550 541
533 527
527 523
539 533
539 533
523 520
517 514
529 526
531 530
516 517
511 514
523 524
524 526
509 512
504 507
517 519
519 523
502 510
497 506
508 516
508 517
493 503
488 499
501 511
502 514
485 501
479 497
492 507
493 509
480 496
479 493
496 508
489 514
490 503
489 501
506 514
498 517
497 504
495 500
511 514
501 518
497 505
492 501
506 513
495 515
493 501
490 497
506 511
496 516
493 502
489 498
502 510
492 512
489 498
486 495
501 509
489 513
486 500
481 496
495 508
485 510
482 496
479 493
497 510
485 512
483 499
479 495
496 509
489 514
491 502
494 501
513 518
506 523
508 514
505 509
521 523
511 525
510 512
508 509
523 522
511 525
508 511
504 507
519 520
508 522
506 508
504 505
519 519
509 524
504 509
500 506
514 519
503 521
499 505
497 502
511 516
499 520
495 505
490 501
506 515
495 517
492 502
491 500
509 516
499 521
500 508
500 506
520 522
514 526
516 514
517 513
536 530
527 535
525 521
522 518
537 531
525 533
522 518
519 515
534 529
523 535
520 519
517 515
533 530
521 530
519 514
518 512
534 527
522 531
519 516
516 513
531 527
520 528
516 512
515 510
530 525
517 528
513 513
511 510
527 524
516 525
515 512
530 512
537 530
528 523
528 523
542 522
548 538
538 529
536 525
548 524
551 540
538 529
533 526
541 522
543 535
529 523
525 519
537 517
540 532
526 522
521 519
530 516
532 529
518 517
514 513
524 510
526 526
511 515
506 512
515 508
516 521
502 509
497 504
509 501
512 518
499 507
496 505
509 504
516 521
508 512
509 510
526 511
533 529
523 520
521 518
533 516
537 531
525 519
522 514
534 512
537 528
523 518
519 515
529 512
532 527
520 515
516 511
529 509
532 526
518 515
514 512
524 509
527 523
513 511
509 506
522 504
524 520
510 510
506 507
517 504
520 519
508 507
505 504
522 504
528 523
518 514
518 514
534 514
540 531
530 521
529 518
544 518
548 535
533 524
529 521
539 518
540 533
526 521
522 518
535 516
537 532
523 521
518 517
530 515
532 529
518 517
515 512
528 511
529 528
514 516
511 513
522 511
523 525
510 513
506 509
520 508
522 524
507 512
504 509
519 508
525 525
516 516
517 514
536 529
543 535
531 525
530 523
544 534
547 538
534 526
531 523
544 535
546 539
530 526
526 523
539 532
541 535
527 521
523 518
537 530
539 535
523 523
518 519
530 530
531 532
516 517
512 513
526 525
527 529
510 516
505 512
518 523
521 526
507 511
506 508
524 522
518 528
521 518
521 517
539 531
533 536
534 524
535 523
551 536
542 541
540 529
535 525
548 536
537 537
534 522
531 519
547 532
536 536
533 522
528 519
541 530
530 532
527 517
523 513
537 527
525 530
521 516
516 512
529 524
518 526
514 510
511 507
526 521
516 526
513 512
512 509
529 523
523 528
524 516
526 515
545 532
537 538
536 526
535 524
550 537
540 540
537 525
534 522
549 535
537 537
533 523
529 520
543 533
532 534
528 520
526 516
541 531
529 534
525 519
520 515
534 528
522 529
517 514
515 511
529 524
516 528
512 514
508 511
522 524
511 525
509 510
510 509
529 527
521 533
523 521
522 519
541 534
532 537
531 523
531 522
548 537
536 541
533 526
529 522
543 535
530 536
526 520
524 517
539 532
526 535
522 521
521 519
534 530
523 533
518 515
515 511
530 526
517 529
513 512
508 509
523 522
510 523
505 507
505 506
520 520
507 523
504 509
503 507
521 522
513 526
515 513
531 513
538 530
529 523
529 523
541 520
545 535
534 525
531 521
543 519
545 534
532 524
527 521
536 517
538 531
526 521
522 517
533 514
536 530
523 520
518 517
528 513
529 527
516 515
512 511
523 509
525 525
511 515
506 512
516 509
518 523
506 511
503 507
516 506
521 523
511 514
511 513
527 514
534 530
526 521
526 519
541 519
547 537
535 527
532 524
543 522
545 536
532 524
528 520
540 517
544 533
531 522
528 519
539 516
542 531
528 520
524 516
536 515
539 531
524 520
520 517
530 514
532 529
518 517
513 512
526 511
528 527
514 517
510 514
522 511
525 527
515 517
515 514
531 514
540 533
531 524
530 523
545 522
550 538
537 527
535 523
547 522
549 539
534 526
529 522
540 519
541 533
527 520
523 516
536 515
538 531
523 519
519 515
530 512
532 527
517 512
513 508
526 506
529 521
514 509
509 505
520 502
522 518
507 505
503 501
517 500
519 517
506 507
504 505
520 505
527 523
517 512
518 511
535 526
541 531
528 520
525 518
538 529
540 532
525 518
521 514
534 526
535 529
519 517
513 513
526 524
528 527
513 513
509 509
523 522
525 526
509 514
504 510
516 521
516 523
501 509
497 505
511 517
512 522
496 509
492 505
505 516
506 518
493 505
491 501
508 516
501 522
502 511
502 510
519 524
512 528
512 516
513 515
529 528
519 533
517 521
512 516
525 528
515 531
510 514
506 510
521 524
510 528
507 513
502 510
516 521
505 523
502 508
498 503
513 517
502 520
497 505
493 502
506 514
495 516
492 501
489 498
503 512
492 515
490 502
487 499
502 511
492 514
492 501
494 500
513 515
507 522
509 511
508 509
526 523
518 527
517 513
515 511
532 525
520 528
517 514
512 510
526 523
514 524
512 510
509 506
525 521
513 524
510 510
506 506
520 519
509 521
505 505
501 502
516 516
504 520
501 506
496 502
510 514
498 515
494 500
492 496
508 511
495 515
493 501
490 498
508 513
501 517
502 503
504 503
525 520
516 526
516 512
515 510
532 525
521 527
517 513
515 510
529 524
516 528
512 513
508 509
522 522
511 524
507 508
505 506
521 521
508 525
504 509
500 506
515 519
503 520
499 504
496 501
511 517
498 520
495 503
493 500
508 513
496 515
493 499
504 497
509 513
498 504
496 503
510 502
517 518
510 511
512 510
527 509
535 528
525 519
524 518
536 516
539 530
527 519
523 515
534 513
537 529
524 519
520 517
529 514
531 528
519 518
516 515
528 512
532 528
519 517
514 513
524 510
527 523
514 512
510 507
523 507
523 521
508 509
503 507
513 504
515 518
502 506
499 503
512 502
516 520
504 510
503 508
517 509
524 525
514 515
514 513
528 512
533 529
522 521
515 515
525 512
526 526
512 513
507 509
519 507
521 523
507 512
503 509
513 506
515 520
501 509
497 504
509 502
511 519
496 507
492 505
503 502
506 517
492 504
488 501
500 500
504 518
489 507
485 504
496 501
501 517
489 505
489 503
506 504
513 523
504 514
505 513
521 513
528 529
517 518
516 515
532 515
536 532
521 520
516 516
527 513
529 528
515 515
512 512
526 510
528 527
514 515
509 512
522 510
524 525
510 512
507 508
521 508
524 525
509 512
504 509
517 507
520 522
505 509
502 505
515 517
518 522
503 510
499 507
512 518
515 521
503 510
504 509
522 523
530 530
518 520
519 519
535 532
539 536
527 524
524 521
539 533
540 538
524 524
519 520
531 532
533 534
518 521
515 517
530 530
533 535
517 522
513 519
526 530
528 532
513 518
510 515
524 527
513 531
509 517
505 514
517 523
506 525
504 512
499 507
514 521
504 526
501 513
496 508
510 519
501 522
502 510
504 509
524 525
517 531
519 521
519 520
534 532
524 534
522 519
519 516
533 529
521 533
518 520
513 517
528 529
516 529
514 515
510 511
527 526
515 530
511 516
506 512
521 525
511 528
507 512
502 507
520 524
508 527
503 510
500 507
515 519
502 519
501 506
496 500
513 516
503 521
499 506
497 503
514 518
507 522
509 510
511 509
531 528
523 534
522 521
521 520
537 533
529 537
525 521
520 517
535 531
524 536
519 520
516 517
532 530
519 530
517 516
516 514
531 528
520 532
516 516
514 514
527 525
516 527
515 512
511 507
526 522
514 525
512 511
508 508
524 521
513 523
510 507
508 505
525 521
514 526
514 512
515 512
532 526
525 529
526 517
528 516
547 534
538 539
537 525
535 523
551 537
539 538
536 523
534 520
549 536
536 539
532 523
528 520
543 533
532 535
528 519
540 517
542 532
528 522
525 519
533 515
535 529
522 518
519 514
530 512
532 527
518 517
514 514
523 511
525 524
514 513
510 509
521 506
526 523
514 514
513 512
527 512
533 528
525 519
525 517
540 517
545 534
533 525
529 523
538 519
539 532
525 520
519 514
529 512
531 527
516 515
511 512
520 509
522 522
508 510
504 506
516 504
519 520
504 509
499 506
508 502
509 516
495 504
490 499
501 496
503 512
489 501
485 498
496 495
499 509
486 498
483 495
498 494
504 513
494 504
494 504
509 504
517 522
507 512
507 509
523 509
529 527
516 517
512 514
524 511
526 526
513 514
509 509
522 509
526 526
511 514
507 512
519 509
521 524
507 512
504 508
517 507
520 524
505 512
500 509
512 507
515 521
501 510
497 506
511 504
514 521
499 509
495 506
507 503
510 518
498 507
496 504
514 505
521 524
514 517
514 516
530 515
536 531
525 520
526 518
542 519
546 537
533 526
529 522
541 519
544 536
528 520
525 517
540 529
544 535
528 522
524 519
537 530
539 532
524 519
521 515
535 527
537 531
521 519
517 515
529 526
531 528
517 515
514 511
528 524
530 527
515 515
511 512
525 523
528 526
516 514
516 511
534 526
542 532
531 522
532 521
550 535
555 539
543 527
543 524
558 538
549 543
546 530
540 526
553 536
542 538
539 525
536 521
551 535
539 538
536 526
530 523
542 537
530 540
526 527
522 523
536 537
524 541
520 528
515 524
528 536
517 538
514 524
510 520
525 535
513 539
515 522
516 514
535 522
528 521
531 505
534 499
557 511
552 514
556 500
559 495
580 505
575 502
578 481
579 464
603 462
601 449