593 543
606 542
609 559
591 541
583 532
588 524
584 538
566 525
558 517
565 508
563 519
544 504
540 499
548 493
542 501
519 483
512 478
527 477
529 491
509 472
501 464
510 460
510 475
493 462
486 454
498 452
508 475
504 475
518 486
544 497
557 527
554 530
564 541
591 552
602 575
588 562
588 563
605 566
608 583
590 568
582 559
593 555
597 571
580 556
574 548
581 541
576 553
559 542
555 538
568 534
567 544
544 525
538 519
549 528
544 525
520 506
510 498
524 508
527 511
507 492
498 481
505 488
503 488
486 475
480 469
492 475
492 475
474 460
472 456
484 465
479 463
458 446
455 443
476 461
488 470
480 463
491 472
520 501
540 524
540 526
548 532
572 554
584 566
575 558
578 559
592 572
578 572
572 559
569 557
585 569
570 568
562 547
557 542
570 555
558 558
550 541
542 536
555 548
543 553
539 534
532 525
540 531
522 530
514 515
510 509
523 517
505 514
498 493
495 488
507 500
490 497
479 477
474 471
490 485
479 489
476 470
468 461
477 470
464 472
462 460
460 456
479 471
474 481
487 481
503 495
535 525
536 539
543 537
555 548
587 576
584 587
587 573
587 572
605 590
595 597
593 584
589 577
604 589
590 594
591 578
589 573
600 583
583 582
576 567
575 565
591 578
573 575
564 551
555 544
566 556
550 556
539 535
528 524
540 535
525 538
523 516
517 505
524 511
505 509
500 493
499 489
513 499
494 496
488 476
485 476
503 497
496 509
498 507
506 522
538 559
539 580
550 577
551 577
570 596
561 605
563 598
565 598
579 610
562 612
558 594
555 590
564 600
544 596
534 576
531 574
549 592
535 595
527 570
517 561
528 575
513 577
508 560
503 553
514 564
497 568
496 552
500 541
492 548
471 533
460 526
471 523
475 537
454 517
446 508
453 502
455 519
436 504
428 496
438 491
446 511
445 511
460 523
486 533
503 563
500 566
511 578
536 589
547 608
535 597
535 595
549 594
554 610
537 595
527 585
537 580
539 594
525 579
520 571
528 563
524 573
509 562
504 556
517 546
519 554
502 536
499 531
514 528
513 540
491 522
481 513
493 512
493 524
477 507
464 494
468 486
465 498
450 486
445 480
453 472
451 483
434 469
430 466
443 463
447 482
439 479
449 492
482 510
506 544
506 545
514 553
535 562
546 588
537 582
534 580
546 576
549 593
534 578
530 572
539 563
534 572
514 558
510 555
526 553
530 566
513 549
510 543
525 540
529 555
513 540
503 531
513 528
516 544
500 529
494 520
502 510
502 518
488 502
489 493
507 484
511 491
496 468
497 460
513 454
517 466
502 452
506 451
537 463
564 496
571 499
585 510
614 522
630 554
628 556
634 560
652 561
655 576
638 559
636 553
644 557
635 549
608 526
599 517
612 528
612 527
588 505
578 496
585 505
583 507
563 492
554 483
561 489
561 491
541 476
535 470
542 475
535 473
512 457
509 454
525 466
526 465
503 445
497 440
510 454
511 458
497 449
500 454
527 481
550 506
551 509
563 520
585 543
582 556
586 554
592 559
610 575
598 578
595 562
592 561
604 573
588 571
577 552
569 545
584 559
573 563
570 544
562 536
571 546
556 548
551 535
546 528
557 535
540 533
535 515
531 510
540 518
520 513
510 494
503 488
519 502
504 502
497 480
489 470
499 481
485 481
479 465
476 459
493 474
490 486
504 485
519 497
548 523
548 537
556 536
568 545
595 568
586 574
585 556
584 555
599 570
587 571
579 553
572 544
585 555
571 559
570 542
564 534
572 542
556 543
552 531
551 529
565 541
548 539
542 519
538 515
552 528
534 527
523 506
517 498
534 513
520 517
516 495
508 485
517 496
502 499
497 485
494 479
506 489
489 492
486 474
488 474
508 494
502 503
510 501
526 516
563 551
565 568
572 556
576 558
596 579
590 588
589 575
588 571
603 584
589 588
586 569
581 563
589 572
569 570
561 553
561 551
578 566
562 566
556 543
551 538
565 552
550 553
540 532
533 523
546 536
531 539
527 517
532 508
527 516
508 502
504 499
516 495
517 507
498 489
492 484
503 481
505 496
488 482
478 475
487 470
492 488
482 479
485 481
504 484
521 515
524 524
539 538
566 550
579 574
573 570
579 576
598 579
605 598
588 585
584 582
596 579
602 596
584 578
574 567
581 560
580 574
565 563
560 557
571 551
572 563
555 548
553 544
563 538
559 548
538 531
530 525
543 523
545 535
525 516
516 507
524 501
528 519
508 502
500 493
507 485
508 501
495 490
491 483
497 474
493 485
475 473
472 470
484 466
487 480
467 462
461 457
472 454
478 473
469 468
474 474
504 490
529 527
533 533
545 542
565 548
574 572
566 569
568 570
586 571
591 586
575 572
573 569
583 565
583 578
559 558
551 550
567 551
572 567
556 550
549 541
558 535
558 551
543 540
536 531
545 524
542 534
523 519
519 515
528 509
523 519
500 501
493 496
508 496
511 510
490 489
485 482
494 479
495 495
480 484
472 474
484 473
488 487
473 474
469 469
480 477
479 480
468 472
479 484
512 512
533 532
529 531
541 543
567 569
579 582
567 573
566 570
585 587
595 596
580 582
574 572
583 579
579 578
559 564
557 561
570 570
571 569
550 550
548 546
563 559
561 558
538 538
530 532
546 545
551 549
530 528
519 515
528 524
512 524
505 507
500 501
510 506
494 504
492 487
488 483
500 493
483 490
473 471
469 467
489 482
478 485
472 463
464 455
482 473
478 485
484 481
497 492
527 520
532 541
547 542
556 550
578 569
567 575
566 565
567 565
588 582
574 584
568 564
564 559
575 569
559 569
551 551
544 543
559 556
548 561
548 545
543 538
552 546
534 545
530 532
527 528
540 538
522 535
516 516
511 511
526 523
512 522
499 501
490 492
510 509
496 511
489 488
483 480
491 490
476 492
472 478
468 470
482 481
465 480
464 463
465 461
486 480
481 491
490 490
506 506
540 537
543 556
550 547
555 550
573 569
566 579
567 568
565 563
578 576
566 581
566 565
564 559
573 566
556 564
550 549
551 548
566 560
552 562
545 538
537 530
550 544
534 544
526 525
520 517
534 530
521 535
519 515
514 508
521 515
505 517
499 501
500 498
517 512
496 510
493 492
487 486
500 499
483 497
473 476
470 471
495 493
491 506
500 498
523 505
535 532
534 537
543 545
564 550
574 571
557 558
557 559
568 556
568 569
547 553
537 544
547 540
551 555
534 538
527 528
534 521
534 534
523 526
517 521
524 512
523 522
506 507
505 505
513 496
510 505
486 487
479 482
494 482
494 492
477 476
466 465
473 459
473 473
458 460
450 452
457 443
460 459
452 454
461 461
485 469
498 496
499 502
512 517
541 530
551 552
541 543
540 543
555 544
558 561
542 548
531 537
541 533
543 548
527 531
522 524
527 514
527 530
509 517
506 514
519 510
519 521
501 504
498 500
510 496
512 510
488 491
479 482
491 479
494 493
477 476
470 466
478 461
476 476
461 464
456 458
466 451
467 465
452 453
459 459
483 468
496 495
496 499
509 513
544 532
563 562
556 555
557 556
574 560
579 581
566 570
560 562
571 557
574 572
556 556
552 549
560 540
555 550
537 537
536 535
553 534
555 547
535 527
529 522
541 520
540 534
519 516
510 507
520 503
524 519
504 501
498 492
504 496
499 495
481 481
480 480
493 488
493 487
474 471
476 472
503 497
517 513
515 514
524 526
558 557
576 574
570 568
571 568
585 582
589 590
576 579
574 575
588 584
590 584
569 566
563 559
574 569
570 567
548 549
542 543
561 559
563 559
542 539
532 528
542 538
527 539
520 521
510 509
520 517
505 519
502 502
496 493
505 501
487 498
478 481
477 479
495 493
481 493
479 476
482 478
512 506
515 524
529 527
537 534
569 563
571 582
582 576
586 578
600 592
588 597
587 588
588 586
603 597
585 594
579 574
576 570
588 581
574 581
564 562
559 557
576 572
564 578
560 558
551 549
558 557
541 558
535 542
529 533
540 537
523 534
519 513
516 507
527 515
508 511
498 492
493 488
509 503
494 505
488 483
482 477
499 496
498 511
507 510
520 521
549 550
551 571
563 567
572 574
590 592
577 597
575 587
578 588
598 605
584 606
578 584
572 577
585 590
570 589
562 569
556 560
570 573
558 578
556 557
550 549
558 557
539 556
533 539
531 534
543 543
523 539
514 514
509 509
521 519
503 516
492 493
485 486
501 500
487 502
482 480
474 470
483 481
467 482
464 468
467 467
491 488
489 504
504 502
521 517
551 545
547 558
550 550
558 556
583 579
574 585
572 565
581 561
582 576
568 566
562 559
572 552
570 560
553 545
552 543
563 539
561 549
541 533
533 528
546 526
550 541
531 522
523 513
533 510
529 522
511 508
501 499
507 490
507 503
491 490
487 484
492 475
486 482
467 469
461 465
475 462
476 474
456 456
450 451
460 447
460 461
444 447
438 441
454 443
472 472
475 477
491 490
517 501
532 531
533 537
543 546
565 552
573 571
561 561
564 563
580 564
582 580
564 565
558 559
572 559
580 580
567 566
564 561
574 557
576 574
562 564
558 559
568 551
567 561
550 546
546 541
555 535
548 543
526 526
518 520
533 519
536 533
516 514
508 504
517 499
518 514
502 501
494 492
503 486
505 501
491 490
493 489
511 492
520 515
519 518
533 533
566 550
585 578
577 573
581 577
602 584
609 606
595 594
590 590
604 589
611 609
595 595
588 584
595 573
594 584
579 570
578 566
594 564
594 577
573 561
569 558
580 557
575 568
550 550
539 541
551 539
554 554
533 534
524 523
530 529
527 530
510 516
504 510
514 517
514 516
494 500
492 496
504 505
503 505
488 492
492 496
524 524
547 544
543 541
552 549
576 574
589 588
580 582
582 581
599 593
605 599
590 586
588 583
597 590
591 586
570 569
567 565
584 577
585 576
562 555
557 550
571 563
558 564
549 546
541 536
553 546
541 550
538 531
532 523
540 531
520 529
514 516
510 512
525 522
508 521
503 502
499 499
513 511
497 510
489 492
485 490
507 509
506 525
517 520
525 525
549 548
546 562
552 557
557 559
576 573
564 577
564 563
563 561
576 572
559 568
549 548
544 542
563 557
551 559
546 537
539 530
551 543
540 548
537 534
532 527
544 537
529 538
527 521
523 514
531 521
510 516
501 498
498 495
513 506
496 503
487 478
479 470
491 482
477 483
470 464
464 458
483 475
480 490
491 484
500 491
522 514
516 524
522 517
530 518
552 535
537 534
534 513
532 508
545 520
528 517
515 494
507 487
523 501
510 507
505 487
496 480
505 491
488 493
482 478
478 473
488 483
469 483
465 464
462 461
473 473
454 471
443 452
439 448
456 463
440 465
433 440
425 432
435 443
421 445
417 430
417 427
439 448
437 464
451 462
464 472
490 496
483 506
486 498
495 504
518 524
505 526
500 504
509 500
509 515
493 501
485 491
493 481
495 493
484 482
485 481
494 476
491 486
473 475
469 474
482 472
484 485
465 467
459 461
469 458
469 471
451 456
441 447
450 441
453 457
439 444
435 439
442 431
441 444
432 440
440 449
468 460
485 487
483 486
493 497
517 506
525 528
512 518
508 516
522 517
529 538
514 522
507 513
513 505
511 517
496 506
492 500
504 495
506 508
489 494
490 493
501 489
499 500
480 484
474 479
489 477
493 492
474 473
466 463
474 458
474 473
458 459
450 451
458 443
460 456
446 444
447 445
464 446
472 468
466 469
476 481
504 494
519 520
508 510
511 512
530 516
537 537
523 526
518 520
530 517
536 535
521 522
519 516
528 510
527 525
513 515
514 515
532 515
535 530
519 516
519 515
535 517
537 533
520 518
514 513
530 513
537 532
520 516
512 504
522 496
522 509
508 496
506 490
522 488
531 508
522 504
532 513
558 524
570 548
562 543
568 550
593 560
606 583
590 570
586 567
598 580
599 584
581 569
576 560
587 567
589 569
571 555
567 552
575 559
571 559
550 545
547 544
564 558
566 559
543 540
536 535
545 547
543 548
521 531
510 521
519 529
522 531
503 514
498 505
505 511
504 513
491 505
499 513
527 536
542 549
536 545
545 554
570 576
566 586
565 575
563 574
584 592
576 600
576 584
570 575
580 585
564 585
559 571
556 566
569 574
553 573
549 554
548 551
561 561
544 557
535 538
529 531
547 546
534 547
528 525
520 515
529 525
517 527
512 512
507 503
518 511
503 513
502 496
501 493
516 505
506 511
510 507
522 518
553 546
551 558
555 546
558 548
578 569
570 576
567 563
563 558
577 571
565 577
563 560
558 552
566 560
548 559
544 545
544 544
560 556
545 555
539 535
536 531
550 545
534 543
525 523
518 515
534 529
521 535
517 514
510 505
518 513
504 514
503 503
499 496
511 505
494 506
492 489
494 490
515 509
509 518
513 511
523 521
555 552
551 565
554 552
554 550
572 569
563 575
562 562
560 555
573 566
557 569
556 550
554 546
565 557
545 556
538 539
537 538
556 555
539 555
531 530
525 523
538 536
523 536
514 516
506 506
519 518
503 520
501 501
496 494
505 503
487 503
482 488
482 485
498 497
479 494
473 471
483 467
488 485
478 477
478 479
497 486
512 514
511 514
517 518
531 518
533 533
521 526
521 527
534 524
534 534
516 518
512 513
523 510
524 524
505 508
498 502
511 501
517 515
506 500
503 488
513 477
515 488
502 475
499 465
512 453
516 462
501 446
502 444
514 440
514 454
497 442
493 443
508 447
516 468
500 456
495 453
506 452
509 473
500 469
502 472
522 477
538 508
539 512
553 525
576 533
583 556
574 553
577 559
597 564
605 583
588 568
584 563
597 561
598 576
581 557
576 547
589 541
597 558
585 545
583 540
592 532
589 545
571 532
567 529
579 525
577 535
555 517
549 513
559 512
554 525
531 506
519 498
529 496
532 513
512 497
503 489
508 483
507 499
496 494
500 498
522 504
534 527
529 524
537 532
558 537
563 556
547 543
545 543
564 548
572 566
553 549
545 540
555 535
555 550
539 535
534 528
547 524
550 540
534 527
531 525
542 520
536 530
516 515
513 512
528 512
531 525
508 503
501 495
513 507
514 509
495 492
487 483
500 491
506 495
490 481
487 474
496 480
495 481
481 472
486 476
512 498
526 510
519 505
527 513
550 535
558 545
542 533
540 531
558 548
566 556
548 540
542 531
549 538
546 539
528 525
524 521
535 529
534 526
516 507
515 502
529 512
513 508
505 490
500 484
517 497
504 501
498 481
489 471
497 482
482 485
476 471
470 464
480 473
464 475
461 460
456 455
465 463
446 460
437 443
433 440
453 456
444 463
446 451
451 456
477 481
478 497
484 492
487 495
509 515
501 525
503 509
504 504
517 512
502 510
499 496
499 493
517 505
502 507
498 491
495 490
509 507
497 511
489 494
484 490
500 507
490 514
488 494
483 485
493 494
479 496
476 483
474 480
489 491
473 491
470 474
470 472
484 486
469 484
461 465
457 462
477 478
467 483
467 461
473 460
498 485
500 503
512 502
522 510
547 534
538 550
541 543
540 547
554 561
537 562
531 548
531 549
549 566
535 567
528 549
519 548
529 569
512 579
502 567
493 564
504 580
489 586
487 570
483 563
491 570
472 567
469 553
467 548
485 563
466 564
458 545
452 542
465 560
448 562
438 543
431 536
445 550
433 552
435 531
440 526
464 546
464 562
475 563
488 574
512 598
504 607
506 592
523 595
530 612
516 599
514 596
524 589
531 605
515 587
510 574
518 562
519 572
509 562
509 559
523 556
523 568
506 556
503 555
513 552
509 561
487 545
476 538
488 535
492 550
475 531
466 521
471 513
470 527
456 516
452 510
461 504
458 515
441 502
438 494
449 485
452 493
442 480
454 485
489 500
513 531
510 529
515 535
535 543
546 570
534 563
527 560
539 559
545 579
530 568
527 564
532 556
527 566
510 554
510 553
523 549
523 560
507 545
503 541
515 539
516 553
497 539
487 532
497 529
502 547
486 532
478 524
482 514
476 526
462 515
456 511
467 505
467 516
450 500
450 496
462 493
462 506
448 493
449 495
479 508
499 538
499 537
508 543
532 552
546 580
542 577
545 578
560 578
564 595
552 584
552 581
563 576
559 586
538 570
534 567
551 567
555 580
537 562
531 554
544 553
546 569
529 555
521 547
531 541
533 554
518 539
513 531
520 522
515 531
496 516
492 513
505 511
503 521
481 502
476 498
489 510
492 513
480 502
484 506
512 532
534 552
536 552
545 558
566 577
573 588
565 584
568 585
585 597
586 599
569 584
567 581
580 591
578 589
556 571
550 564
568 578
575 580
557 562
550 552
560 560
561 562
545 547
539 537
549 543
547 540
528 522
523 516
532 521
513 518
502 500
497 496
512 509
498 508
491 488
483 480
494 492
483 496
481 484
480 483
504 505
505 523
520 524
531 533
552 553
545 562
547 556
551 558
569 572
555 573
550 554
545 548
558 560
544 559
535 539
527 531
541 543
532 546
530 527
527 519
537 527
523 530
520 517
517 511
530 520
513 518
508 499
505 496
517 506
501 504
492 484
487 478
505 492
495 494
491 473
483 464
495 476
483 481
480 468
480 465
501 483
498 496
512 496
527 507
553 531
549 542
551 534
558 540
581 560
570 564
565 545
561 542
575 557
562 558
555 540
547 532
560 545
546 549
546 535
543 531
553 542
536 544
530 531
528 529
543 543
524 541
515 520
509 514
523 527
507 525
497 504
489 495
504 508
492 511
489 490
483 480
493 491
479 494
480 484
490 489
518 513
518 528
531 524
547 535
575 560
570 567
570 555
575 556
598 577
589 583
585 562
578 554
589 566
574 568
569 551
566 543
576 554
560 556
558 538
569 534
567 545
546 529
538 524
547 519
552 535
535 519
524 509
528 500
527 514
513 502
506 495
511 488
509 500
493 489
492 486
500 480
499 492
480 479
475 478
491 479
504 502
500 499
511 509
539 523
561 555
563 556
570 563
586 563
598 587
589 579
589 577
597 571
596 584
578 570
573 566
587 562
586 573
567 555
565 552
578 550
578 563
561 549
550 540
559 534
563 550
547 534
538 525
541 515
537 528
520 517
514 513
522 504
517 513
498 498
494 495
505 491
500 501
481 487
472 484
491 490
503 515
499 514
507 524
532 536
548 568
547 572
552 577
568 577
575 598
565 590
567 590
581 587
580 600
559 584
553 579
566 576
568 589
547 570
540 564
551 561
553 577
536 562
526 553
535 548
536 564
521 551
518 548
524 538
521 548
504 532
502 526
519 523
520 532
502 514
500 508
516 506
516 520
497 503
489 496
505 498
519 523
512 517
519 523
542 530
555 557
553 558
562 564
582 567
589 586
574 574
576 573
593 586
591 585
566 564
559 559
573 571
577 573
557 554
549 546
558 557
561 562
547 550
541 543
548 548
548 550
532 535
527 527
539 535
531 529
511 513
507 510
522 520
525 520
503 499
497 493
509 503
512 506
497 492
489 483
500 493
502 497
484 481
484 479
500 495
497 507
506 507
520 520
549 545
543 555
544 546
545 549
562 566
549 572
541 557
530 551
539 566
523 572
515 553
504 545
512 554
496 557
494 545
491 541
502 550
485 548
478 531
473 527
484 538
467 535
456 515
447 508
461 519
448 519
440 495
431 485
442 494
430 496
428 480
424 471
436 478
422 478
421 461
421 455
437 463
423 459
423 446
432 450
465 477
469 492
480 487
491 497
521 525
522 539
527 530
527 528
544 543
536 549
537 533
533 526
544 533
527 533
523 519
525 516
543 529
529 529
525 510
522 508
538 523
526 525
518 506
511 499
524 512
512 515
507 495
499 485
507 493
489 493
486 479
482 472
495 482
476 481
471 464
469 461
483 475
468 474
462 459
466 462
496 488
499 505
510 498
520 506
546 533
545 547
550 540
553 540
570 556
555 561
554 544
552 541
564 550
545 547
536 529
535 527
552 543
538 545
531 524
527 520
542 535
531 538
525 520
519 510
529 523
513 526
510 506
518 497
514 504
494 488
487 484
499 478
502 489
484 470
476 461
485 457
487 471
471 458
462 451
472 447
482 469
482 469
492 478
515 486
526 511
522 513
529 522
549 525
555 543
540 530
538 528
552 528
554 542
536 526
526 518
534 514
540 531
527 517
522 510
529 504
529 519
516 510
512 507
521 500
519 511
500 496
496 492
505 488
501 498
479 481
470 476
481 472
485 486
467 468
457 459
463 454
463 468
447 456
441 449
451 442
457 461
451 457
462 466
487 475
499 500
494 499
501 509
527 517
537 537
524 525
522 523
538 522
542 539
529 526
521 517
532 512
536 528
523 514
522 509
530 503
530 518
515 509
513 509
528 506
527 519
505 503
499 498
513 495
514 507
494 489
484 479
497 468
509 488
495 474
488 467
492 462
489 478
473 468
470 466
483 464
488 483
479 479
491 489
518 502
532 529
525 526
532 534
558 545
569 567
557 555
552 551
565 551
568 568
554 555
548 547
558 542
558 556
544 551
534 552
541 561
535 559
515 543
511 537
527 546
529 541
508 518
500 508
512 518
512 518
493 501
482 490
491 497
493 498
476 482
471 475
479 481
475 482
458 471
458 470
478 486
490 496
481 491
491 502
522 531
539 547
537 545
540 550
561 570
573 580
560 568
556 560
568 570
555 572
554 561
551 554
564 562
549 561
545 546
545 547
560 565
544 565
534 548
529 543
543 556
530 556
523 533
514 523
525 532
511 534
506 518
497 508
506 517
488 518
485 503
480 497
491 506
472 504
466 490
467 492
493 514
494 527
500 519
511 530
539 558
540 573
544 565
547 564
566 581
557 588
558 574
555 568
566 577
550 576
544 561
542 555
558 566
541 560
538 539
537 535
554 549
542 549
533 530
524 523
536 537
522 540
517 519
508 508
515 515
498 515
494 500
490 492
502 501
484 498
478 478
476 473
489 483
472 480
461 462
458 457
483 478
481 491
488 485
497 496
525 528
528 547
538 545
546 549
567 567
558 574
561 560
565 558
580 572
563 572
554 557
554 555
570 571
555 577
544 560
536 555
551 573
539 581
530 564
523 555
534 565
520 567
516 546
512 537
520 543
502 540
495 523
494 519
508 530
489 527
481 505
476 502
492 517
477 515
469 495
464 487
479 501
467 504
464 483
476 480
484 499
483 501
497 514
525 524
542 548
538 545
545 550
566 556
575 575
563 565
557 562
570 560
576 578
562 565
555 557
562 553
558 569
543 559
539 556
549 547
549 558
533 543
530 539
541 533
539 542
519 525
508 518
520 513
522 525
503 505
494 495
499 487
499 501
484 488
477 481
483 473
482 486
468 473
464 468
473 461
469 472
452 459
447 458
464 460
474 482
469 477
479 486
509 499
529 530
530 530
536 533
555 535
564 559
555 550
554 548
565 544
563 558
546 547
541 545
553 542
551 555
533 540
528 537
542 537
544 552
527 538
518 531
529 529
532 546
514 530
505 521
512 513
509 526
492 513
486 507
496 499
494 509
475 493
471 489
483 484
482 494
464 477
456 471
471 470
475 484
457 466
450 457
463 455
471 478
470 477
481 485
509 496
529 527
529 529
540 536
563 541
569 558
558 549
558 550
576 552
579 566
559 547
552 541
563 538
564 554
547 538
539 530
550 527
553 543
537 530
532 523
541 529
536 528
517 513
512 508
525 517
522 513
500 493
493 487
505 498
504 498
484 479
475 470
487 481
493 484
473 468
465 461
473 470
471 472
456 461
452 456
464 464
465 463
449 450
455 455
482 478
497 493
495 494
507 506
538 536
556 552
546 544
544 542
559 558
551 567
550 556
545 551
557 560
541 561
540 548
534 541
545 549
530 547
526 532
524 531
540 544
527 543
520 521
513 513
524 523
511 524
504 506
494 494
504 503
489 505
486 486
478 477
486 483
469 482
463 468
459 464
473 475
455 473
448 453
444 449
458 463
444 463
436 446
432 441
453 462
453 477
467 475
479 484
509 512
512 531
524 533
533 539
555 558
544 563
545 550
547 551
562 563
549 562
541 543
536 536
552 551
541 553
537 534
532 528
546 542
536 546
533 533
531 527
541 535
524 535
521 517
516 510
526 519
507 515
498 497
494 492
510 504
494 501
486 478
478 471
492 484
480 485
473 466
466 457
478 469
467 475
470 462
477 465
502 487
504 504
519 506
536 519
566 545
560 555
562 543
565 546
584 565
573 568
566 550
561 545
574 559
559 562
554 540
547 531
556 543
541 546
537 534
535 530
546 541
527 542
521 523
517 520
528 531
510 528
498 506
493 500
506 515
490 516
481 491
486 482
486 497
468 484
462 480
469 471
468 482
450 468
449 468
466 470
476 490
474 490
485 502
516 517
538 548
536 545
539 547
556 549
563 570
553 562
549 558
559 552
559 565
543 551
540 545
548 537
546 547
529 533
525 532
539 529
542 543
522 526
515 520
525 516
526 530
509 515
499 505
505 497
505 510
488 496
482 488
487 479
484 490
467 477
462 474
474 469
474 479
454 462
449 457
463 457
469 475
463 469
469 476
499 490
523 525
525 527
534 534
555 540
563 564
555 559
555 560
568 557
568 570
550 556
546 553
557 550
556 561
537 547
531 543
546 545
551 563
534 547
527 539
538 537
540 553
525 540
518 532
526 525
525 537
507 523
502 516
511 509
507 519
488 504
482 499
496 497
496 509
476 489
468 482
480 479
486 497
478 490
482 493
510 505
533 539
536 542
548 550
571 556
579 578
571 572
575 575
594 574
597 586
580 568
576 562
591 558
592 569
574 551
563 541
578 538
586 553
573 535
568 526
578 532
577 534
561 521
555 517
563 526
558 525
535 509
527 505
536 515
532 513
510 495
501 490
513 503
516 505
494 486
483 477
493 487
494 490
481 479
480 477
502 496
519 512
519 515
535 528
563 551
576 560
568 555
573 558
594 576
601 580
581 563
576 558
588 571
578 574
571 557
562 548
573 558
561 563
559 549
556 543
567 551
552 551
546 537
542 534
554 544
536 542
527 521
519 515
530 527
515 528
504 510
495 502
506 514
493 517
490 500
481 490
490 498
476 501
472 488
469 482
482 492
470 494
476 485
488 494
520 522
525 536
536 534
547 543
575 569
573 579
575 566
574 563
590 579
580 584
578 570
574 562
586 570
569 570
568 553
566 548
580 557
565 555
558 539
556 535
573 548
557 546
549 524
540 515
551 526
538 527
529 508
520 497
529 508
513 510
510 492
504 484
512 493
493 493
486 480
484 477
498 490
481 489
472 468
466 466
482 482
470 486
472 476
480 483
512 514
517 535
532 532
541 539
563 561
558 572
561 565
565 566
583 581
568 580
565 562
565 558
579 569
564 565
556 544
553 539
572 553
562 555
557 532
549 523
561 537
547 539
543 521
541 511
550 518
532 519
527 499
524 492
535 499
516 494
506 474
505 471
522 487
502 485
492 464
500 460
501 476
485 465
478 460
484 453
487 470
469 458
467 457
481 456
487 474
483 473
495 487
527 505
547 537
544 537
550 545
570 553
580 577
571 572
568 569
579 567
583 585
568 573
564 568
572 560
571 573
555 562
553 561
566 559
568 571
551 555
547 550
560 547
560 560
543 543
532 533
540 528
541 543
523 527
515 518
520 508
517 520
501 508
496 503
505 496
503 507
483 493
479 491
490 487
488 499
468 485
462 482
481 488
496 515
494 514
504 524
533 536
551 569
551 571
557 575
575 578
582 598
571 590
572 590
585 587
583 598
566 583
559 578
573 576
575 588
554 570
548 563
559 561
562 577
546 563
537 554
547 548
548 563
531 547
524 539
531 530
526 540
508 525
502 521
514 517
512 527
490 507
484 502
497 499
498 512
480 496
472 486
484 483
489 500
472 484
465 476
475 470
480 489
476 487
486 496
517 508
534 536
534 536
546 547
572 555
580 575
567 563
565 562
585 567
591 584
573 567
566 559
576 567
577 570
562 557
556 551
566 558
569 561
553 549
551 545
562 553
558 550
540 533
533 527
547 538
547 536
524 513
515 504
527 514
527 515
510 498
501 488
511 496
513 499
496 484
491 477
500 483
498 483
480 470
477 466
491 477
491 475
470 457
468 455
490 474
491 488
501 486
511 497
542 528
547 548
557 544
560 546
576 562
567 569
567 561
565 559
578 571
561 570
555 552
551 550
565 562
551 562
544 546
539 543
555 559
544 563
540 544
531 535
541 545
528 547
523 531
516 523
524 529
507 528
502 509
498 504
508 511
491 508
482 491
479 487
493 500
478 499
470 478
463 470
475 481
464 483
458 465
450 456
464 468
456 476
466 470
478 478
507 502
509 517
520 518
531 525
555 546
545 551
542 535
540 532
555 547
541 547
532 527
524 518
536 530
522 534
518 517
513 510
524 520
511 523
508 512
507 508
521 519
503 517
498 499
494 496
507 508
490 505
481 485
475 479
491 494
478 496
472 475
465 468
477 481
464 484
460 470
457 464
468 474
452 477
450 460
451 459
472 477
467 485
476 484
493 498
528 531
528 547
534 536
538 539
559 560
550 567
548 552
544 545
555 556
539 560
535 540
531 534
542 544
526 545
522 531
524 530
541 545
524 545
518 523
528 519
530 532
516 519
506 511
513 503
514 518
500 505
496 500
504 491
503 502
487 490
484 488
496 483
497 495
479 479
474 474
488 473
494 491
488 485
494 491
520 501
542 534
542 535
550 540
567 543
573 562
563 556
562 556
574 552
573 564
554 549
550 546
560 541
560 552
542 536
537 531
551 530
557 547
542 532
534 523
542 519
542 534
526 522
518 514
524 506
521 518
502 503
497 498
505 490
501 499
482 484
473 479
485 476
487 489
466 471
457 462
467 459
470 477
460 468
464 471
484 477
501 507
501 508
512 515
534 519
541 539
531 533
534 535
551 536
556 552
535 534
528 529
542 527
544 544
527 529
519 523
533 522
538 541
524 529
519 523
528 517
527 532
512 519
507 513
518 507
515 517
494 499
488 494
499 490
497 502
476 485
468 478
481 477
483 493
465 476
456 466
464 461
466 477
454 468
453 465
473 469
485 494
481 492
492 501
515 508
521 527
511 518
512 520
532 523
538 538
520 520
513 513
526 524
528 527
513 512
506 504
519 514
524 518
509 504
508 498
522 504
525 501
514 485
516 477
535 482
538 473
521 448
520 437
536 444
539 436
525 412
521 399
537 406
547 412
529 395
522 381
532 387
530 388
515 376
512 369
527 374
529 371
518 361
528 371
551 396
545 409
544 406
547 414
569 439
562 451
560 438
553 433
562 447
548 454
543 444
536 439
545 449
527 452
523 439
521 438
531 449
511 448
501 434
496 433
510 448
494 449
483 427
472 418
480 429
463 429
453 410
441 399
449 407
433 408
431 392
427 385
434 392
416 390
411 377
411 376
428 389
413 388
409 371
408 371
428 392
423 403
427 397
434 404
461 432
462 450
471 444
472 444
487 460
477 468
478 459
482 459
499 471
485 471
484 455
486 453
503 467
491 468
486 453
487 452
508 473
497 479
496 462
489 457
500 470
487 475
484 462
481 458
492 468
478 468
477 451
477 448
489 458
472 455
465 439
464 438
482 453
469 454
462 432
457 427
472 444
465 452
467 444
472 447
496 470
494 485
503 477
507 478
522 494
509 498
507 488
511 490
530 506
515 507
510 487
507 484
523 501
510 505
503 488
500 485
517 501
507 509
506 490
501 484
510 495
495 497
492 483
492 480
505 492
487 492
482 472
493 469
492 481
475 466
466 459
477 455
484 472
470 460
465 453
470 446
467 458
452 448
450 447
462 443
466 457
457 451
465 459
489 466
500 487
490 482
492 485
512 491
523 513
513 503
509 500
520 497
523 516
511 507
507 502
518 497
521 511
509 499
512 499
524 495
523 508
505 497
502 497
519 499
523 514
503 497
497 488
508 483
511 497
497 484
491 476
502 471
507 488
496 478
494 475
503 472
501 488
483 480
481 483
495 483
495 496
477 480
475 478
491 481
499 501
488 496
489 499
510 508
524 536
517 531
517 532
526 530
528 548
517 541
517 540
532 538
535 552
519 540
519 540
532 541
531 556
512 543
507 540
524 543
531 561
515 546
509 538
519 533
520 548
506 535
502 528
512 521
513 533
499 518
498 514
509 508
505 518
486 502
484 499
500 499
503 512
484 492
479 485
491 483
493 500
477 486
474 481
491 483
503 507
498 502
504 506
522 508
527 528
516 522
521 523
541 523
546 536
533 519
533 517
550 530
552 531
534 515
528 509
544 522
551 527
536 513
531 505
539 512
538 516
523 506
520 503
533 513
533 513
514 498
513 499
522 507
518 506
496 487
492 483
509 496
513 499
493 479
486 469
495 478
495 481
478 467
474 460
485 468
487 471
470 456
468 453
478 463
460 462
452 447
449 445
466 458
455 460
454 443
456 445
478 467
479 482
486 479
491 483
514 504
511 517
518 509
521 510
535 524
523 529
521 519
525 520
544 533
531 534
528 516
526 513
544 529
533 531
527 516
523 511
540 525
532 531
532 514
527 505
536 513
522 515
519 502
517 497
531 508
515 507
512 489
512 486
526 498
510 497
501 480
498 476
517 492
504 496
500 475
493 467
503 477
491 481
487 466
483 461
494 471
480 474
480 461
485 464
506 484
499 494
503 490
512 500
539 525
533 532
537 520
535 518
554 538
546 546
543 531
542 528
557 542
547 549
548 533
546 528
556 539
541 539
538 526
541 526
558 541
543 542
537 523
533 520
545 533
529 535
518 515
513 510
527 525
515 533
511 515
504 510
508 518
493 521
486 506
485 502
498 515
479 515
475 497
472 493
485 506
467 502
457 482
456 478
475 496
464 499
461 479
463 479
483 502
482 519
489 516
499 524
520 544
514 556
520 546
541 551
546 568
531 557
529 557
547 559
556 579
543 566
539 560
546 554
547 565
538 550
537 547
551 545
551 561
534 549
533 544
543 536
538 539
520 521
517 518
531 517
533 534
511 520
502 518
506 517
506 537
487 527
475 521
481 517
483 533
470 522
463 514
467 506
461 515
443 502
437 497
449 490
448 499
432 483
429 480
444 481
454 501
449 498
454 501
482 513
498 540
494 534
498 535
516 538
518 556
509 550
511 552
526 549
530 562
517 550
519 547
533 544
534 559
516 544
514 542
530 543
538 558
520 537
520 532
529 529
529 546
512 532
507 529
514 523
513 538
494 522
490 514
500 507
498 519
477 502
474 502
488 500
490 512
471 492
467 487
479 486
476 499
458 483
449 473
463 470
469 488
462 479
470 481
492 487
505 514
503 514
514 524
539 531
549 552
536 542
539 545
560 549
567 565
552 548
549 543
567 547
572 576
548 563
535 553
545 550
542 562
527 549
526 544
542 539
544 548
526 528
526 523
538 531
536 528
514 510
508 507
520 517
525 520
505 498
497 488
508 497
508 500
491 484
487 480
495 486
496 488
479 474
479 474
487 480
482 477
464 462
463 460
486 479
499 491
491 486
499 494
528 525
540 542
531 541
532 546
555 570
561 579
548 568
547 568
558 578
543 581
538 570
535 567
551 580
536 578
533 560
532 559
548 573
536 576
531 562
526 559
543 579
525 581
524 565
518 550
531 551
523 547
522 524
524 514
535 514
521 510
517 492
514 488
525 497
506 494
496 476
489 470
506 485
493 489
486 468
477 452
490 458
481 460
478 441
476 434
490 447
481 459
488 456
497 467
522 494
517 509
521 509
528 519
555 544
547 552
545 539
544 540
558 557
546 563
539 550
530 543
543 558
526 561
525 545
521 539
532 552
515 558
506 544
505 544
522 557
503 552
498 535
494 537
499 547
484 545
474 522
467 511
482 522
472 523
471 502
469 495
475 502
459 506
455 496
447 491
459 505
438 505
434 491
431 493
443 509
427 511
429 504
436 509
476 538
486 553
500 542
512 546
537 567
535 578
541 567
546 566
563 576
555 583
556 565
555 560
568 570
552 568
547 551
545 546
564 561
549 559
547 533
544 526
563 542
548 541
542 521
538 516
549 529
535 538
528 520
536 515
527 522
508 510
496 504
507 499
510 511
491 493
483 487
490 484
487 494
473 485
463 481
473 481
483 504
477 501
486 512
506 526
518 557
512 560
523 572
544 575
553 595
543 587
541 585
558 587
561 602
544 586
536 580
548 578
552 593
541 577
537 564
550 550
557 565
546 556
544 552
556 555
548 565
529 548
526 544
536 537
531 545
511 528
502 520
517 516
521 526
506 507
498 495
506 490
505 504
489 490
484 484
490 476
492 491
478 477
481 476
499 477
508 493
510 497
521 511
550 526
566 552
561 552
559 559
573 564
578 585
566 572
561 565
574 562
580 582
568 581
557 575
560 564
559 575
543 559
541 555
558 548
562 558
546 538
545 532
558 527
558 535
540 507
537 500
550 496
554 511
535 494
527 484
533 479
528 495
511 484
504 480
514 475
513 488
495 474
492 472
505 472
506 487
495 480
502 490
535 506
557 539
557 542
560 554
580 566
589 594
580 588
580 586
596 584
602 601
589 589
589 584
600 591
597 591
578 579
574 578
590 591
594 592
573 574
567 570
582 582
583 583
565 566
555 555
564 563
564 566
543 550
534 541
540 548
535 548
513 532
507 527
521 534
522 529
499 507
494 502
509 515
516 520
509 509
517 515
547 544
569 565
566 563
571 570
591 596
583 609
586 605
589 607
606 622
594 625
593 612
593 612
608 625
594 625
587 609
582 607
602 624
592 627
589 608
581 601
592 612
580 615
576 598
569 587
578 593
563 591
560 571
554 552
573 554
557 553
547 539
541 537
555 550
538 549
529 526
521 520
533 533
521 533
522 522
525 523
552 547
557 564
573 559
584 563
607 579
601 586
605 579
611 581
631 600
613 601
606 583
603 578
618 592
606 594
596 591
578 588
587 603
573 606
568 584
561 575
570 583
556 583
552 567
549 558
562 564
544 560
542 538
540 530
554 538
539 532
530 509
525 502
545 516
533 516
528 492
523 482
535 493
522 494
518 477
515 471
530 486
522 498
533 493
545 502
573 525
573 539
580 536
591 544
615 563
607 565
607 547
605 546
621 565
608 570
599 555
589 548
600 560
591 572
585 556
579 553
587 566
567 569
560 557
557 555
570 568
549 570
539 549
536 548
546 555
530 552
522 533
515 529
527 544
512 546
508 522
514 509
513 517
500 505
499 501
513 494
515 502
499 485
498 480
515 479
526 497
522 494
530 500
558 510
581 539
581 535
586 534
599 531
604 547
594 539
594 536
605 530
601 546
580 534
574 532
581 527
577 539
558 525
551 521
562 517
568 536
547 522
536 517
540 514
536 530
518 519
507 512
511 505
510 520
496 507
495 504
501 494
495 502
475 491
467 488
476 486
476 499
457 481
451 474
461 469
464 482
449 462
448 460
462 461
471 485
469 483
482 495
510 511
523 545
522 549
535 561
558 573
557 592
534 575
529 570
542 565
540 573
521 553
510 543
522 537
528 551
514 534
510 524
520 518
521 534
507 524
501 519
511 513
510 522
492 503
491 495
503 491
500 504
478 491
468 488
480 488
480 503
459 487
449 480
458 477
458 493
442 479
435 470
446 465
449 479
433 465
431 461
446 461
453 481
449 480
461 491
493 505
512 532
506 526
512 529
531 536
538 559
524 549
518 545
531 546
534 563
517 549
511 545
519 552
517 554
501 543
499 541
515 552
516 553
498 534
494 529
508 540
507 539
487 521
478 514
491 524
496 525
477 507
470 497
479 503
477 504
462 490
457 484
469 492
470 492
451 476
448 472
461 482
459 481
439 467
436 465
459 485
476 498
472 493
481 500
510 526
515 541
524 538
527 539
546 555
537 562
539 551
538 549
551 560
536 559
529 543
527 539
543 551
530 551
525 532
520 526
533 540
522 543
516 528
507 521
517 533
503 536
500 520
494 511
501 518
485 518
478 503
474 499
489 510
473 509
468 490
466 484
485 496
475 494
472 475
469 467
487 480
479 484
480 466
478 460
497 477
495 490
507 491
522 502
553 529
552 544
561 539
568 545
588 565
579 570
574 557
574 556
593 573
583 576
577 555
570 548
581 561
568 564
565 550
562 545
575 557
560 559
559 544
555 539
565 548
545 545
535 529
529 526
542 540
523 539
511 516
500 506
510 518
496 518
488 498
480 488
491 498
476 501
474 481
469 474
479 482
463 483
462 472
471 476
499 499
499 510
510 501
524 511
553 536
549 545
551 534
553 534
575 555
566 564
567 548
562 543
574 558
558 561
554 549
554 547
566 559
549 562
545 544
544 542
559 556
544 552
534 531
531 526
547 541
533 542
526 518
530 508
528 520
514 509
511 503
521 495
522 505
506 493
504 490
514 487
511 500
492 487
483 484
495 485
501 501
490 490
492 491
513 499
530 529
534 535
543 544
564 549
574 573
567 569
572 573
586 573
587 588
572 578
568 579
584 579
587 594
567 576
559 570
570 569
573 586
559 575
551 569
558 564
561 580
546 567
542 561
551 554
544 563
526 548
521 544
532 539
531 549
510 532
504 526
516 522
516 535
500 520
488 509
498 506
502 523
488 509
480 500
487 492
488 507
479 501
486 505
512 511
526 536
526 536
538 546
562 553
571 573
560 564
559 564
577 567
586 586
572 571
568 564
579 558
581 572
566 558
561 549
570 543
570 557
554 544
551 539
560 533
555 544
534 529
526 524
537 521
536 532
512 511
502 503
511 498
510 510
491 492
481 482
490 476
491 489
474 474
468 466
476 458
473 469
456 456
452 451
466 447
468 458
449 440
446 435
461 436
463 451
448 436
445 433
467 441
487 470
489 470
501 480
529 504
545 522
544 523
551 530
571 545
574 550
557 538
557 537
573 548
573 545
553 528
545 523
561 537
566 541
547 524
541 517
552 529
553 534
536 522
529 516
537 525
534 526
514 513
510 507
520 514
514 507
495 491
490 489
506 505
507 507
483 490
473 487
484 500
474 506
471 492
466 486
477 500
464 506
462 491
459 484
468 491
454 489
453 478
459 480
485 500
484 510
493 504
503 513
531 538
529 548
529 536
526 534
543 550
535 557
532 540
525 530
533 536
518 534
514 518
511 511
522 519
504 518
500 500
499 495
512 504
497 499
487 478
482 471
498 486
484 487
476 467
466 458
472 467
456 467
451 450
445 438
456 447
444 451
440 435
435 431
446 441
429 441
418 425
416 423
434 436
421 434
416 412
414 406
433 424
433 436
443 430
451 434
479 458
480 474
489 467
494 468
511 482
498 483
491 462
501 462
519 481
499 486
488 472
482 476
494 496
480 500
469 481
464 477
481 495
470 499
470 478
471 472
478 482
465 485
459 469
458 463
472 471
456 472
450 452
448 449
458 450
450 451
441 435
436 433
453 454
439 460
433 441
424 436
436 453
424 459
423 449
427 449
449 472
448 488
458 481
469 489
495 511
484 517
484 508
492 513
513 532
504 539
497 518
507 516
511 532
497 522
493 517
504 511
507 527
495 517
496 520
510 527
501 539
481 527
475 525
490 522
495 533
477 513
472 504
485 497
491 511
479 498
475 493
483 487
485 501
472 489
468 482
475 474
471 487
456 478
452 477
469 475
481 494
472 484
483 491
511 501
526 525
522 520
526 523
543 525
556 548
547 536
544 531
554 528
556 547
541 539
539 541
547 538
547 557
530 548
528 551
544 551
541 560
525 545
520 541
535 538
542 554
524 535
517 525
527 519
529 535
515 524
508 518
519 514
518 527
504 515
501 507
513 499
511 509
496 497
490 496
510 498
513 512
501 500
505 502
531 513
544 539
545 540
544 539
563 543
575 567
566 557
568 557
580 553
580 569
567 560
562 557
579 555
578 563
561 546
560 542
577 542
581 558
565 544
559 539
573 540
579 558
563 542
560 534
570 527
568 538
551 525
546 519
558 514
555 525
536 509
531 505
543 502
541 514
520 497
512 491
530 494
539 513
528 502
531 503
551 523
561 537
556 535
558 535
574 548
579 554
566 543
569 544
581 552
581 554
559 539
555 536
572 550
575 550
556 532
550 525
563 536
566 539
546 514
550 510
560 520
562 526
547 516
537 507
546 518
537 515
516 502
513 502
522 510
519 510
496 496
487 490
499 504
486 507
479 493
469 486
488 506
483 515
491 507
496 508
515 524
510 533
514 524
517 524
538 536
526 538
526 525
526 523
541 535
529 535
523 520
515 514
533 530
525 534
520 515
517 508
531 519
522 523
517 506
513 500
525 511
510 512
507 498
503 494
514 503
497 501
488 485
484 481
503 497
490 499
480 478
472 473
483 486
472 491
467 477
467 475
484 490
480 503
489 496
496 498
514 515
503 518
505 509
507 506
529 521
518 524
519 510
515 505
531 521
519 524
511 507
505 502
519 517
509 526
503 515
495 509
504 520
490 520
488 505
488 499
502 506
487 504
483 485
481 481
494 494
479 495
469 479
464 475
481 492
467 493
464 473
456 462
467 476
454 481
452 468
454 467
474 486
467 498
473 489
478 493
496 510
484 516
479 504
482 505
504 523
492 527
489 507
486 502
501 518
489 521
486 504
482 496
497 509
487 514
488 492
490 487
503 498
487 500
481 488
480 487
495 501
481 503
472 478
482 473
487 489
473 476
464 466
472 458
476 474
464 462
462 455
472 444
473 455
462 445
457 441
471 438
474 454
459 446
459 453
477 463
485 486
476 480
474 480
493 479